# itime ezz other fcc hcp bcc ico
0.000000000000000000e+00 0.000000000000000000e+00 1.365498406918525280e-03 9.986345015930814251e-01 0.000000000000000000e+00 0.000000000000000000e+00 0.000000000000000000e+00
2.500000000000000000e+02 1.000001667268191063e-02 1.024123805188893906e-03 9.989758761948110966e-01 0.000000000000000000e+00 0.000000000000000000e+00 0.000000000000000000e+00
5.000000000000000000e+02 2.000003334536404331e-02 1.593081474738279385e-03 9.984069185252617551e-01 0.000000000000000000e+00 0.000000000000000000e+00 0.000000000000000000e+00
7.500000000000000000e+02 3.000005001804595395e-02 3.982703686845699004e-03 9.959035047792443862e-01 0.000000000000000000e+00 1.137915339098771066e-04 0.000000000000000000e+00
1.000000000000000000e+03 4.000006669072786458e-02 8.420573509330906217e-03 9.912380518889394310e-01 0.000000000000000000e+00 3.413746017296313199e-04 0.000000000000000000e+00
1.250000000000000000e+03 5.000008336340977522e-02 1.649977241693217911e-02 9.829312699135184239e-01 0.000000000000000000e+00 5.689576695493854790e-04 0.000000000000000000e+00
1.500000000000000000e+03 6.000010003609190790e-02 2.548930359581247015e-02 9.737141556668184039e-01 0.000000000000000000e+00 7.965407373691396923e-04 0.000000000000000000e+00
1.750000000000000000e+03 7.000011670877381853e-02 4.517523896222121194e-02 9.526627218934911046e-01 0.000000000000000000e+00 2.162039144287664864e-03 0.000000000000000000e+00
2.000000000000000000e+03 8.000013338145572916e-02 9.035047792444242387e-02 9.021392808375057193e-01 0.000000000000000000e+00 7.510241238051888930e-03 0.000000000000000000e+00
2.250000000000000000e+03 9.000015005413786184e-02 1.829767865270823801e-01 7.936959490213928436e-01 0.000000000000000000e+00 2.332726445152480746e-02 0.000000000000000000e+00
2.500000000000000000e+03 1.000001667268197725e-01 3.478607191624943362e-01 4.745106964041875264e-01 5.803368229403732710e-03 1.718252162039144160e-01 0.000000000000000000e+00
2.750000000000000000e+03 1.100001833995016831e-01 4.020254893035958288e-01 2.685480200273099860e-01 4.403732362312243881e-02 2.853891670459717811e-01 0.000000000000000000e+00
3.000000000000000000e+03 1.200002000721838158e-01 4.292216659080564378e-01 1.904870277651342647e-01 7.510241238051888757e-02 3.051888939462903960e-01 0.000000000000000000e+00
3.250000000000000000e+03 1.300002167448657264e-01 4.532316795630405015e-01 1.267637687756031084e-01 9.421939007737824279e-02 3.257851615839781334e-01 0.000000000000000000e+00
3.500000000000000000e+03 1.400002334175476371e-01 5.020482476103778069e-01 9.638142922166591242e-02 1.318843878015475701e-01 2.696859353664087244e-01 0.000000000000000000e+00
3.750000000000000000e+03 1.500002500902295477e-01 5.260582612653618151e-01 7.305416477014110843e-02 1.573736913973600438e-01 2.435138825671370189e-01 0.000000000000000000e+00
4.000000000000000000e+03 1.600002667629116804e-01 5.431269913518433912e-01 7.441966317705962786e-02 1.863905325443787064e-01 1.960628129267182607e-01 0.000000000000000000e+00
4.250000000000000000e+03 1.700002834355935910e-01 5.617888029130633232e-01 7.339553937187073829e-02 2.113108784706417831e-01 1.535047792444242110e-01 0.000000000000000000e+00
4.500000000000000000e+03 1.800003001082755016e-01 5.797678652708238012e-01 8.010923987255348655e-02 2.183659535730541612e-01 1.217569412835685094e-01 0.000000000000000000e+00
4.750000000000000000e+03 1.900003167809576343e-01 5.690714610832954268e-01 8.454710969503868856e-02 2.469276285844333174e-01 9.934000910332271839e-02 1.137915339098771066e-04
5.000000000000000000e+03 2.000003334536395450e-01 5.828402366863905115e-01 8.192990441511151245e-02 2.501137915339098905e-01 8.511606736458807165e-02 0.000000000000000000e+00
5.250000000000000000e+03 2.100003501263214556e-01 5.934228493400091065e-01 7.521620391442876419e-02 2.642239417387346467e-01 6.713700500682749650e-02 0.000000000000000000e+00
5.500000000000000000e+03 2.200003667990035883e-01 6.043468365953572619e-01 7.339553937187073829e-02 2.682066454255803145e-01 5.393718707328174627e-02 1.137915339098771066e-04
5.750000000000000000e+03 2.300003834716854989e-01 6.114019116977696955e-01 6.827492034592626269e-02 2.717341829767865313e-01 4.847519344560764776e-02 1.137915339098771066e-04
6.000000000000000000e+03 2.400004001443674095e-01 6.060537096040055083e-01 6.850250341374601593e-02 2.833409194355939742e-01 4.198907601274465273e-02 1.137915339098771066e-04
6.250000000000000000e+03 2.500004168170493202e-01 6.211879836140191680e-01 6.668183887118799003e-02 2.777651342740100060e-01 3.436504324078288458e-02 0.000000000000000000e+00
6.500000000000000000e+03 2.600004334897314529e-01 6.355257168866635942e-01 5.757851615839781195e-02 2.753755120619025831e-01 3.140646335912607862e-02 1.137915339098771066e-04
6.750000000000000000e+03 2.700004501624133635e-01 6.319981793354574329e-01 6.121984524351388457e-02 2.814064633591260578e-01 2.492034592626308706e-02 4.551661356395084266e-04
7.000000000000000000e+03 2.800004668350952741e-01 6.446290395994538347e-01 5.791989076012744875e-02 2.657032316795630567e-01 3.163404642694583185e-02 1.137915339098771066e-04
7.250000000000000000e+03 2.900004835077774068e-01 6.594219390077378229e-01 5.370960400546199304e-02 2.655894401456531662e-01 2.127901684114701791e-02 0.000000000000000000e+00
7.500000000000000000e+03 3.000005001804593174e-01 6.622667273554847522e-01 5.473372781065088954e-02 2.636549840691852498e-01 1.923076923076923184e-02 1.137915339098771066e-04
7.750000000000000000e+03 3.100005168531412281e-01 6.664770141101502565e-01 5.075102412380518707e-02 2.641101502048247562e-01 1.854802002730996865e-02 1.137915339098771066e-04
8.000000000000000000e+03 3.200005335258231387e-01 6.703459262630859783e-01 5.325443786982248656e-02 2.595584888484296915e-01 1.672735548475193582e-02 1.137915339098771066e-04
8.250000000000000000e+03 3.300005501985052714e-01 6.849112426035502965e-01 4.745106964041875125e-02 2.463586709148839204e-01 2.116522530723714129e-02 1.137915339098771066e-04
8.500000000000000000e+03 3.400005668711871820e-01 7.030040964952207760e-01 5.006827492034592736e-02 2.322485207100591642e-01 1.456531634046426965e-02 1.137915339098771066e-04
8.750000000000000000e+03 3.500005835438690927e-01 7.080109239872554028e-01 4.972690031861629750e-02 2.240555302685480199e-01 1.797906235776058209e-02 2.275830678197542133e-04
9.000000000000000000e+03 3.600006002165512253e-01 7.099453800637232082e-01 4.938552571688666071e-02 2.246244879380974169e-01 1.581702321347291593e-02 2.275830678197542133e-04
9.250000000000000000e+03 3.700006168892329139e-01 7.143832498862084934e-01 4.836140191169777114e-02 2.236003641329085134e-01 1.342740100136549826e-02 2.275830678197542133e-04
9.500000000000000000e+03 3.800006335619150466e-01 7.315657715065999600e-01 4.289940828402366568e-02 2.127901684114701930e-01 1.240327719617660522e-02 3.413746017296313199e-04
9.750000000000000000e+03 3.900006502345969572e-01 7.349795175238962308e-01 4.346836595357305572e-02 2.102867546654528796e-01 1.092398725534820224e-02 3.413746017296313199e-04
1.000000000000000000e+04 4.000006669072788679e-01 7.426035502958580059e-01 4.142011834319526964e-02 2.025489303595812418e-01 1.319981793354574502e-02 2.275830678197542133e-04
1.025000000000000000e+04 4.100006835799607785e-01 7.481793354574419741e-01 4.164770141101502288e-02 1.962903959945380139e-01 1.365498406918525323e-02 2.275830678197542133e-04
1.050000000000000000e+04 4.200007002526429112e-01 7.601274465179790329e-01 4.233045061447428259e-02 1.770596267637687682e-01 2.036868456986800149e-02 1.137915339098771066e-04
1.075000000000000000e+04 4.300007169253248218e-01 7.713928083750568598e-01 4.301319981793354230e-02 1.664770141101502010e-01 1.911697769685935522e-02 0.000000000000000000e+00
1.100000000000000000e+04 4.400007335980067324e-01 7.976786527082384559e-01 3.846153846153846367e-02 1.458807464724624359e-01 1.763768775603095224e-02 3.413746017296313199e-04
1.125000000000000000e+04 4.500007502706888651e-01 8.026854802002730827e-01 3.561675011379153433e-02 1.456531634046426826e-01 1.570323167956303931e-02 3.413746017296313199e-04
1.150000000000000000e+04 4.600007669433707758e-01 8.174783796085570708e-01 3.163404642694583185e-02 1.358670914883932657e-01 1.479289940828402289e-02 2.275830678197542133e-04
1.175000000000000000e+04 4.700007836160526864e-01 8.332954028220300735e-01 3.117888029130632538e-02 1.216431497496586189e-01 1.365498406918525323e-02 2.275830678197542133e-04
1.200000000000000000e+04 4.800008002887348191e-01 8.431952662721893255e-01 2.969959035047792587e-02 1.128812016385980915e-01 1.354119253527537488e-02 6.827492034592626399e-04
1.225000000000000000e+04 4.900008169614167297e-01 8.500227583067819781e-01 3.322712790168411146e-02 1.058261265361857134e-01 1.058261265361857065e-02 3.413746017296313199e-04
1.250000000000000000e+04 5.000008336340986403e-01 8.509330905780609910e-01 3.129267182521620200e-02 1.086709148839326289e-01 8.648156577150659455e-03 4.551661356395084266e-04
1.275000000000000000e+04 5.100008503067805510e-01 8.703914428766499345e-01 2.560309512972235024e-02 9.456076467910787264e-02 9.103322712790167665e-03 3.413746017296313199e-04
1.300000000000000000e+04 5.200008669794626837e-01 8.664087391898043222e-01 2.719617660446062984e-02 9.558488848429676221e-02 1.012744651797906244e-02 6.827492034592626399e-04
1.325000000000000000e+04 5.300008836521445943e-01 8.837050523441055683e-01 2.560309512972235024e-02 8.136094674556212936e-02 8.761948111060537808e-03 5.689576695493854790e-04
1.350000000000000000e+04 5.400009003248265049e-01 8.837050523441055683e-01 2.776513427401001294e-02 7.942649066909421296e-02 7.510241238051888930e-03 1.593081474738279385e-03
1.375000000000000000e+04 5.500009169975086376e-01 8.970186618115612021e-01 2.492034592626308706e-02 7.111970869367319203e-02 6.372325898953117539e-03 5.689576695493854790e-04
1.400000000000000000e+04 5.600009336701905482e-01 8.975876194811106545e-01 2.173418297678652786e-02 7.157487482931269851e-02 7.965407373691398007e-03 1.137915339098770958e-03
1.425000000000000000e+04 5.700009503428724589e-01 9.047564861174328676e-01 2.412380518889394726e-02 6.269913518434228061e-02 7.396449704142011444e-03 1.024123805188893906e-03
1.450000000000000000e+04 5.800009670155543695e-01 9.077150659990896875e-01 2.105143377332726468e-02 6.133363677742376119e-02 8.761948111060537808e-03 1.137915339098770958e-03
1.475000000000000000e+04 5.900009836882365022e-01 9.160218479745106945e-01 2.105143377332726468e-02 5.257168866636321991e-02 9.103322712790167665e-03 1.251706873008648227e-03
1.500000000000000000e+04 6.000010003609184128e-01 9.244424214838415921e-01 1.558944014565316269e-02 5.177514792899408358e-02 7.510241238051888930e-03 6.827492034592626399e-04
1.525000000000000000e+04 6.100010170336003235e-01 9.285389167045972059e-01 1.615839781520254925e-02 4.676832043695949154e-02 7.851615839781519654e-03 6.827492034592626399e-04
1.550000000000000000e+04 6.200010337062824561e-01 9.382111970869366768e-01 1.422394173873463806e-02 4.130632680928538608e-02 5.689576695493855224e-03 5.689576695493854790e-04
1.575000000000000000e+04 6.300010503789643668e-01 9.332043695949021611e-01 1.547564861174328607e-02 4.255803368229403583e-02 8.079198907601274626e-03 6.827492034592626399e-04
1.600000000000000000e+04 6.400010670516462774e-01 9.387801547564861293e-01 1.388256713700500647e-02 4.085116067364587961e-02 5.917159763313609329e-03 5.689576695493854790e-04
1.625000000000000000e+04 6.500010837243284101e-01 9.437869822485207560e-01 1.365498406918525323e-02 3.618570778334091742e-02 5.803368229403732710e-03 5.689576695493854790e-04
1.650000000000000000e+04 6.600011003970103207e-01 9.472007282658170269e-01 1.467910787437414627e-02 3.117888029130632538e-02 6.258534365043240920e-03 6.827492034592626399e-04
1.675000000000000000e+04 6.700011170696922314e-01 9.483386436049158208e-01 1.433773327264451468e-02 3.004096495220755572e-02 6.144742831133363434e-03 1.137915339098770958e-03
1.700000000000000000e+04 6.800011337423741420e-01 9.514110150204825311e-01 1.456531634046426965e-02 2.958579881656804578e-02 3.527537551206190360e-03 9.103322712790168532e-04
1.725000000000000000e+04 6.900011504150562747e-01 9.552799271734182529e-01 1.206190259444697363e-02 2.662721893491124328e-02 5.006827492034592909e-03 1.024123805188893906e-03
1.750000000000000000e+04 7.000011670877381853e-01 9.561902594446972659e-01 1.354119253527537488e-02 2.321347291761493084e-02 6.030951297223486815e-03 1.024123805188893906e-03
1.775000000000000000e+04 7.100011837604200959e-01 9.580109239872554028e-01 1.058261265361857065e-02 2.355484751934456070e-02 6.372325898953117539e-03 1.479289940828402332e-03
1.800000000000000000e+04 7.200012004331022286e-01 9.585798816568047442e-01 1.092398725534820224e-02 2.503413746017296368e-02 4.096495220755575623e-03 1.365498406918525280e-03
1.825000000000000000e+04 7.300012171057841392e-01 9.644970414201183839e-01 8.079198907601274626e-03 2.059626763768775473e-02 5.461993627674101119e-03 1.365498406918525280e-03
1.850000000000000000e+04 7.400012337784660499e-01 9.641556668183887124e-01 1.081019572143832562e-02 1.923076923076923184e-02 4.665452890304961318e-03 1.137915339098770958e-03
1.875000000000000000e+04 7.500012504511479605e-01 9.635867091488393710e-01 9.330905780609922637e-03 1.968593536640873831e-02 5.575785161583977738e-03 1.820664542558033706e-03
1.900000000000000000e+04 7.600012671238300932e-01 9.657487482931269573e-01 9.899863450159307465e-03 1.934456076467910846e-02 3.755120619025944465e-03 1.251706873008648227e-03
1.925000000000000000e+04 7.700012837965120038e-01 9.677969959035047642e-01 9.103322712790167665e-03 1.854802002730996865e-02 3.072371415566681717e-03 1.479289940828402332e-03
1.950000000000000000e+04 7.800013004691939145e-01 9.718934911242603780e-01 6.713700500682749130e-03 1.604460628129267263e-02 3.641329085116067413e-03 1.706873008648156654e-03
1.975000000000000000e+04 7.900013171418760471e-01 9.725762403277196100e-01 7.737824305871643035e-03 1.490669094219390124e-02 3.527537551206190360e-03 1.251706873008648227e-03
2.000000000000000000e+04 8.000013338145579578e-01 9.742831133363677454e-01 8.079198907601274626e-03 1.365498406918525323e-02 2.617205279927173507e-03 1.365498406918525280e-03
2.025000000000000000e+04 8.100013504872398684e-01 9.781520254893035782e-01 5.917159763313609329e-03 1.274465179790623508e-02 1.820664542558033706e-03 1.365498406918525280e-03
2.050000000000000000e+04 8.200013671599220011e-01 9.802002730996813851e-01 5.689576695493855224e-03 1.137915339098771045e-02 1.251706873008648227e-03 1.479289940828402332e-03
2.075000000000000000e+04 8.300013838326039117e-01 9.770141101502047842e-01 6.144742831133363434e-03 1.354119253527537488e-02 1.706873008648156654e-03 1.593081474738279385e-03
2.100000000000000000e+04 8.400014005052858224e-01 9.796313154301320436e-01 5.461993627674101119e-03 1.183431952662721866e-02 2.162039144287664864e-03 9.103322712790168532e-04
2.125000000000000000e+04 8.500014171779677330e-01 9.811106053709603980e-01 4.437869822485207214e-03 1.160673645880746542e-02 1.820664542558033706e-03 1.024123805188893906e-03
2.150000000000000000e+04 8.600014338506498657e-01 9.832726445152480954e-01 4.210286754665453109e-03 9.444697314519799256e-03 1.593081474738279385e-03 1.479289940828402332e-03
2.175000000000000000e+04 8.700014505233317763e-01 9.848657259899863403e-01 4.096495220755575623e-03 7.510241238051888930e-03 2.503413746017296455e-03 1.024123805188893906e-03
2.200000000000000000e+04 8.800014671960136869e-01 9.871415566681839282e-01 3.755120619025944465e-03 5.348202093764223633e-03 2.275830678197541916e-03 1.479289940828402332e-03
2.225000000000000000e+04 8.900014838686958196e-01 9.869139736003641472e-01 3.299954483386436255e-03 5.575785161583977738e-03 2.162039144287664864e-03 2.048247610377787811e-03
2.250000000000000000e+04 9.000015005413777303e-01 9.871415566681839282e-01 3.072371415566681717e-03 5.006827492034592909e-03 2.730996813837050560e-03 2.048247610377787811e-03
2.275000000000000000e+04 9.100015172140596409e-01 9.885070550751023921e-01 2.617205279927173507e-03 5.917159763313609329e-03 2.275830678197541916e-03 6.827492034592626399e-04
2.300000000000000000e+04 9.200015338867417736e-01 9.887346381429221731e-01 3.527537551206190360e-03 4.324078288575329727e-03 1.479289940828402332e-03 1.934456076467910759e-03
2.325000000000000000e+04 9.300015505594236842e-01 9.881656804733728316e-01 2.844788347746927612e-03 5.348202093764223633e-03 1.137915339098770958e-03 2.503413746017296455e-03
2.350000000000000000e+04 9.400015672321055948e-01 9.895311788802912956e-01 1.820664542558033706e-03 5.348202093764223633e-03 6.827492034592626399e-04 2.617205279927173507e-03
2.375000000000000000e+04 9.500015839047875055e-01 9.899863450159308575e-01 1.934456076467910759e-03 4.779244424214838804e-03 9.103322712790168532e-04 2.389622212107419402e-03
2.400000000000000000e+04 9.600016005774696382e-01 9.910104688211197610e-01 1.820664542558033706e-03 3.413746017296313308e-03 1.137915339098770958e-03 2.617205279927173507e-03
2.425000000000000000e+04 9.700016172501515488e-01 9.930587164314974569e-01 1.024123805188893906e-03 2.844788347746927612e-03 6.827492034592626399e-04 2.389622212107419402e-03
2.450000000000000000e+04 9.800016339228334594e-01 9.920345926263085534e-01 1.593081474738279385e-03 2.844788347746927612e-03 7.965407373691396923e-04 2.730996813837050560e-03
2.475000000000000000e+04 9.900016505955155921e-01 9.919208010923987739e-01 1.820664542558033706e-03 2.958579881656804664e-03 9.103322712790168532e-04 2.389622212107419402e-03
2.500000000000000000e+04 1.000001667268197281e+00 9.893035958124715146e-01 1.593081474738279385e-03 4.437869822485207214e-03 1.593081474738279385e-03 3.072371415566681717e-03
