# itime ezz other fcc hcp bcc ico
0.000000000000000000e+00 0.000000000000000000e+00 7.965407373691396923e-04 9.992034592626308775e-01 0.000000000000000000e+00 0.000000000000000000e+00 0.000000000000000000e+00
3.000000000000000000e+00 1.199928233779790077e-03 1.024123805188893906e-03 9.989758761948110966e-01 0.000000000000000000e+00 0.000000000000000000e+00 0.000000000000000000e+00
6.000000000000000000e+00 2.399856467559580153e-03 7.965407373691396923e-04 9.992034592626308775e-01 0.000000000000000000e+00 0.000000000000000000e+00 0.000000000000000000e+00
9.000000000000000000e+00 3.599784701339592274e-03 2.275830678197542133e-04 9.997724169321802190e-01 0.000000000000000000e+00 0.000000000000000000e+00 0.000000000000000000e+00
1.200000000000000000e+01 4.799712935119382351e-03 6.827492034592626399e-04 9.993172507965407680e-01 0.000000000000000000e+00 0.000000000000000000e+00 0.000000000000000000e+00
1.500000000000000000e+01 5.999641168899172428e-03 9.103322712790168532e-04 9.990896677287209870e-01 0.000000000000000000e+00 0.000000000000000000e+00 0.000000000000000000e+00
1.800000000000000000e+01 7.199569402678962504e-03 2.275830678197542133e-04 9.997724169321802190e-01 0.000000000000000000e+00 0.000000000000000000e+00 0.000000000000000000e+00
2.100000000000000000e+01 8.399497636458752581e-03 9.103322712790168532e-04 9.990896677287209870e-01 0.000000000000000000e+00 0.000000000000000000e+00 0.000000000000000000e+00
2.400000000000000000e+01 9.599425870238542657e-03 1.820664542558033706e-03 9.981793354574419741e-01 0.000000000000000000e+00 0.000000000000000000e+00 0.000000000000000000e+00
2.700000000000000000e+01 1.079935410401855478e-02 1.820664542558033706e-03 9.981793354574419741e-01 0.000000000000000000e+00 0.000000000000000000e+00 0.000000000000000000e+00
3.000000000000000000e+01 1.199928233779834486e-02 1.251706873008648227e-03 9.987482931269913156e-01 0.000000000000000000e+00 0.000000000000000000e+00 0.000000000000000000e+00
3.300000000000000000e+01 1.319921057157813493e-02 1.137915339098770958e-03 9.988620846609012061e-01 0.000000000000000000e+00 0.000000000000000000e+00 0.000000000000000000e+00
3.600000000000000000e+01 1.439913880535792501e-02 1.479289940828402332e-03 9.984069185252617551e-01 0.000000000000000000e+00 1.137915339098771066e-04 0.000000000000000000e+00
3.900000000000000000e+01 1.559906703913771508e-02 2.162039144287664864e-03 9.978379608557123026e-01 0.000000000000000000e+00 0.000000000000000000e+00 0.000000000000000000e+00
4.200000000000000000e+01 1.679899527291750516e-02 2.048247610377787811e-03 9.979517523896221931e-01 0.000000000000000000e+00 0.000000000000000000e+00 0.000000000000000000e+00
4.500000000000000000e+01 1.799892350669751728e-02 2.048247610377787811e-03 9.979517523896221931e-01 0.000000000000000000e+00 0.000000000000000000e+00 0.000000000000000000e+00
4.800000000000000000e+01 1.919885174047730736e-02 1.365498406918525280e-03 9.986345015930814251e-01 0.000000000000000000e+00 0.000000000000000000e+00 0.000000000000000000e+00
5.100000000000000000e+01 2.039877997425709744e-02 1.137915339098770958e-03 9.988620846609012061e-01 0.000000000000000000e+00 0.000000000000000000e+00 0.000000000000000000e+00
5.400000000000000000e+01 2.159870820803688751e-02 1.365498406918525280e-03 9.986345015930814251e-01 0.000000000000000000e+00 0.000000000000000000e+00 0.000000000000000000e+00
5.700000000000000000e+01 2.279863644181667759e-02 1.251706873008648227e-03 9.987482931269913156e-01 0.000000000000000000e+00 0.000000000000000000e+00 0.000000000000000000e+00
6.000000000000000000e+01 2.399856467559646767e-02 2.275830678197541916e-03 9.977241693218024121e-01 0.000000000000000000e+00 0.000000000000000000e+00 0.000000000000000000e+00
6.300000000000000000e+01 2.519849290937647979e-02 2.389622212107419402e-03 9.973827947200728516e-01 0.000000000000000000e+00 2.275830678197542133e-04 0.000000000000000000e+00
6.600000000000000000e+01 2.639842114315626986e-02 2.275830678197541916e-03 9.976103777878926326e-01 0.000000000000000000e+00 1.137915339098771066e-04 0.000000000000000000e+00
6.900000000000000000e+01 2.759834937693605994e-02 2.048247610377787811e-03 9.977241693218024121e-01 0.000000000000000000e+00 2.275830678197542133e-04 0.000000000000000000e+00
7.200000000000000000e+01 2.879827761071585002e-02 2.162039144287664864e-03 9.977241693218024121e-01 0.000000000000000000e+00 1.137915339098771066e-04 0.000000000000000000e+00
7.500000000000000000e+01 2.999820584449564009e-02 1.706873008648156654e-03 9.982931269913518646e-01 0.000000000000000000e+00 0.000000000000000000e+00 0.000000000000000000e+00
7.800000000000000000e+01 3.119813407827543017e-02 3.186162949476558769e-03 9.968138370505233992e-01 0.000000000000000000e+00 0.000000000000000000e+00 0.000000000000000000e+00
8.100000000000000000e+01 3.239806231205544229e-02 4.210286754665453109e-03 9.956759217114247162e-01 0.000000000000000000e+00 1.137915339098771066e-04 0.000000000000000000e+00
8.400000000000000000e+01 3.359799054583523237e-02 4.779244424214838804e-03 9.952207555757851543e-01 0.000000000000000000e+00 0.000000000000000000e+00 0.000000000000000000e+00
8.700000000000000000e+01 3.479791877961502244e-02 5.120619025944469528e-03 9.948793809740554828e-01 0.000000000000000000e+00 0.000000000000000000e+00 0.000000000000000000e+00
9.000000000000000000e+01 3.599784701339481252e-02 4.779244424214838804e-03 9.952207555757851543e-01 0.000000000000000000e+00 0.000000000000000000e+00 0.000000000000000000e+00
9.300000000000000000e+01 3.719777524717460260e-02 4.551661356395083832e-03 9.954483386436049352e-01 0.000000000000000000e+00 0.000000000000000000e+00 0.000000000000000000e+00
9.600000000000000000e+01 3.839770348095439267e-02 5.006827492034592909e-03 9.949931725079653733e-01 0.000000000000000000e+00 0.000000000000000000e+00 0.000000000000000000e+00
9.900000000000000000e+01 3.959763171473440480e-02 5.348202093764223633e-03 9.945380063723259223e-01 0.000000000000000000e+00 1.137915339098771066e-04 0.000000000000000000e+00
1.020000000000000000e+02 4.079755994851419487e-02 4.437869822485207214e-03 9.955621301775148257e-01 0.000000000000000000e+00 0.000000000000000000e+00 0.000000000000000000e+00
1.050000000000000000e+02 4.199748818229398495e-02 4.437869822485207214e-03 9.954483386436049352e-01 0.000000000000000000e+00 1.137915339098771066e-04 0.000000000000000000e+00
1.080000000000000000e+02 4.319741641607377503e-02 5.689576695493855224e-03 9.941966317705962508e-01 0.000000000000000000e+00 1.137915339098771066e-04 0.000000000000000000e+00
1.110000000000000000e+02 4.439734464985356510e-02 8.079198907601274626e-03 9.918070095584888834e-01 0.000000000000000000e+00 1.137915339098771066e-04 0.000000000000000000e+00
1.140000000000000000e+02 4.559727288363335518e-02 8.306781975421027864e-03 9.915794264906691025e-01 0.000000000000000000e+00 1.137915339098771066e-04 0.000000000000000000e+00
1.170000000000000000e+02 4.679720111741336730e-02 8.648156577150659455e-03 9.911242603550295405e-01 0.000000000000000000e+00 2.275830678197542133e-04 0.000000000000000000e+00
1.200000000000000000e+02 4.799712935119315738e-02 1.069640418752844727e-02 9.888484296768320636e-01 0.000000000000000000e+00 4.551661356395084266e-04 0.000000000000000000e+00
1.230000000000000000e+02 4.919705758497294745e-02 1.126536185707783383e-02 9.883932635411925016e-01 0.000000000000000000e+00 3.413746017296313199e-04 0.000000000000000000e+00
1.260000000000000000e+02 5.039698581875273753e-02 1.126536185707783383e-02 9.885070550751023921e-01 0.000000000000000000e+00 2.275830678197542133e-04 0.000000000000000000e+00
1.290000000000000000e+02 5.159691405253252761e-02 1.103777878925807886e-02 9.883932635411925016e-01 0.000000000000000000e+00 5.689576695493854790e-04 0.000000000000000000e+00
1.320000000000000000e+02 5.279684228631231768e-02 1.251706873008648184e-02 9.864588074647245852e-01 0.000000000000000000e+00 1.024123805188893906e-03 0.000000000000000000e+00
1.350000000000000000e+02 5.399677052009232980e-02 1.388256713700500647e-02 9.852071005917160118e-01 0.000000000000000000e+00 9.103322712790168532e-04 0.000000000000000000e+00
1.380000000000000000e+02 5.519669875387211988e-02 1.456531634046426965e-02 9.847519344560764498e-01 0.000000000000000000e+00 6.827492034592626399e-04 0.000000000000000000e+00
1.410000000000000000e+02 5.639662698765190996e-02 1.297223486572599005e-02 9.855484751934455723e-01 0.000000000000000000e+00 1.479289940828402332e-03 0.000000000000000000e+00
1.440000000000000000e+02 5.759655522143170003e-02 1.593081474738279601e-02 9.836140191169776559e-01 0.000000000000000000e+00 4.551661356395084266e-04 0.000000000000000000e+00
1.470000000000000000e+02 5.879648345521149011e-02 1.684114701866181243e-02 9.822485207100591920e-01 0.000000000000000000e+00 9.103322712790168532e-04 0.000000000000000000e+00
1.500000000000000000e+02 5.999641168899128019e-02 1.809285389167045871e-02 9.804278561675011661e-01 0.000000000000000000e+00 1.479289940828402332e-03 0.000000000000000000e+00
1.530000000000000000e+02 6.119633992277129231e-02 2.071005917159763482e-02 9.780382339553936877e-01 0.000000000000000000e+00 1.251706873008648227e-03 0.000000000000000000e+00
1.560000000000000000e+02 6.239626815655108238e-02 2.298588984979517413e-02 9.763313609467455523e-01 0.000000000000000000e+00 6.827492034592626399e-04 0.000000000000000000e+00
1.590000000000000000e+02 6.359619639033087246e-02 2.617205279927173334e-02 9.726900318616295005e-01 0.000000000000000000e+00 1.137915339098770958e-03 0.000000000000000000e+00
1.620000000000000000e+02 6.479612462411066254e-02 2.913063268092853930e-02 9.697314519799726806e-01 0.000000000000000000e+00 1.137915339098770958e-03 0.000000000000000000e+00
1.650000000000000000e+02 6.599605285789045261e-02 2.651342740100136666e-02 9.714383249886208160e-01 0.000000000000000000e+00 2.048247610377787811e-03 0.000000000000000000e+00
1.680000000000000000e+02 6.719598109167046474e-02 2.810650887573964626e-02 9.696176604460627901e-01 0.000000000000000000e+00 2.275830678197541916e-03 0.000000000000000000e+00
1.710000000000000000e+02 6.839590932545025481e-02 2.753755120619025970e-02 9.708693673190714746e-01 0.000000000000000000e+00 1.593081474738279385e-03 0.000000000000000000e+00
1.740000000000000000e+02 6.959583755923004489e-02 2.810650887573964626e-02 9.697314519799726806e-01 0.000000000000000000e+00 2.162039144287664864e-03 0.000000000000000000e+00
1.770000000000000000e+02 7.079576579300983497e-02 3.402366863905325473e-02 9.641556668183887124e-01 0.000000000000000000e+00 1.820664542558033706e-03 0.000000000000000000e+00
1.800000000000000000e+02 7.199569402678962504e-02 4.039599453800637313e-02 9.580109239872554028e-01 0.000000000000000000e+00 1.593081474738279385e-03 0.000000000000000000e+00
1.830000000000000000e+02 7.319562226056941512e-02 4.585798816568047165e-02 9.527765134274009950e-01 0.000000000000000000e+00 1.365498406918525280e-03 0.000000000000000000e+00
1.860000000000000000e+02 7.439555049434942724e-02 4.915794264906690747e-02 9.492489758761948337e-01 0.000000000000000000e+00 1.593081474738279385e-03 0.000000000000000000e+00
1.890000000000000000e+02 7.559547872812921732e-02 5.131998179335457710e-02 9.465179790623577949e-01 0.000000000000000000e+00 2.162039144287664864e-03 0.000000000000000000e+00
1.920000000000000000e+02 7.679540696190900739e-02 5.040964952207555722e-02 9.466317705962676854e-01 0.000000000000000000e+00 2.958579881656804664e-03 0.000000000000000000e+00
1.950000000000000000e+02 7.799533519568879747e-02 5.405097860719162289e-02 9.429904415111515226e-01 0.000000000000000000e+00 2.958579881656804664e-03 0.000000000000000000e+00
1.980000000000000000e+02 7.919526342946858755e-02 5.177514792899408358e-02 9.454938552571688914e-01 0.000000000000000000e+00 2.730996813837050560e-03 0.000000000000000000e+00
2.010000000000000000e+02 8.039519166324837762e-02 5.598543468365953235e-02 9.408284023668639362e-01 0.000000000000000000e+00 3.186162949476558769e-03 0.000000000000000000e+00
2.040000000000000000e+02 8.159511989702838974e-02 6.190259444697314428e-02 9.344560764679107345e-01 0.000000000000000000e+00 3.641329085116067413e-03 0.000000000000000000e+00
2.070000000000000000e+02 8.279504813080817982e-02 6.804733727810650945e-02 9.279699590350477534e-01 0.000000000000000000e+00 3.982703686845699004e-03 0.000000000000000000e+00
2.100000000000000000e+02 8.399497636458796990e-02 7.453345471096950448e-02 9.209148839326354308e-01 0.000000000000000000e+00 4.551661356395083832e-03 0.000000000000000000e+00
2.130000000000000000e+02 8.519490459836775997e-02 8.010923987255348655e-02 9.152253072371415721e-01 0.000000000000000000e+00 4.665452890304961318e-03 0.000000000000000000e+00
2.160000000000000000e+02 8.639483283214755005e-02 8.488848429676831842e-02 9.105598543468366168e-01 0.000000000000000000e+00 4.551661356395083832e-03 0.000000000000000000e+00
2.190000000000000000e+02 8.759476106592734013e-02 9.000910332271279402e-02 9.060081929904415521e-01 0.000000000000000000e+00 3.982703686845699004e-03 0.000000000000000000e+00
2.220000000000000000e+02 8.879468929970735225e-02 9.274010013654984674e-02 9.019116977696859383e-01 0.000000000000000000e+00 5.348202093764223633e-03 0.000000000000000000e+00
2.250000000000000000e+02 8.999461753348714232e-02 1.046882111970869333e-01 8.891670459717796460e-01 0.000000000000000000e+00 6.144742831133363434e-03 0.000000000000000000e+00
2.280000000000000000e+02 9.119454576726693240e-02 1.115157032316795582e-01 8.815430131998179819e-01 0.000000000000000000e+00 6.941283568502503235e-03 0.000000000000000000e+00
2.310000000000000000e+02 9.239447400104672248e-02 1.140191169776968577e-01 8.797223486572598450e-01 0.000000000000000000e+00 6.258534365043240920e-03 0.000000000000000000e+00
2.340000000000000000e+02 9.359440223482651255e-02 1.195949021392808398e-01 8.730086481565771939e-01 0.000000000000000000e+00 7.396449704142011444e-03 0.000000000000000000e+00
2.370000000000000000e+02 9.479433046860630263e-02 1.316568047337278169e-01 8.599226217569412301e-01 0.000000000000000000e+00 8.420573509330906217e-03 0.000000000000000000e+00
2.400000000000000000e+02 9.599425870238631475e-02 1.416704597177969871e-01 8.488848429676831842e-01 0.000000000000000000e+00 9.444697314519799256e-03 0.000000000000000000e+00
2.430000000000000000e+02 9.719418693616610483e-02 1.496358670914884059e-01 8.384160218479744797e-01 0.000000000000000000e+00 1.194811106053709528e-02 0.000000000000000000e+00
2.460000000000000000e+02 9.839411516994589491e-02 1.582840236686390567e-01 8.306781975421028141e-01 0.000000000000000000e+00 1.103777878925807886e-02 0.000000000000000000e+00
2.490000000000000000e+02 9.959404340372568498e-02 1.623805188893946427e-01 8.239644970414201630e-01 0.000000000000000000e+00 1.365498406918525323e-02 0.000000000000000000e+00
2.520000000000000000e+02 1.007939716375054751e-01 1.774010013654984119e-01 8.086026399635867223e-01 0.000000000000000000e+00 1.399635867091488309e-02 0.000000000000000000e+00
2.550000000000000000e+02 1.019938998712852651e-01 1.855939918070095562e-01 7.997269003186162628e-01 0.000000000000000000e+00 1.467910787437414627e-02 0.000000000000000000e+00
2.580000000000000000e+02 1.031938281050652773e-01 1.891215293582157453e-01 7.959717796995903205e-01 0.000000000000000000e+00 1.490669094219390124e-02 0.000000000000000000e+00
2.610000000000000000e+02 1.043937563388450673e-01 1.997041420118343125e-01 7.848202093764223841e-01 0.000000000000000000e+00 1.547564861174328607e-02 0.000000000000000000e+00
2.640000000000000000e+02 1.055936845726248574e-01 2.086936731907146070e-01 7.761720527992717056e-01 0.000000000000000000e+00 1.513427401001365448e-02 0.000000000000000000e+00
2.670000000000000000e+02 1.067936128064046475e-01 2.254210286754665393e-01 7.591033227127901295e-01 0.000000000000000000e+00 1.547564861174328607e-02 0.000000000000000000e+00
2.700000000000000000e+02 1.079935410401844376e-01 2.389622212107419263e-01 7.437414656349567998e-01 0.000000000000000000e+00 1.729631315430131891e-02 0.000000000000000000e+00
2.730000000000000000e+02 1.091934692739642276e-01 2.540964952207555583e-01 7.264451524806554428e-01 0.000000000000000000e+00 1.945835229858898507e-02 0.000000000000000000e+00
2.760000000000000000e+02 1.103933975077442398e-01 2.678652708238506985e-01 7.110832954028220021e-01 0.000000000000000000e+00 2.105143377332726468e-02 0.000000000000000000e+00
2.790000000000000000e+02 1.115933257415240298e-01 2.826581702321347422e-01 6.960628129267182329e-01 0.000000000000000000e+00 2.127901684114701791e-02 0.000000000000000000e+00
2.820000000000000000e+02 1.127932539753038199e-01 2.946062812926718011e-01 6.833181611288120516e-01 0.000000000000000000e+00 2.207555757851615771e-02 0.000000000000000000e+00
2.850000000000000000e+02 1.139931822090836100e-01 3.032544378698224796e-01 6.705735093309057593e-01 0.000000000000000000e+00 2.617205279927173334e-02 0.000000000000000000e+00
2.880000000000000000e+02 1.151931104428634001e-01 3.086026399635867223e-01 6.654528903049613531e-01 0.000000000000000000e+00 2.594446973145198010e-02 0.000000000000000000e+00
2.910000000000000000e+02 1.163930386766431901e-01 3.157715065999089910e-01 6.577150659990896875e-01 0.000000000000000000e+00 2.651342740100136666e-02 0.000000000000000000e+00
2.940000000000000000e+02 1.175929669104232023e-01 3.285161583978152278e-01 6.420118343195265753e-01 0.000000000000000000e+00 2.947200728265816916e-02 0.000000000000000000e+00
2.970000000000000000e+02 1.187928951442029923e-01 3.461538461538461453e-01 6.210741920801092775e-01 0.000000000000000000e+00 3.277196176604460498e-02 0.000000000000000000e+00
3.000000000000000000e+02 1.199928233779827824e-01 3.624260355029585989e-01 6.017296313154301135e-01 1.137915339098771066e-04 3.573054164770141095e-02 0.000000000000000000e+00
3.030000000000000000e+02 1.211927516117625725e-01 3.687983614019116896e-01 5.922849340009103125e-01 1.137915339098771066e-04 3.880291306326809353e-02 0.000000000000000000e+00
3.060000000000000000e+02 1.223926798455423626e-01 3.845015930814747462e-01 5.740782885753299425e-01 3.413746017296313199e-04 4.107874374146563284e-02 0.000000000000000000e+00
3.090000000000000000e+02 1.235926080793221526e-01 3.979289940828402150e-01 5.593991807009558448e-01 2.275830678197542133e-04 4.244424214838415921e-02 0.000000000000000000e+00
3.120000000000000000e+02 1.247925363131021648e-01 4.228493400091033472e-01 5.336822940373235902e-01 2.275830678197542133e-04 4.324078288575330248e-02 0.000000000000000000e+00
3.150000000000000000e+02 1.259924645468819548e-01 4.392353208921256358e-01 5.149066909421938787e-01 2.275830678197542133e-04 4.563040509786071841e-02 0.000000000000000000e+00
3.180000000000000000e+02 1.271923927806617449e-01 4.567592171142467183e-01 4.943104233045061413e-01 1.137915339098771066e-04 4.881656804733727761e-02 0.000000000000000000e+00
3.210000000000000000e+02 1.283923210144415350e-01 4.710969503868912001e-01 4.764451524806554428e-01 2.275830678197542133e-04 5.223031406463359005e-02 0.000000000000000000e+00
3.240000000000000000e+02 1.295922492482213251e-01 4.827036868456986984e-01 4.593764223941738667e-01 4.551661356395084266e-04 5.746472462448793533e-02 0.000000000000000000e+00
3.270000000000000000e+02 1.307921774820013372e-01 4.971552116522530707e-01 4.427628584433317971e-01 4.551661356395084266e-04 5.962676376877560497e-02 0.000000000000000000e+00
3.300000000000000000e+02 1.319921057157811273e-01 5.044378698224851743e-01 4.287664997724169313e-01 3.413746017296313199e-04 6.645425580336822291e-02 0.000000000000000000e+00
3.330000000000000000e+02 1.331920339495609173e-01 5.252617205279926926e-01 4.065771506599908935e-01 5.689576695493854790e-04 6.759217114246700298e-02 0.000000000000000000e+00
3.360000000000000000e+02 1.343919621833407074e-01 5.369822485207100815e-01 3.904187528447883304e-01 4.551661356395084266e-04 7.214383249886208160e-02 0.000000000000000000e+00
3.390000000000000000e+02 1.355918904171204975e-01 5.568957669549385869e-01 3.666363222576240477e-01 1.024123805188893906e-03 7.544378698224851743e-02 0.000000000000000000e+00
3.420000000000000000e+02 1.367918186509002876e-01 5.789713245334546787e-01 3.409194355939917931e-01 9.103322712790168532e-04 7.919890760127445972e-02 0.000000000000000000e+00
3.450000000000000000e+02 1.379917468846802997e-01 5.914883932635411901e-01 3.211197086936731782e-01 1.820664542558033706e-03 8.557123350022757813e-02 0.000000000000000000e+00
3.480000000000000000e+02 1.391916751184600898e-01 5.984296768320437332e-01 3.072371415566682029e-01 1.934456076467910759e-03 9.239872553482020301e-02 0.000000000000000000e+00
3.510000000000000000e+02 1.403916033522398799e-01 6.116294947655894765e-01 2.908511606736458588e-01 2.275830678197541916e-03 9.524351388256713236e-02 0.000000000000000000e+00
3.540000000000000000e+02 1.415915315860196699e-01 6.217569412835685094e-01 2.756030951297223641e-01 3.299954483386436255e-03 9.934000910332271839e-02 0.000000000000000000e+00
3.570000000000000000e+02 1.427914598197994600e-01 6.325671370050067743e-01 2.575102412380518846e-01 3.641329085116067413e-03 1.062812926718252199e-01 0.000000000000000000e+00
3.600000000000000000e+02 1.439913880535792501e-01 6.424670004551661373e-01 2.436276741010468816e-01 4.551661356395083832e-03 1.093536640873919025e-01 0.000000000000000000e+00
3.630000000000000000e+02 1.451913162873592622e-01 6.506599908966772539e-01 2.308830223031406448e-01 4.665452890304961318e-03 1.137915339098771045e-01 0.000000000000000000e+00
3.660000000000000000e+02 1.463912445211390523e-01 6.672735548475193790e-01 2.086936731907146070e-01 5.348202093764223633e-03 1.186845698680018268e-01 0.000000000000000000e+00
3.690000000000000000e+02 1.475911727549188424e-01 6.818388711879835862e-01 1.910559854346836617e-01 5.461993627674101119e-03 1.216431497496586189e-01 0.000000000000000000e+00
3.720000000000000000e+02 1.487911009886986324e-01 6.874146563495675544e-01 1.794492489758761911e-01 5.803368229403732710e-03 1.273327264451524776e-01 0.000000000000000000e+00
3.750000000000000000e+02 1.499910292224784225e-01 6.927628584433318526e-01 1.725079654073737034e-01 5.803368229403732710e-03 1.289258079198907503e-01 0.000000000000000000e+00
3.780000000000000000e+02 1.511909574562582126e-01 7.015248065543923106e-01 1.602184797451069731e-01 6.144742831133363434e-03 1.321119708693673234e-01 0.000000000000000000e+00
3.810000000000000000e+02 1.523908856900382247e-01 7.123350022758306865e-01 1.458807464724624359e-01 7.851615839781519654e-03 1.339326354119253493e-01 0.000000000000000000e+00
3.840000000000000000e+02 1.535908139238180148e-01 7.162039144287665193e-01 1.395084205735093175e-01 7.282658170232134826e-03 1.370050068274920319e-01 0.000000000000000000e+00
3.870000000000000000e+02 1.547907421575978049e-01 7.246244879380974169e-01 1.280154756486117373e-01 7.965407373691398007e-03 1.393946290395994547e-01 0.000000000000000000e+00
3.900000000000000000e+02 1.559906703913775949e-01 7.347519344560764498e-01 1.168639053254437871e-01 8.534365043240782836e-03 1.398497951752389612e-01 0.000000000000000000e+00
3.930000000000000000e+02 1.571905986251573850e-01 7.363450159308146947e-01 1.101502048247610388e-01 8.534365043240782836e-03 1.449704142011834229e-01 0.000000000000000000e+00
3.960000000000000000e+02 1.583905268589371751e-01 7.432862994993172379e-01 1.019572143832498806e-01 8.534365043240782836e-03 1.462221210741920796e-01 0.000000000000000000e+00
3.990000000000000000e+02 1.595904550927171872e-01 7.487482931269913156e-01 9.569868001820663883e-02 8.534365043240782836e-03 1.470186618115612298e-01 0.000000000000000000e+00
4.020000000000000000e+02 1.607903833264969773e-01 7.527309968138370389e-01 8.864360491579426071e-02 9.786071916249430847e-03 1.488393263541192557e-01 0.000000000000000000e+00
4.050000000000000000e+02 1.619903115602767674e-01 7.576240327719617751e-01 8.170232134729175921e-02 1.126536185707783383e-02 1.494082840236686527e-01 0.000000000000000000e+00
4.080000000000000000e+02 1.631902397940565574e-01 7.646791078743740977e-01 7.271279016841146470e-02 1.081019572143832562e-02 1.517979062357760478e-01 0.000000000000000000e+00
4.110000000000000000e+02 1.643901680278363475e-01 7.641101502048247562e-01 6.952662721893490549e-02 1.240327719617660522e-02 1.539599453800637174e-01 0.000000000000000000e+00
4.140000000000000000e+02 1.655900962616161376e-01 7.672963131543013571e-01 6.486117432862995025e-02 1.456531634046426965e-02 1.532771961766044577e-01 0.000000000000000000e+00
4.170000000000000000e+02 1.667900244953961497e-01 7.752617205279926926e-01 5.427856167501137613e-02 1.558944014565316269e-02 1.548702776513427304e-01 0.000000000000000000e+00
4.200000000000000000e+02 1.679899527291759398e-01 7.753755120619025831e-01 5.279927173418298009e-02 1.604460628129267263e-02 1.557806099226217433e-01 0.000000000000000000e+00
4.230000000000000000e+02 1.691898809629557299e-01 7.807237141556667703e-01 5.063723258989531045e-02 1.775147928994082885e-02 1.508875739644970349e-01 0.000000000000000000e+00
4.260000000000000000e+02 1.703898091967355199e-01 7.828857532999544677e-01 5.029585798816568060e-02 1.729631315430131891e-02 1.495220755575785154e-01 0.000000000000000000e+00
4.290000000000000000e+02 1.715897374305153100e-01 7.840236686390532617e-01 4.733727810650887463e-02 1.854802002730996865e-02 1.500910332271279124e-01 0.000000000000000000e+00
4.320000000000000000e+02 1.727896656642951001e-01 7.891442876649977789e-01 4.472007282658170546e-02 1.923076923076923184e-02 1.469048702776513393e-01 0.000000000000000000e+00
4.350000000000000000e+02 1.739895938980751122e-01 7.975648611743286764e-01 4.233045061447428259e-02 1.923076923076923184e-02 1.408739189804278646e-01 0.000000000000000000e+00
4.380000000000000000e+02 1.751895221318549023e-01 8.049613108784706705e-01 3.903049613108784677e-02 1.900318616294947513e-02 1.370050068274920319e-01 0.000000000000000000e+00
4.410000000000000000e+02 1.763894503656346924e-01 8.116750113791534327e-01 3.720983158852981393e-02 1.854802002730996865e-02 1.325671370050068298e-01 0.000000000000000000e+00
4.440000000000000000e+02 1.775893785994144825e-01 8.060992262175694645e-01 3.766499772416932040e-02 2.071005917159763482e-02 1.355257168866636219e-01 0.000000000000000000e+00
4.470000000000000000e+02 1.787893068331942725e-01 8.063268092853891345e-01 3.823395539371871044e-02 1.923076923076923184e-02 1.362084660901228816e-01 0.000000000000000000e+00
4.500000000000000000e+02 1.799892350669740626e-01 8.112198452435138707e-01 3.561675011379153433e-02 2.116522530723714129e-02 1.319981793354574329e-01 0.000000000000000000e+00
4.530000000000000000e+02 1.811891633007540747e-01 8.172507965407374009e-01 3.288575329995448160e-02 2.184797451069640448e-02 1.280154756486117373e-01 0.000000000000000000e+00
4.560000000000000000e+02 1.823890915345338648e-01 8.199817933545744397e-01 3.083750568957669552e-02 2.207555757851615771e-02 1.271051433773327244e-01 0.000000000000000000e+00
4.590000000000000000e+02 1.835890197683136549e-01 8.228265817023213691e-01 3.072371415566681890e-02 2.127901684114701791e-02 1.251706873008648080e-01 0.000000000000000000e+00
4.620000000000000000e+02 1.847889480020934450e-01 8.255575785161584079e-01 2.844788347746927612e-02 2.309968138370505075e-02 1.228948566226672756e-01 0.000000000000000000e+00
4.650000000000000000e+02 1.859888762358732350e-01 8.268092853891670924e-01 2.958579881656804578e-02 2.309968138370505075e-02 1.205052344105598527e-01 0.000000000000000000e+00
4.680000000000000000e+02 1.871888044696530251e-01 8.307919890760127046e-01 2.981338188438780248e-02 2.298588984979517413e-02 1.164087391898042806e-01 0.000000000000000000e+00
4.710000000000000000e+02 1.883887327034330372e-01 8.303368229403732537e-01 3.004096495220755572e-02 2.366863905325443732e-02 1.159535730541647741e-01 0.000000000000000000e+00
4.740000000000000000e+02 1.895886609372128273e-01 8.313609467455621571e-01 3.049613108784706567e-02 2.469276285844333035e-02 1.134501593081474746e-01 0.000000000000000000e+00
4.770000000000000000e+02 1.907885891709926174e-01 8.386436049157942607e-01 2.833409194355939950e-02 2.332726445152480746e-02 1.096950386891215323e-01 0.000000000000000000e+00
4.800000000000000000e+02 1.919885174047724075e-01 8.471779699590350488e-01 2.605826126536185672e-02 2.264451524806554428e-02 1.041192535275375503e-01 0.000000000000000000e+00
4.830000000000000000e+02 1.931884456385521975e-01 8.519572143832498945e-01 2.571688666363222686e-02 2.298588984979517413e-02 9.934000910332271839e-02 0.000000000000000000e+00
4.860000000000000000e+02 1.943883738723322097e-01 8.548020027309968238e-01 2.480655439235321044e-02 2.207555757851615771e-02 9.831588529813381494e-02 0.000000000000000000e+00
4.890000000000000000e+02 1.955883021061119997e-01 8.571916249431041912e-01 2.378243058716431393e-02 2.218934911242603433e-02 9.683659535730541890e-02 0.000000000000000000e+00
4.920000000000000000e+02 1.967882303398917898e-01 8.598088302230314506e-01 2.241693218024579104e-02 2.162039144287665124e-02 9.615384615384615918e-02 0.000000000000000000e+00
4.950000000000000000e+02 1.979881585736715799e-01 8.629949931725079404e-01 2.150659990896677115e-02 2.162039144287665124e-02 9.387801547564861293e-02 0.000000000000000000e+00
4.980000000000000000e+02 1.991880868074513700e-01 8.637915339098770628e-01 2.014110150204824826e-02 2.389622212107419055e-02 9.217114246700044977e-02 0.000000000000000000e+00
5.010000000000000000e+02 2.003880150412311600e-01 8.637915339098770628e-01 1.945835229858898507e-02 2.423759672280382388e-02 9.251251706873007963e-02 0.000000000000000000e+00
5.040000000000000000e+02 2.015879432750111722e-01 8.648156577150659663e-01 2.048247610377787811e-02 2.537551206190259354e-02 8.932635411925353430e-02 0.000000000000000000e+00
5.070000000000000000e+02 2.027878715087909622e-01 8.672052799271734447e-01 2.036868456986800149e-02 2.605826126536185672e-02 8.636777423759672834e-02 0.000000000000000000e+00
5.100000000000000000e+02 2.039877997425707523e-01 8.694811106053709215e-01 1.979972690031861493e-02 2.651342740100136666e-02 8.420573509330905870e-02 0.000000000000000000e+00
5.130000000000000000e+02 2.051877279763505424e-01 8.736913973600364258e-01 1.934456076467910846e-02 2.662721893491124328e-02 8.033682294037323979e-02 0.000000000000000000e+00
5.160000000000000000e+02 2.063876562101303325e-01 8.779016841147018191e-01 1.911697769685935522e-02 2.753755120619025970e-02 7.544378698224851743e-02 0.000000000000000000e+00
5.190000000000000000e+02 2.075875844439101225e-01 8.848429676832043622e-01 1.843422849340009204e-02 2.696859353664087314e-02 6.975421028675465873e-02 0.000000000000000000e+00
5.220000000000000000e+02 2.087875126776901347e-01 8.896222121074192080e-01 1.832043695949021542e-02 2.594446973145198010e-02 6.611288120163859305e-02 0.000000000000000000e+00
5.250000000000000000e+02 2.099874409114699247e-01 8.903049613108784399e-01 1.923076923076923184e-02 2.765134274010013632e-02 6.281292671825215723e-02 0.000000000000000000e+00
5.280000000000000000e+02 2.111873691452497148e-01 8.908739189804278924e-01 1.968593536640873831e-02 2.696859353664087314e-02 6.247155211652252738e-02 0.000000000000000000e+00
5.310000000000000000e+02 2.123872973790295049e-01 8.955393718707328476e-01 1.968593536640873831e-02 2.719617660446062984e-02 5.757851615839781195e-02 0.000000000000000000e+00
5.340000000000000000e+02 2.135872256128092950e-01 8.947428311333637252e-01 1.968593536640873831e-02 2.628584433318160996e-02 5.928538916704597511e-02 0.000000000000000000e+00
5.370000000000000000e+02 2.147871538465890850e-01 8.972462448793809831e-01 1.911697769685935522e-02 2.685480200273099652e-02 5.678197542102867562e-02 0.000000000000000000e+00
5.400000000000000000e+02 2.159870820803690972e-01 8.998634501593081314e-01 1.820664542558033533e-02 2.787892580791988956e-02 5.405097860719162289e-02 0.000000000000000000e+00
5.430000000000000000e+02 2.171870103141488872e-01 9.022530723714156098e-01 1.809285389167045871e-02 2.753755120619025970e-02 5.200273099681383682e-02 1.137915339098771066e-04
5.460000000000000000e+02 2.183869385479286773e-01 9.007737824305871444e-01 1.752389622212107562e-02 2.674101046882111990e-02 5.484751934456076616e-02 1.137915339098771066e-04
5.490000000000000000e+02 2.195868667817084674e-01 9.014565316340463763e-01 1.752389622212107562e-02 2.548930359581247015e-02 5.553026854802002588e-02 0.000000000000000000e+00
5.520000000000000000e+02 2.207867950154882575e-01 9.014565316340463763e-01 1.752389622212107562e-02 2.674101046882111990e-02 5.427856167501137613e-02 0.000000000000000000e+00
5.550000000000000000e+02 2.219867232492680476e-01 9.052116522530723186e-01 1.706873008648156567e-02 2.696859353664087314e-02 5.075102412380518707e-02 0.000000000000000000e+00
5.580000000000000000e+02 2.231866514830480597e-01 9.065771506599908935e-01 1.627218934911242587e-02 2.708238507055074976e-02 5.006827492034592736e-02 0.000000000000000000e+00
5.610000000000000000e+02 2.243865797168278498e-01 9.069185252617205650e-01 1.672735548475193582e-02 2.674101046882111990e-02 4.961310878470642088e-02 0.000000000000000000e+00
5.640000000000000000e+02 2.255865079506076398e-01 9.104460628129267263e-01 1.547564861174328607e-02 2.685480200273099652e-02 4.722348657259899801e-02 0.000000000000000000e+00
5.670000000000000000e+02 2.267864361843874299e-01 9.129494765589439842e-01 1.502048247610377786e-02 2.776513427401001294e-02 4.426490669094219205e-02 0.000000000000000000e+00
5.700000000000000000e+02 2.279863644181672200e-01 9.116977696859354108e-01 1.479289940828402289e-02 2.822030040964952288e-02 4.528903049613108855e-02 0.000000000000000000e+00
5.730000000000000000e+02 2.291862926519470101e-01 9.140873918980427781e-01 1.388256713700500647e-02 2.924442421483841592e-02 4.278561675011378906e-02 0.000000000000000000e+00
5.760000000000000000e+02 2.303862208857270222e-01 9.186390532544378429e-01 1.422394173873463806e-02 2.639963586709149004e-02 4.073736913973600299e-02 0.000000000000000000e+00
5.790000000000000000e+02 2.315861491195068123e-01 9.210286754665453213e-01 1.399635867091488309e-02 2.469276285844333035e-02 4.016841147018661989e-02 1.137915339098771066e-04
5.820000000000000000e+02 2.327860773532866023e-01 9.233045061447427981e-01 1.411015020482476144e-02 2.355484751934456070e-02 3.891670459717797015e-02 1.137915339098771066e-04
5.850000000000000000e+02 2.339860055870663924e-01 9.260355029585798370e-01 1.433773327264451468e-02 2.332726445152480746e-02 3.618570778334091742e-02 1.137915339098771066e-04
5.880000000000000000e+02 2.351859338208461825e-01 9.256941283568502765e-01 1.445152480655439303e-02 2.162039144287665124e-02 3.812016385980882688e-02 1.137915339098771066e-04
5.910000000000000000e+02 2.363858620546259726e-01 9.281975421028675344e-01 1.445152480655439303e-02 2.127901684114701791e-02 3.607191624943104080e-02 0.000000000000000000e+00
5.940000000000000000e+02 2.375857902884059847e-01 9.309285389167045732e-01 1.456531634046426965e-02 2.150659990896677115e-02 3.299954483386435822e-02 0.000000000000000000e+00
5.970000000000000000e+02 2.387857185221857748e-01 9.324078288575330387e-01 1.433773327264451468e-02 2.139280837505689453e-02 3.186162949476559203e-02 0.000000000000000000e+00
6.000000000000000000e+02 2.399856467559655648e-01 9.326354119253527086e-01 1.502048247610377786e-02 2.184797451069640448e-02 3.049613108784706567e-02 0.000000000000000000e+00
6.030000000000000000e+02 2.411855749897453549e-01 9.322940373236231482e-01 1.456531634046426965e-02 2.218934911242603433e-02 3.095129722348657214e-02 0.000000000000000000e+00
6.060000000000000000e+02 2.423855032235251450e-01 9.324078288575330387e-01 1.479289940828402289e-02 2.162039144287665124e-02 3.117888029130632538e-02 0.000000000000000000e+00
6.090000000000000000e+02 2.435854314573049351e-01 9.319526627218934767e-01 1.467910787437414627e-02 2.253072371415566766e-02 3.083750568957669552e-02 0.000000000000000000e+00
6.120000000000000000e+02 2.447853596910849472e-01 9.319526627218934767e-01 1.502048247610377786e-02 2.309968138370505075e-02 2.992717341829767910e-02 0.000000000000000000e+00
6.150000000000000000e+02 2.459852879248647373e-01 9.326354119253527086e-01 1.490669094219390124e-02 2.275830678197542090e-02 2.958579881656804578e-02 1.137915339098771066e-04
6.180000000000000000e+02 2.471852161586445273e-01 9.349112426035502965e-01 1.456531634046426965e-02 2.309968138370505075e-02 2.730996813837050646e-02 1.137915339098771066e-04
6.210000000000000000e+02 2.483851443924243174e-01 9.345698680018206250e-01 1.502048247610377786e-02 2.241693218024579104e-02 2.799271734182976618e-02 0.000000000000000000e+00
6.240000000000000000e+02 2.495850726262041075e-01 9.366181156121984319e-01 1.433773327264451468e-02 2.196176604460628110e-02 2.708238507055074976e-02 0.000000000000000000e+00
6.270000000000000000e+02 2.507850008599838976e-01 9.367319071461083224e-01 1.388256713700500647e-02 2.173418297678652786e-02 2.765134274010013632e-02 0.000000000000000000e+00
6.300000000000000000e+02 2.519849290937639097e-01 9.384387801547564578e-01 1.331360946745562164e-02 2.139280837505689453e-02 2.685480200273099652e-02 0.000000000000000000e+00
6.330000000000000000e+02 2.531848573275436998e-01 9.424214838416021811e-01 1.251706873008648184e-02 2.116522530723714129e-02 2.389622212107419055e-02 0.000000000000000000e+00
6.360000000000000000e+02 2.543847855613234898e-01 9.420801092398725096e-01 1.331360946745562164e-02 2.173418297678652786e-02 2.287209831588529751e-02 0.000000000000000000e+00
6.390000000000000000e+02 2.555847137951032799e-01 9.421939007737824001e-01 1.263086026399635846e-02 2.184797451069640448e-02 2.332726445152480746e-02 0.000000000000000000e+00
6.420000000000000000e+02 2.567846420288830700e-01 9.408284023668639362e-01 1.308602639963586667e-02 2.253072371415566766e-02 2.355484751934456070e-02 0.000000000000000000e+00
6.450000000000000000e+02 2.579845702626630821e-01 9.391215293582158008e-01 1.285844333181611343e-02 2.378243058716431393e-02 2.423759672280382388e-02 0.000000000000000000e+00
6.480000000000000000e+02 2.591844984964428722e-01 9.385525716886663483e-01 1.388256713700500647e-02 2.287209831588529751e-02 2.469276285844333035e-02 0.000000000000000000e+00
6.510000000000000000e+02 2.603844267302226623e-01 9.395766954938552518e-01 1.456531634046426965e-02 2.184797451069640448e-02 2.401001365498407064e-02 0.000000000000000000e+00
6.540000000000000000e+02 2.615843549640024523e-01 9.428766499772417431e-01 1.388256713700500647e-02 2.150659990896677115e-02 2.162039144287665124e-02 1.137915339098771066e-04
6.570000000000000000e+02 2.627842831977822424e-01 9.458352298588984519e-01 1.274465179790623508e-02 2.025489303595812488e-02 2.105143377332726468e-02 1.137915339098771066e-04
6.600000000000000000e+02 2.639842114315620325e-01 9.462903959945380139e-01 1.240327719617660522e-02 2.127901684114701791e-02 1.979972690031861493e-02 2.275830678197542133e-04
6.630000000000000000e+02 2.651841396653420446e-01 9.468593536640873554e-01 1.194811106053709528e-02 2.139280837505689453e-02 1.979972690031861493e-02 0.000000000000000000e+00
6.660000000000000000e+02 2.663840678991218347e-01 9.448111060537096595e-01 1.274465179790623508e-02 2.184797451069640448e-02 2.059626763768775473e-02 0.000000000000000000e+00
6.690000000000000000e+02 2.675839961329016248e-01 9.477696859353663683e-01 1.228948566226672687e-02 2.162039144287665124e-02 1.820664542558033533e-02 1.137915339098771066e-04
6.720000000000000000e+02 2.687839243666814149e-01 9.493627674101047242e-01 1.149294492489758707e-02 2.105143377332726468e-02 1.797906235776058209e-02 1.137915339098771066e-04
6.750000000000000000e+02 2.699838526004612049e-01 9.506144742831132977e-01 1.183431952662721866e-02 2.002730996813837164e-02 1.741010468821119553e-02 1.137915339098771066e-04
6.780000000000000000e+02 2.711837808342409950e-01 9.511834319526627501e-01 1.103777878925807886e-02 2.048247610377787811e-02 1.718252162039144229e-02 1.137915339098771066e-04
6.810000000000000000e+02 2.723837090680210071e-01 9.508420573509330787e-01 1.115157032316795548e-02 2.025489303595812488e-02 1.763768775603095224e-02 1.137915339098771066e-04
