# itime ezz other fcc hcp bcc ico
0.000000000000000000e+00 0.000000000000000000e+00 0.000000000000000000e+00 1.000000000000000000e+00 0.000000000000000000e+00 0.000000000000000000e+00 0.000000000000000000e+00
2.500000000000000000e+02 1.000003127649118362e-02 0.000000000000000000e+00 1.000000000000000000e+00 0.000000000000000000e+00 0.000000000000000000e+00 0.000000000000000000e+00
5.000000000000000000e+02 2.000006255298236724e-02 0.000000000000000000e+00 1.000000000000000000e+00 0.000000000000000000e+00 0.000000000000000000e+00 0.000000000000000000e+00
7.500000000000000000e+02 3.000009382947355085e-02 0.000000000000000000e+00 1.000000000000000000e+00 0.000000000000000000e+00 0.000000000000000000e+00 0.000000000000000000e+00
1.000000000000000000e+03 4.000012510596473447e-02 0.000000000000000000e+00 1.000000000000000000e+00 0.000000000000000000e+00 0.000000000000000000e+00 0.000000000000000000e+00
1.250000000000000000e+03 5.000015638245591809e-02 0.000000000000000000e+00 1.000000000000000000e+00 0.000000000000000000e+00 0.000000000000000000e+00 0.000000000000000000e+00
1.500000000000000000e+03 6.000018765894710171e-02 0.000000000000000000e+00 1.000000000000000000e+00 0.000000000000000000e+00 0.000000000000000000e+00 0.000000000000000000e+00
1.750000000000000000e+03 7.000021893543828533e-02 0.000000000000000000e+00 1.000000000000000000e+00 0.000000000000000000e+00 0.000000000000000000e+00 0.000000000000000000e+00
2.000000000000000000e+03 8.000025021192946895e-02 2.275830678197542133e-04 9.997724169321802190e-01 0.000000000000000000e+00 0.000000000000000000e+00 0.000000000000000000e+00
2.250000000000000000e+03 9.000028148842065256e-02 1.024123805188893906e-03 9.988620846609012061e-01 0.000000000000000000e+00 1.137915339098771066e-04 0.000000000000000000e+00
2.500000000000000000e+03 1.000003127649118362e-01 2.958579881656804664e-03 9.970414201183431802e-01 0.000000000000000000e+00 0.000000000000000000e+00 0.000000000000000000e+00
2.750000000000000000e+03 1.100003440414030198e-01 7.624032771961766417e-03 9.922621756941283344e-01 0.000000000000000000e+00 1.137915339098771066e-04 0.000000000000000000e+00
3.000000000000000000e+03 1.200003753178944255e-01 3.368229403732362487e-02 9.591488393263540857e-01 0.000000000000000000e+00 7.168866636322257339e-03 0.000000000000000000e+00
3.250000000000000000e+03 1.300004065943856091e-01 3.794947655894401195e-01 1.139053254437869811e-01 7.965407373691396923e-04 5.058033682294037492e-01 0.000000000000000000e+00
3.500000000000000000e+03 1.400004378708767927e-01 5.201411015020482864e-01 1.175466545289030468e-01 1.804733727810650945e-01 1.818388711879836139e-01 0.000000000000000000e+00
3.750000000000000000e+03 1.500004691473679763e-01 5.015930814747382449e-01 1.159535730541647741e-01 2.548930359581247362e-01 1.275603095129722309e-01 0.000000000000000000e+00
4.000000000000000000e+03 1.600005004238591599e-01 5.438097405553027341e-01 1.151570323167956239e-01 2.895994538006372299e-01 5.143377332726445372e-02 0.000000000000000000e+00
4.250000000000000000e+03 1.700005317003503436e-01 5.493855257168867023e-01 1.193673190714610866e-01 2.877787892580792040e-01 4.346836595357305572e-02 0.000000000000000000e+00
4.500000000000000000e+03 1.800005629768415272e-01 5.553026854802002310e-01 1.173190714610832935e-01 2.925580336822940497e-01 3.482020937642239106e-02 0.000000000000000000e+00
4.750000000000000000e+03 1.900005942533327108e-01 5.785161583978152278e-01 1.139053254437869811e-01 2.697997269003186149e-01 3.777878925807919702e-02 0.000000000000000000e+00
5.000000000000000000e+03 2.000006255298238944e-01 6.007055075102412101e-01 2.233727810650887602e-01 1.545289030496131144e-01 2.139280837505689453e-02 0.000000000000000000e+00
5.250000000000000000e+03 2.100006568063150780e-01 5.574647246244879284e-01 3.264679107874374209e-01 7.919890760127445972e-02 3.686845698680018407e-02 0.000000000000000000e+00
5.500000000000000000e+03 2.200006880828062616e-01 5.351615839781520556e-01 3.025716886663632477e-01 1.282430587164314906e-01 3.402366863905325473e-02 0.000000000000000000e+00
5.750000000000000000e+03 2.300007193592974453e-01 5.190031861629494925e-01 2.730996813837050508e-01 1.903732362312244020e-01 1.752389622212107562e-02 0.000000000000000000e+00
6.000000000000000000e+03 2.400007506357886289e-01 4.897587619481110766e-01 2.431725079654073751e-01 2.592171142467000200e-01 7.851615839781519654e-03 0.000000000000000000e+00
6.250000000000000000e+03 2.500007819122798125e-01 4.873691397360036537e-01 2.347519344560764776e-01 2.686618115612198210e-01 9.217114246700046018e-03 0.000000000000000000e+00
6.500000000000000000e+03 2.600008131887709961e-01 4.889622212107418986e-01 2.348657259899863403e-01 2.605826126536185949e-01 1.558944014565316269e-02 0.000000000000000000e+00
6.750000000000000000e+03 2.700008444652621797e-01 4.863450159308147502e-01 2.344105598543468338e-01 2.617205279927173334e-01 1.752389622212107562e-02 0.000000000000000000e+00
7.000000000000000000e+03 2.800008757417533634e-01 5.110377787892580459e-01 2.094902139280837572e-01 2.575102412380518846e-01 2.196176604460628110e-02 0.000000000000000000e+00
7.250000000000000000e+03 2.900009070182445470e-01 5.160446062812926726e-01 1.775147928994082747e-01 2.782203004096495125e-01 2.822030040964952288e-02 0.000000000000000000e+00
7.500000000000000000e+03 3.000009382947357306e-01 5.238962221210742287e-01 1.621529358215748617e-01 2.662721893491124536e-01 4.767865270823850449e-02 0.000000000000000000e+00
7.750000000000000000e+03 3.100009695712269142e-01 5.356167501137915066e-01 7.828857532999544677e-02 3.141784251251706905e-01 7.191624943104232837e-02 0.000000000000000000e+00
8.000000000000000000e+03 3.200010008477180978e-01 3.054164770141101770e-01 1.832043695949021542e-02 6.731907146108329076e-01 3.072371415566681717e-03 0.000000000000000000e+00
8.250000000000000000e+03 3.300010321242092814e-01 2.724169321802457633e-01 6.508875739644970349e-02 6.586253982703687004e-01 3.868912152935821518e-03 0.000000000000000000e+00
8.500000000000000000e+03 3.400010634007004651e-01 2.504551661356395065e-01 5.018206645425580398e-02 6.964041875284479044e-01 2.958579881656804664e-03 0.000000000000000000e+00
8.750000000000000000e+03 3.500010946771916487e-01 2.397587619481110488e-01 2.378243058716431393e-02 7.358898497951752438e-01 5.689576695493854790e-04 0.000000000000000000e+00
9.000000000000000000e+03 3.600011259536830543e-01 2.407828857532999522e-01 1.604460628129267263e-02 7.423759672280382249e-01 7.965407373691396923e-04 0.000000000000000000e+00
9.250000000000000000e+03 3.700011572301742380e-01 2.414656349567592120e-01 0.000000000000000000e+00 7.581929904415111166e-01 3.413746017296313199e-04 0.000000000000000000e+00
9.500000000000000000e+03 3.800011885066654216e-01 2.658170232134728916e-01 0.000000000000000000e+00 7.333864360491579859e-01 7.965407373691396923e-04 0.000000000000000000e+00
9.750000000000000000e+03 3.900012197831566052e-01 2.651342740100136597e-01 0.000000000000000000e+00 7.344105598543468894e-01 4.551661356395084266e-04 0.000000000000000000e+00
1.000000000000000000e+04 4.000012510596477888e-01 2.631998179335457433e-01 0.000000000000000000e+00 7.357760582612653533e-01 1.024123805188893906e-03 0.000000000000000000e+00
1.025000000000000000e+04 4.100012823361389724e-01 2.652480655439235502e-01 0.000000000000000000e+00 7.335002275830677654e-01 1.251706873008648227e-03 0.000000000000000000e+00
1.050000000000000000e+04 4.200013136126301561e-01 2.697997269003186149e-01 0.000000000000000000e+00 7.288347746927628101e-01 1.365498406918525280e-03 0.000000000000000000e+00
1.075000000000000000e+04 4.300013448891213397e-01 2.745789713245334607e-01 9.103322712790168532e-04 7.231451979972689514e-01 1.365498406918525280e-03 0.000000000000000000e+00
1.100000000000000000e+04 4.400013761656125233e-01 2.931269913518434467e-01 5.348202093764223633e-03 6.983386436049158208e-01 3.186162949476558769e-03 0.000000000000000000e+00
1.125000000000000000e+04 4.500014074421037069e-01 3.245334547109695045e-01 2.571688666363222686e-02 6.408739189804278924e-01 8.875739644970414427e-03 0.000000000000000000e+00
1.150000000000000000e+04 4.600014387185948905e-01 3.491124260355029651e-01 7.942649066909421296e-02 5.601957214383249672e-01 1.126536185707783383e-02 0.000000000000000000e+00
1.175000000000000000e+04 4.700014699950860741e-01 3.686845698680017991e-01 1.095812471552116557e-01 5.081929904415111166e-01 1.354119253527537488e-02 0.000000000000000000e+00
1.200000000000000000e+04 4.800015012715772578e-01 3.651570323167956378e-01 1.528220300409649512e-01 4.687073281747837772e-01 1.331360946745562164e-02 0.000000000000000000e+00
1.225000000000000000e+04 4.900015325480684414e-01 3.466090122894856518e-01 1.591943559399180697e-01 4.821347291761493015e-01 1.206190259444697363e-02 0.000000000000000000e+00
1.250000000000000000e+04 5.000015638245596250e-01 3.273782430587164338e-01 1.960628129267182607e-01 4.658625398270368478e-01 1.069640418752844727e-02 0.000000000000000000e+00
1.275000000000000000e+04 5.100015951010508086e-01 2.906235776058261333e-01 2.602412380518889234e-01 4.425352753755120716e-01 6.599908966772872511e-03 0.000000000000000000e+00
1.300000000000000000e+04 5.200016263775419922e-01 2.776513427401001155e-01 2.647928994082840437e-01 4.473145197997269173e-01 1.024123805188893906e-02 0.000000000000000000e+00
1.325000000000000000e+04 5.300016576540331759e-01 2.702548930359581214e-01 2.696859353664087244e-01 4.503868912152935722e-01 9.672280382339554228e-03 0.000000000000000000e+00
1.350000000000000000e+04 5.400016889305243595e-01 2.633136094674556338e-01 2.688893946290396020e-01 4.576695493855257313e-01 1.012744651797906244e-02 0.000000000000000000e+00
1.375000000000000000e+04 5.500017202070155431e-01 2.500000000000000000e-01 2.761720527992717611e-01 4.662039144287665193e-01 7.624032771961766417e-03 0.000000000000000000e+00
1.400000000000000000e+04 5.600017514835067267e-01 2.335002275830678209e-01 2.833409194355939742e-01 4.745106964041875264e-01 8.648156577150659455e-03 0.000000000000000000e+00
1.425000000000000000e+04 5.700017827599979103e-01 2.058488848429676776e-01 2.868684569868001910e-01 4.938552571688666348e-01 1.342740100136549826e-02 0.000000000000000000e+00
1.450000000000000000e+04 5.800018140364890940e-01 2.084660901228948537e-01 2.874374146563495880e-01 4.915794264906691025e-01 1.251706873008648184e-02 0.000000000000000000e+00
1.475000000000000000e+04 5.900018453129804996e-01 2.081247155211652378e-01 2.814064633591260578e-01 4.904415111515703085e-01 2.002730996813837164e-02 0.000000000000000000e+00
1.500000000000000000e+04 6.000018765894716832e-01 1.869594902139280757e-01 2.928994082840236657e-01 5.125170687300865113e-01 7.624032771961766417e-03 0.000000000000000000e+00
1.525000000000000000e+04 6.100019078659628669e-01 1.693218024578971304e-01 3.048475193445607800e-01 5.225307237141556538e-01 3.299954483386436255e-03 0.000000000000000000e+00
1.550000000000000000e+04 6.200019391424540505e-01 1.588529813381884259e-01 3.081474738279472159e-01 5.310650887573964418e-01 1.934456076467910759e-03 0.000000000000000000e+00
1.575000000000000000e+04 6.300019704189452341e-01 1.503186162949476656e-01 3.136094674556212936e-01 5.349340009103322746e-01 1.137915339098770958e-03 0.000000000000000000e+00
1.600000000000000000e+04 6.400020016954364177e-01 1.464497041420118328e-01 3.156577150659991005e-01 5.370960400546199720e-01 7.965407373691396923e-04 0.000000000000000000e+00
1.625000000000000000e+04 6.500020329719276013e-01 1.416704597177969871e-01 3.178197542102867423e-01 5.399408284023669014e-01 5.689576695493854790e-04 0.000000000000000000e+00
1.650000000000000000e+04 6.600020642484187849e-01 1.411015020482476179e-01 3.175921711424670169e-01 5.394856622667273394e-01 1.820664542558033706e-03 0.000000000000000000e+00
1.675000000000000000e+04 6.700020955249099686e-01 1.434911242603550408e-01 3.148611743286299225e-01 5.350477924442421651e-01 6.599908966772872511e-03 0.000000000000000000e+00
1.700000000000000000e+04 6.800021268014011522e-01 1.960628129267182607e-01 2.808375056895767163e-01 4.905553026854801990e-01 3.254437869822485174e-02 0.000000000000000000e+00
1.725000000000000000e+04 6.900021580778923358e-01 2.781065088757396220e-01 2.751479289940828576e-01 4.333181611288119961e-01 1.342740100136549826e-02 0.000000000000000000e+00
1.750000000000000000e+04 7.000021893543835194e-01 2.770823850705507740e-01 2.616067364588074429e-01 4.541420118343195145e-01 7.168866636322257339e-03 0.000000000000000000e+00
1.775000000000000000e+04 7.100022206308747030e-01 2.745789713245334607e-01 2.554619936276740777e-01 4.670004551661356418e-01 2.958579881656804664e-03 0.000000000000000000e+00
1.800000000000000000e+04 7.200022519073658867e-01 2.807237141556668258e-01 2.512517068730086289e-01 4.635867091488393155e-01 4.437869822485207214e-03 0.000000000000000000e+00
1.825000000000000000e+04 7.300022831838570703e-01 2.847064178425124936e-01 2.461310878470641672e-01 4.640418752844788219e-01 5.120619025944469528e-03 0.000000000000000000e+00
1.850000000000000000e+04 7.400023144603482539e-01 2.913063268092853653e-01 2.410104688211197055e-01 4.606281292671824956e-01 7.055075102412380721e-03 0.000000000000000000e+00
1.875000000000000000e+04 7.500023457368394375e-01 3.086026399635867223e-01 2.344105598543468338e-01 4.448111060537096040e-01 1.217569412835685025e-02 0.000000000000000000e+00
1.900000000000000000e+04 7.600023770133306211e-01 3.240782885753299980e-01 2.482931269913518368e-01 4.167045971779699820e-01 1.092398725534820224e-02 0.000000000000000000e+00
1.925000000000000000e+04 7.700024082898218047e-01 3.329540282203004020e-01 2.515930814747383004e-01 4.044151115157032517e-01 1.103777878925807886e-02 0.000000000000000000e+00
1.950000000000000000e+04 7.800024395663129884e-01 3.306781975421028696e-01 2.608101957214383204e-01 3.928083750568957533e-01 1.570323167956303931e-02 0.000000000000000000e+00
1.975000000000000000e+04 7.900024708428041720e-01 3.270368684569868178e-01 2.639963586709148657e-01 3.855257168866636497e-01 2.344105598543468408e-02 0.000000000000000000e+00
2.000000000000000000e+04 8.000025021192953556e-01 3.384160218479745352e-01 2.667273554847519601e-01 3.753982703686845612e-01 1.945835229858898507e-02 0.000000000000000000e+00
2.025000000000000000e+04 8.100025333957865392e-01 3.384160218479745352e-01 2.712790168411470249e-01 3.680018206645425671e-01 2.230314064633591095e-02 0.000000000000000000e+00
2.050000000000000000e+04 8.200025646722777228e-01 3.475193445607646647e-01 2.775375512061902805e-01 3.493400091033226906e-01 2.560309512972235024e-02 0.000000000000000000e+00
2.075000000000000000e+04 8.300025959487691285e-01 3.413746017296312996e-01 2.949476558944014726e-01 3.314747382794719921e-01 3.220300409649522189e-02 0.000000000000000000e+00
2.100000000000000000e+04 8.400026272252603121e-01 3.501365498406918686e-01 3.048475193445607800e-01 3.255575785161584079e-01 1.945835229858898507e-02 0.000000000000000000e+00
2.125000000000000000e+04 8.500026585017514957e-01 3.504779244424214846e-01 3.050751024123805055e-01 3.273782430587164338e-01 1.706873008648156567e-02 0.000000000000000000e+00
2.150000000000000000e+04 8.600026897782426794e-01 3.455848884842967483e-01 3.004096495220755503e-01 3.286299499317250628e-01 2.537551206190259354e-02 0.000000000000000000e+00
2.175000000000000000e+04 8.700027210547338630e-01 3.578743741465634787e-01 3.017751479289940697e-01 3.207783340919435622e-01 1.957214383249886169e-02 0.000000000000000000e+00
2.200000000000000000e+04 8.800027523312250466e-01 3.603777878925807920e-01 3.125853436504323901e-01 3.046199362767409990e-01 2.241693218024579104e-02 0.000000000000000000e+00
2.225000000000000000e+04 8.900027836077162302e-01 3.578743741465634787e-01 3.327264451524806765e-01 2.901684114701866268e-01 1.923076923076923184e-02 0.000000000000000000e+00
2.250000000000000000e+04 9.000028148842074138e-01 3.492262175694128556e-01 3.510468821119708815e-01 2.810650887573964418e-01 1.866181156121984527e-02 0.000000000000000000e+00
2.275000000000000000e+04 9.100028461606985974e-01 3.515020482476103880e-01 3.700500682749203185e-01 2.567137005006827621e-01 2.173418297678652786e-02 0.000000000000000000e+00
2.300000000000000000e+04 9.200028774371897811e-01 3.459262630860264198e-01 3.881429221665907980e-01 2.430587164314974846e-01 2.287209831588529751e-02 0.000000000000000000e+00
2.325000000000000000e+04 9.300029087136809647e-01 3.436504324078288319e-01 3.835912608101957333e-01 2.495448338643604935e-01 2.321347291761493084e-02 0.000000000000000000e+00
2.350000000000000000e+04 9.400029399901721483e-01 3.413746017296312996e-01 3.881429221665907980e-01 2.522758306781975324e-01 1.820664542558033533e-02 0.000000000000000000e+00
2.375000000000000000e+04 9.500029712666633319e-01 3.403504779244423961e-01 3.882567137005006885e-01 2.529585798816568198e-01 1.843422849340009204e-02 0.000000000000000000e+00
2.400000000000000000e+04 9.600030025431545155e-01 3.394401456531633832e-01 3.948566226672735602e-01 2.428311333636777314e-01 2.287209831588529751e-02 0.000000000000000000e+00
2.425000000000000000e+04 9.700030338196456992e-01 3.293126991351843502e-01 4.064633591260810030e-01 2.454483386436049075e-01 1.877560309512972189e-02 0.000000000000000000e+00
2.450000000000000000e+04 9.800030650961368828e-01 3.175921711424670169e-01 4.077150659990896875e-01 2.567137005006827621e-01 1.797906235776058209e-02 0.000000000000000000e+00
2.475000000000000000e+04 9.900030963726280664e-01 3.075785161583978189e-01 4.154528903049612976e-01 2.650204824761037692e-01 1.194811106053709528e-02 0.000000000000000000e+00
2.500000000000000000e+04 1.000003127649119250e+00 2.941511151570322946e-01 4.178425125170687204e-01 2.757168866636321991e-01 1.228948566226672687e-02 0.000000000000000000e+00
