# itime ezz other fcc hcp bcc ico
0.000000000000000000e+00 0.000000000000000000e+00 0.000000000000000000e+00 1.000000000000000000e+00 0.000000000000000000e+00 0.000000000000000000e+00 0.000000000000000000e+00
2.500000000000000000e+02 1.000002546701117545e-02 0.000000000000000000e+00 1.000000000000000000e+00 0.000000000000000000e+00 0.000000000000000000e+00 0.000000000000000000e+00
5.000000000000000000e+02 2.000005093402257295e-02 0.000000000000000000e+00 1.000000000000000000e+00 0.000000000000000000e+00 0.000000000000000000e+00 0.000000000000000000e+00
7.500000000000000000e+02 3.000007640103374840e-02 0.000000000000000000e+00 1.000000000000000000e+00 0.000000000000000000e+00 0.000000000000000000e+00 0.000000000000000000e+00
1.000000000000000000e+03 4.000010186804514589e-02 0.000000000000000000e+00 1.000000000000000000e+00 0.000000000000000000e+00 0.000000000000000000e+00 0.000000000000000000e+00
1.250000000000000000e+03 5.000012733505632134e-02 0.000000000000000000e+00 1.000000000000000000e+00 0.000000000000000000e+00 0.000000000000000000e+00 0.000000000000000000e+00
1.500000000000000000e+03 6.000015280206771884e-02 0.000000000000000000e+00 1.000000000000000000e+00 0.000000000000000000e+00 0.000000000000000000e+00 0.000000000000000000e+00
1.750000000000000000e+03 7.000017826907889429e-02 1.137915339098771066e-04 9.998862084660901095e-01 0.000000000000000000e+00 0.000000000000000000e+00 0.000000000000000000e+00
2.000000000000000000e+03 8.000020373609029178e-02 0.000000000000000000e+00 1.000000000000000000e+00 0.000000000000000000e+00 0.000000000000000000e+00 0.000000000000000000e+00
2.250000000000000000e+03 9.000022920310146723e-02 1.479289940828402332e-03 9.985207100591716456e-01 0.000000000000000000e+00 0.000000000000000000e+00 0.000000000000000000e+00
2.500000000000000000e+03 1.000002546701126427e-01 2.048247610377787811e-03 9.978379608557123026e-01 0.000000000000000000e+00 1.137915339098771066e-04 0.000000000000000000e+00
2.750000000000000000e+03 1.100002801371240402e-01 6.030951297223486815e-03 9.938552571688666903e-01 0.000000000000000000e+00 1.137915339098771066e-04 0.000000000000000000e+00
3.000000000000000000e+03 1.200003056041352156e-01 5.131998179335457710e-02 9.384387801547564578e-01 0.000000000000000000e+00 1.024123805188893906e-02 0.000000000000000000e+00
3.250000000000000000e+03 1.300003310711466131e-01 3.587847064178424916e-01 1.034365043240782905e-01 1.251706873008648227e-03 5.365270823850705195e-01 0.000000000000000000e+00
3.500000000000000000e+03 1.400003565381577886e-01 3.675466545289030607e-01 1.808147473827947105e-01 5.325443786982248656e-02 3.983841602184797215e-01 0.000000000000000000e+00
3.750000000000000000e+03 1.500003820051691861e-01 3.915566681838871244e-01 3.098543468365953513e-01 1.760355029585798925e-01 1.225534820209376458e-01 0.000000000000000000e+00
4.000000000000000000e+03 1.600004074721803615e-01 3.668639053254437732e-01 3.858670914883932657e-01 1.957214383249886169e-01 5.154756486117433034e-02 0.000000000000000000e+00
4.250000000000000000e+03 1.700004329391917590e-01 3.138370505234410746e-01 4.503868912152935722e-01 2.000455166135639562e-01 3.573054164770141095e-02 0.000000000000000000e+00
4.500000000000000000e+03 1.800004584062029345e-01 2.866408739189804100e-01 4.782658170232134687e-01 2.060764679107874309e-01 2.901684114701866268e-02 0.000000000000000000e+00
4.750000000000000000e+03 1.900004838732143320e-01 2.658170232134728916e-01 5.023896222121073674e-01 2.155211652253072319e-01 1.627218934911242587e-02 0.000000000000000000e+00
5.000000000000000000e+03 2.000005093402255074e-01 2.818616294947655643e-01 4.903277196176604735e-01 2.154073736913973691e-01 1.240327719617660522e-02 0.000000000000000000e+00
5.250000000000000000e+03 2.100005348072366829e-01 2.773099681383704995e-01 4.890760127446517891e-01 2.196176604460628179e-01 1.399635867091488309e-02 0.000000000000000000e+00
5.500000000000000000e+03 2.200005602742480804e-01 2.905097860719162428e-01 4.849795175238962308e-01 2.110832954028220299e-01 1.342740100136549826e-02 0.000000000000000000e+00
5.750000000000000000e+03 2.300005857412592558e-01 2.862994993172507940e-01 4.885070550751023921e-01 2.164314974965862448e-01 8.761948111060537808e-03 0.000000000000000000e+00
6.000000000000000000e+03 2.400006112082706533e-01 2.721893491124260378e-01 5.094446973145198010e-01 2.077833409194355940e-01 1.058261265361857065e-02 0.000000000000000000e+00
6.250000000000000000e+03 2.500006366752818288e-01 2.695721438324988894e-01 5.059171597633136397e-01 2.132453345471096995e-01 1.126536185707783383e-02 0.000000000000000000e+00
6.500000000000000000e+03 2.600006621422932263e-01 2.626308602639963463e-01 5.035275375512061613e-01 2.199590350477924339e-01 1.388256713700500647e-02 0.000000000000000000e+00
6.750000000000000000e+03 2.700006876093044017e-01 2.505689576695493970e-01 5.218479745106964218e-01 2.137005006827492060e-01 1.388256713700500647e-02 0.000000000000000000e+00
7.000000000000000000e+03 2.800007130763157992e-01 2.399863450159308020e-01 5.491579426490669213e-01 1.998179335457442030e-01 1.103777878925807886e-02 0.000000000000000000e+00
7.250000000000000000e+03 2.900007385433269746e-01 2.439690487027765253e-01 5.518889394629039602e-01 1.937869822485207005e-01 1.035502958579881741e-02 0.000000000000000000e+00
7.500000000000000000e+03 3.000007640103381501e-01 2.272416932180245652e-01 5.645197997269003620e-01 2.012972234865725851e-01 6.941283568502503235e-03 0.000000000000000000e+00
7.750000000000000000e+03 3.100007894773495476e-01 2.250796540737369233e-01 5.679335457441966328e-01 1.926490669094219343e-01 1.433773327264451468e-02 0.000000000000000000e+00
8.000000000000000000e+03 3.200008149443607230e-01 2.131315430131998090e-01 5.937642239417387779e-01 1.860491579426490627e-01 7.055075102412380721e-03 0.000000000000000000e+00
8.250000000000000000e+03 3.300008404113721205e-01 2.089212562585343602e-01 5.870505234410560158e-01 1.944697314519799602e-01 9.558488848429677609e-03 0.000000000000000000e+00
8.500000000000000000e+03 3.400008658783832960e-01 2.080109239872553473e-01 5.919435593991807520e-01 1.943559399180700975e-01 5.689576695493855224e-03 0.000000000000000000e+00
8.750000000000000000e+03 3.500008913453946935e-01 2.068730086481565811e-01 5.870505234410560158e-01 1.977696859353663961e-01 8.306781975421027864e-03 0.000000000000000000e+00
9.000000000000000000e+03 3.600009168124058689e-01 2.072143832498861971e-01 5.884160218479744797e-01 1.978834774692762866e-01 6.486117432862995025e-03 0.000000000000000000e+00
9.250000000000000000e+03 3.700009422794172664e-01 2.110832954028220299e-01 5.883022303140645892e-01 1.903732362312244020e-01 1.024123805188893906e-02 0.000000000000000000e+00
9.500000000000000000e+03 3.800009677464284419e-01 2.139280837505689592e-01 5.918297678652708615e-01 1.847974510696404060e-01 9.444697314519799256e-03 0.000000000000000000e+00
9.750000000000000000e+03 3.900009932134398394e-01 2.251934456076467861e-01 5.868229403732362348e-01 1.775147928994082747e-01 1.046882111970869403e-02 0.000000000000000000e+00
1.000000000000000000e+04 4.000010186804510148e-01 2.292899408284023721e-01 5.738507055075102725e-01 1.800182066454255880e-01 1.684114701866181243e-02 0.000000000000000000e+00
1.025000000000000000e+04 4.100010441474621903e-01 2.335002275830678209e-01 5.650887573964497035e-01 1.857077833409194467e-01 1.570323167956303931e-02 0.000000000000000000e+00
1.050000000000000000e+04 4.200010696144735878e-01 2.284934000910332219e-01 5.831816112881201830e-01 1.755803368229403860e-01 1.274465179790623508e-02 0.000000000000000000e+00
1.075000000000000000e+04 4.300010950814847632e-01 2.316795630405097950e-01 5.867091488393263443e-01 1.711424670004551563e-01 1.046882111970869403e-02 0.000000000000000000e+00
1.100000000000000000e+04 4.400011205484961607e-01 2.261037778789257990e-01 5.966090122894857073e-01 1.677287209831588577e-01 9.558488848429677609e-03 0.000000000000000000e+00
1.125000000000000000e+04 4.500011460155073362e-01 2.217796995903504875e-01 5.937642239417387779e-01 1.763768775603095085e-01 8.079198907601274626e-03 0.000000000000000000e+00
1.150000000000000000e+04 4.600011714825187337e-01 2.232589895311788697e-01 6.121984524351388179e-01 1.586253982703686727e-01 5.917159763313609329e-03 0.000000000000000000e+00
1.175000000000000000e+04 4.700011969495299091e-01 2.276968593536640995e-01 6.248293126991352198e-01 1.392808375056895642e-01 8.192990441511151245e-03 0.000000000000000000e+00
1.200000000000000000e+04 4.800012224165413066e-01 2.198452435138825711e-01 6.326809285389166648e-01 1.400773782430587144e-01 7.396449704142011444e-03 0.000000000000000000e+00
1.225000000000000000e+04 4.900012478835524821e-01 2.291761492944924816e-01 6.352981338188439242e-01 1.269913518434228616e-01 8.534365043240782836e-03 0.000000000000000000e+00
1.250000000000000000e+04 5.000012733505636575e-01 2.403277196176604458e-01 6.251706873008647802e-01 1.217569412835685094e-01 1.274465179790623508e-02 0.000000000000000000e+00
1.275000000000000000e+04 5.100012988175750550e-01 2.366863905325443662e-01 6.180018206645425671e-01 1.343878015475648557e-01 1.092398725534820224e-02 0.000000000000000000e+00
1.300000000000000000e+04 5.200013242845862305e-01 2.361174328629949970e-01 6.177742375967227861e-01 1.332498862084660896e-01 1.285844333181611343e-02 0.000000000000000000e+00
1.325000000000000000e+04 5.300013497515976280e-01 2.426035502958579781e-01 6.068502503413746307e-01 1.331360946745562268e-01 1.741010468821119553e-02 0.000000000000000000e+00
1.350000000000000000e+04 5.400013752186088034e-01 2.364588074647246130e-01 6.228948566226673034e-01 1.274465179790623681e-01 1.319981793354574502e-02 0.000000000000000000e+00
1.375000000000000000e+04 5.500014006856202009e-01 2.179107874374146547e-01 6.561219845243514426e-01 1.162949476558944040e-01 9.672280382339554228e-03 0.000000000000000000e+00
1.400000000000000000e+04 5.600014261526313764e-01 2.172280382339553950e-01 6.474738279472007640e-01 1.244879380974055483e-01 1.081019572143832562e-02 0.000000000000000000e+00
1.425000000000000000e+04 5.700014516196427738e-01 2.259899863450159363e-01 6.484979517523896675e-01 1.120846609012289552e-01 1.342740100136549826e-02 0.000000000000000000e+00
1.450000000000000000e+04 5.800014770866539493e-01 2.296313154301319881e-01 6.424670004551661373e-01 1.184569868001820597e-01 9.444697314519799256e-03 0.000000000000000000e+00
1.475000000000000000e+04 5.900015025536653468e-01 2.306554392353208915e-01 6.434911242603550408e-01 1.124260355029585851e-01 1.342740100136549826e-02 0.000000000000000000e+00
1.500000000000000000e+04 6.000015280206765222e-01 2.347519344560764776e-01 6.342740100136550208e-01 1.191397360036413333e-01 1.183431952662721866e-02 0.000000000000000000e+00
1.525000000000000000e+04 6.100015534876876977e-01 2.288347746927628656e-01 6.231224396904869733e-01 1.384842967683204418e-01 9.558488848429677609e-03 0.000000000000000000e+00
1.550000000000000000e+04 6.200015789546990952e-01 2.217796995903504875e-01 6.228948566226673034e-01 1.457669549385525731e-01 9.558488848429677609e-03 0.000000000000000000e+00
1.575000000000000000e+04 6.300016044217102706e-01 2.215521165225307343e-01 6.187983614019116896e-01 1.499772416932180219e-01 9.672280382339554228e-03 0.000000000000000000e+00
1.600000000000000000e+04 6.400016298887216681e-01 2.331588529813381772e-01 6.043468365953572619e-01 1.498634501593081592e-01 1.263086026399635846e-02 0.000000000000000000e+00
1.625000000000000000e+04 6.500016553557328436e-01 2.314519799726900418e-01 5.997951752389621971e-01 1.564633591260810308e-01 1.228948566226672687e-02 0.000000000000000000e+00
1.650000000000000000e+04 6.600016808227442411e-01 2.422621756941283622e-01 5.768092853891670924e-01 1.657942649066909413e-01 1.513427401001365448e-02 0.000000000000000000e+00
1.675000000000000000e+04 6.700017062897554165e-01 2.603550295857988139e-01 5.595129722348657353e-01 1.599908966772872199e-01 2.014110150204824826e-02 0.000000000000000000e+00
1.700000000000000000e+04 6.800017317567668140e-01 2.542102867546654488e-01 5.609922621756940897e-01 1.752389622212107423e-01 9.558488848429677609e-03 0.000000000000000000e+00
1.725000000000000000e+04 6.900017572237779895e-01 2.363450159308147502e-01 5.793126991351843502e-01 1.737596722803823324e-01 1.058261265361857065e-02 0.000000000000000000e+00
1.750000000000000000e+04 7.000017826907891649e-01 2.319071461083295482e-01 5.944469731451980099e-01 1.645425580336822846e-01 9.103322712790167665e-03 0.000000000000000000e+00
1.775000000000000000e+04 7.100018081578005624e-01 2.323623122439690547e-01 5.892125625853436022e-01 1.697769685935366368e-01 8.648156577150659455e-03 0.000000000000000000e+00
1.800000000000000000e+04 7.200018336248117379e-01 2.404415111515703363e-01 5.541647701411015481e-01 1.920801092398725651e-01 1.331360946745562164e-02 0.000000000000000000e+00
1.825000000000000000e+04 7.300018590918231354e-01 2.467000455166135642e-01 5.279927173418297315e-01 2.147246244879381094e-01 1.058261265361857065e-02 0.000000000000000000e+00
1.850000000000000000e+04 7.400018845588343108e-01 2.416932180245789652e-01 5.367546654528903005e-01 2.110832954028220299e-01 1.046882111970869403e-02 0.000000000000000000e+00
1.875000000000000000e+04 7.500019100258457083e-01 2.562585343650432557e-01 5.193445607646790529e-01 2.104005461993627701e-01 1.399635867091488309e-02 0.000000000000000000e+00
1.900000000000000000e+04 7.600019354928568838e-01 2.576240327719617751e-01 5.159308147473827821e-01 2.157487482931269851e-01 1.069640418752844727e-02 0.000000000000000000e+00
1.925000000000000000e+04 7.700019609598682813e-01 2.624032771961766208e-01 5.170687300864815761e-01 2.093764223941738667e-01 1.115157032316795548e-02 0.000000000000000000e+00
1.950000000000000000e+04 7.800019864268794567e-01 2.688893946290396020e-01 5.053482020937641872e-01 2.148384160218479721e-01 1.092398725534820224e-02 0.000000000000000000e+00
1.975000000000000000e+04 7.900020118938908542e-01 2.732134729176149412e-01 4.840691852526172179e-01 2.337278106508875741e-01 8.989531178880291046e-03 0.000000000000000000e+00
2.000000000000000000e+04 8.000020373609020297e-01 2.837960855712334807e-01 4.855484751934456278e-01 2.238279472007282667e-01 6.827492034592626616e-03 0.000000000000000000e+00
2.025000000000000000e+04 8.100020628279132051e-01 2.977924442421484019e-01 4.808830223031406725e-01 2.111970869367319203e-01 1.012744651797906244e-02 0.000000000000000000e+00
2.050000000000000000e+04 8.200020882949246026e-01 3.106508875739644737e-01 4.643832498862084934e-01 2.113108784706417831e-01 1.365498406918525323e-02 0.000000000000000000e+00
2.075000000000000000e+04 8.300021137619357781e-01 3.142922166590805810e-01 4.573281747837960598e-01 2.195038689121529274e-01 8.875739644970414427e-03 0.000000000000000000e+00
2.100000000000000000e+04 8.400021392289471756e-01 3.144060081929904160e-01 4.494765589440145592e-01 2.218934911242603503e-01 1.422394173873463806e-02 0.000000000000000000e+00
2.125000000000000000e+04 8.500021646959583510e-01 3.183887118798361393e-01 4.518661811561219821e-01 2.159763313609467383e-01 1.376877560309512985e-02 0.000000000000000000e+00
2.150000000000000000e+04 8.600021901629697485e-01 3.204369594902139462e-01 4.456076467910787264e-01 2.213245334547109811e-01 1.263086026399635846e-02 0.000000000000000000e+00
2.175000000000000000e+04 8.700022156299809239e-01 3.157715065999089910e-01 4.611970869367318926e-01 2.099453800637232637e-01 1.308602639963586667e-02 0.000000000000000000e+00
2.200000000000000000e+04 8.800022410969923214e-01 3.092853891670459543e-01 4.753072371415566488e-01 2.036868456986800080e-01 1.172052799271734204e-02 0.000000000000000000e+00
2.225000000000000000e+04 8.900022665640034969e-01 3.148611743286299225e-01 4.715521165225307065e-01 2.041420118343195145e-01 9.444697314519799256e-03 0.000000000000000000e+00
2.250000000000000000e+04 9.000022920310146723e-01 3.097405553026854608e-01 4.962448793809740577e-01 1.855939918070095562e-01 8.420573509330906217e-03 0.000000000000000000e+00
2.275000000000000000e+04 9.100023174980260698e-01 3.008648156577150568e-01 5.069412835685025431e-01 1.842284934000910368e-01 7.965407373691398007e-03 0.000000000000000000e+00
2.300000000000000000e+04 9.200023429650372453e-01 2.814064633591260578e-01 5.358443331816112876e-01 1.753527537551206328e-01 7.396449704142011444e-03 0.000000000000000000e+00
2.325000000000000000e+04 9.300023684320486428e-01 2.711652253072371344e-01 5.555302685480200120e-01 1.654528903049612976e-01 7.851615839781519654e-03 0.000000000000000000e+00
2.350000000000000000e+04 9.400023938990598182e-01 2.712790168411470249e-01 5.473372781065088954e-01 1.726217569412835662e-01 8.761948111060537808e-03 0.000000000000000000e+00
2.375000000000000000e+04 9.500024193660712157e-01 2.697997269003186149e-01 5.506372325898952758e-01 1.720527992717341692e-01 7.510241238051888930e-03 0.000000000000000000e+00
2.400000000000000000e+04 9.600024448330823912e-01 2.746927628584433512e-01 5.489303595812471404e-01 1.693218024578971304e-01 7.055075102412380721e-03 0.000000000000000000e+00
2.425000000000000000e+04 9.700024703000937887e-01 2.765134274010013771e-01 5.483614019116977989e-01 1.670459717796995980e-01 8.079198907601274626e-03 0.000000000000000000e+00
2.450000000000000000e+04 9.800024957671049641e-01 2.911925352753755303e-01 5.367546654528903005e-01 1.653390987710514348e-01 6.713700500682749130e-03 0.000000000000000000e+00
2.475000000000000000e+04 9.900025212341161396e-01 2.973372781065088954e-01 5.226445152480655443e-01 1.738734638142922229e-01 6.144742831133363434e-03 0.000000000000000000e+00
2.500000000000000000e+04 1.000002546701127315e+00 3.063268092853891900e-01 4.988620846609012061e-01 1.861629494765589532e-01 8.648156577150659455e-03 0.000000000000000000e+00
