# itime ezz other fcc hcp bcc ico
0.000000000000000000e+00 0.000000000000000000e+00 0.000000000000000000e+00 1.000000000000000000e+00 0.000000000000000000e+00 0.000000000000000000e+00 0.000000000000000000e+00
2.500000000000000000e+01 1.000059598012414952e-03 0.000000000000000000e+00 1.000000000000000000e+00 0.000000000000000000e+00 0.000000000000000000e+00 0.000000000000000000e+00
5.000000000000000000e+01 2.000119196025051949e-03 0.000000000000000000e+00 1.000000000000000000e+00 0.000000000000000000e+00 0.000000000000000000e+00 0.000000000000000000e+00
7.500000000000000000e+01 3.000178794037466901e-03 0.000000000000000000e+00 1.000000000000000000e+00 0.000000000000000000e+00 0.000000000000000000e+00 0.000000000000000000e+00
1.000000000000000000e+02 4.000238392049881853e-03 0.000000000000000000e+00 1.000000000000000000e+00 0.000000000000000000e+00 0.000000000000000000e+00 0.000000000000000000e+00
1.250000000000000000e+02 5.000297990062518849e-03 0.000000000000000000e+00 1.000000000000000000e+00 0.000000000000000000e+00 0.000000000000000000e+00 0.000000000000000000e+00
1.500000000000000000e+02 6.000357588074933801e-03 0.000000000000000000e+00 1.000000000000000000e+00 0.000000000000000000e+00 0.000000000000000000e+00 0.000000000000000000e+00
1.750000000000000000e+02 7.000417186087348753e-03 0.000000000000000000e+00 1.000000000000000000e+00 0.000000000000000000e+00 0.000000000000000000e+00 0.000000000000000000e+00
2.000000000000000000e+02 8.000476784099985750e-03 0.000000000000000000e+00 1.000000000000000000e+00 0.000000000000000000e+00 0.000000000000000000e+00 0.000000000000000000e+00
2.250000000000000000e+02 9.000536382112400702e-03 0.000000000000000000e+00 1.000000000000000000e+00 0.000000000000000000e+00 0.000000000000000000e+00 0.000000000000000000e+00
2.500000000000000000e+02 1.000059598012481565e-02 0.000000000000000000e+00 1.000000000000000000e+00 0.000000000000000000e+00 0.000000000000000000e+00 0.000000000000000000e+00
2.750000000000000000e+02 1.100065557813745265e-02 0.000000000000000000e+00 1.000000000000000000e+00 0.000000000000000000e+00 0.000000000000000000e+00 0.000000000000000000e+00
3.000000000000000000e+02 1.200071517614986760e-02 0.000000000000000000e+00 1.000000000000000000e+00 0.000000000000000000e+00 0.000000000000000000e+00 0.000000000000000000e+00
3.250000000000000000e+02 1.300077477416228255e-02 0.000000000000000000e+00 1.000000000000000000e+00 0.000000000000000000e+00 0.000000000000000000e+00 0.000000000000000000e+00
3.500000000000000000e+02 1.400083437217491955e-02 0.000000000000000000e+00 1.000000000000000000e+00 0.000000000000000000e+00 0.000000000000000000e+00 0.000000000000000000e+00
3.750000000000000000e+02 1.500089397018733450e-02 0.000000000000000000e+00 1.000000000000000000e+00 0.000000000000000000e+00 0.000000000000000000e+00 0.000000000000000000e+00
4.000000000000000000e+02 1.600095356819974945e-02 0.000000000000000000e+00 1.000000000000000000e+00 0.000000000000000000e+00 0.000000000000000000e+00 0.000000000000000000e+00
4.250000000000000000e+02 1.700101316621238645e-02 0.000000000000000000e+00 1.000000000000000000e+00 0.000000000000000000e+00 0.000000000000000000e+00 0.000000000000000000e+00
4.500000000000000000e+02 1.800107276422480140e-02 0.000000000000000000e+00 1.000000000000000000e+00 0.000000000000000000e+00 0.000000000000000000e+00 0.000000000000000000e+00
4.750000000000000000e+02 1.900113236223721636e-02 0.000000000000000000e+00 1.000000000000000000e+00 0.000000000000000000e+00 0.000000000000000000e+00 0.000000000000000000e+00
5.000000000000000000e+02 2.000119196024985335e-02 0.000000000000000000e+00 1.000000000000000000e+00 0.000000000000000000e+00 0.000000000000000000e+00 0.000000000000000000e+00
5.250000000000000000e+02 2.100125155826226830e-02 0.000000000000000000e+00 1.000000000000000000e+00 0.000000000000000000e+00 0.000000000000000000e+00 0.000000000000000000e+00
5.500000000000000000e+02 2.200131115627468326e-02 0.000000000000000000e+00 1.000000000000000000e+00 0.000000000000000000e+00 0.000000000000000000e+00 0.000000000000000000e+00
5.750000000000000000e+02 2.300137075428732025e-02 0.000000000000000000e+00 1.000000000000000000e+00 0.000000000000000000e+00 0.000000000000000000e+00 0.000000000000000000e+00
6.000000000000000000e+02 2.400143035229973520e-02 0.000000000000000000e+00 1.000000000000000000e+00 0.000000000000000000e+00 0.000000000000000000e+00 0.000000000000000000e+00
6.250000000000000000e+02 2.500148995031215016e-02 0.000000000000000000e+00 1.000000000000000000e+00 0.000000000000000000e+00 0.000000000000000000e+00 0.000000000000000000e+00
6.500000000000000000e+02 2.600154954832478715e-02 0.000000000000000000e+00 1.000000000000000000e+00 0.000000000000000000e+00 0.000000000000000000e+00 0.000000000000000000e+00
6.750000000000000000e+02 2.700160914633720211e-02 0.000000000000000000e+00 1.000000000000000000e+00 0.000000000000000000e+00 0.000000000000000000e+00 0.000000000000000000e+00
7.000000000000000000e+02 2.800166874434961706e-02 0.000000000000000000e+00 1.000000000000000000e+00 0.000000000000000000e+00 0.000000000000000000e+00 0.000000000000000000e+00
7.250000000000000000e+02 2.900172834236225405e-02 0.000000000000000000e+00 1.000000000000000000e+00 0.000000000000000000e+00 0.000000000000000000e+00 0.000000000000000000e+00
7.500000000000000000e+02 3.000178794037466901e-02 0.000000000000000000e+00 1.000000000000000000e+00 0.000000000000000000e+00 0.000000000000000000e+00 0.000000000000000000e+00
7.750000000000000000e+02 3.100184753838708396e-02 0.000000000000000000e+00 1.000000000000000000e+00 0.000000000000000000e+00 0.000000000000000000e+00 0.000000000000000000e+00
8.000000000000000000e+02 3.200190713639972095e-02 0.000000000000000000e+00 1.000000000000000000e+00 0.000000000000000000e+00 0.000000000000000000e+00 0.000000000000000000e+00
8.250000000000000000e+02 3.300196673441213591e-02 0.000000000000000000e+00 1.000000000000000000e+00 0.000000000000000000e+00 0.000000000000000000e+00 0.000000000000000000e+00
8.500000000000000000e+02 3.400202633242455086e-02 0.000000000000000000e+00 1.000000000000000000e+00 0.000000000000000000e+00 0.000000000000000000e+00 0.000000000000000000e+00
8.750000000000000000e+02 3.500208593043718786e-02 0.000000000000000000e+00 1.000000000000000000e+00 0.000000000000000000e+00 0.000000000000000000e+00 0.000000000000000000e+00
9.000000000000000000e+02 3.600214552844960281e-02 0.000000000000000000e+00 1.000000000000000000e+00 0.000000000000000000e+00 0.000000000000000000e+00 0.000000000000000000e+00
9.250000000000000000e+02 3.700220512646201776e-02 0.000000000000000000e+00 1.000000000000000000e+00 0.000000000000000000e+00 0.000000000000000000e+00 0.000000000000000000e+00
9.500000000000000000e+02 3.800226472447465476e-02 0.000000000000000000e+00 1.000000000000000000e+00 0.000000000000000000e+00 0.000000000000000000e+00 0.000000000000000000e+00
9.750000000000000000e+02 3.900232432248706971e-02 0.000000000000000000e+00 1.000000000000000000e+00 0.000000000000000000e+00 0.000000000000000000e+00 0.000000000000000000e+00
1.000000000000000000e+03 4.000238392049948466e-02 0.000000000000000000e+00 1.000000000000000000e+00 0.000000000000000000e+00 0.000000000000000000e+00 0.000000000000000000e+00
1.025000000000000000e+03 4.100244351851212166e-02 0.000000000000000000e+00 1.000000000000000000e+00 0.000000000000000000e+00 0.000000000000000000e+00 0.000000000000000000e+00
1.050000000000000000e+03 4.200250311652453661e-02 0.000000000000000000e+00 1.000000000000000000e+00 0.000000000000000000e+00 0.000000000000000000e+00 0.000000000000000000e+00
1.075000000000000000e+03 4.300256271453695156e-02 0.000000000000000000e+00 1.000000000000000000e+00 0.000000000000000000e+00 0.000000000000000000e+00 0.000000000000000000e+00
1.100000000000000000e+03 4.400262231254958856e-02 0.000000000000000000e+00 1.000000000000000000e+00 0.000000000000000000e+00 0.000000000000000000e+00 0.000000000000000000e+00
1.125000000000000000e+03 4.500268191056200351e-02 0.000000000000000000e+00 1.000000000000000000e+00 0.000000000000000000e+00 0.000000000000000000e+00 0.000000000000000000e+00
1.150000000000000000e+03 4.600274150857441846e-02 0.000000000000000000e+00 1.000000000000000000e+00 0.000000000000000000e+00 0.000000000000000000e+00 0.000000000000000000e+00
1.175000000000000000e+03 4.700280110658705546e-02 0.000000000000000000e+00 1.000000000000000000e+00 0.000000000000000000e+00 0.000000000000000000e+00 0.000000000000000000e+00
1.200000000000000000e+03 4.800286070459947041e-02 0.000000000000000000e+00 1.000000000000000000e+00 0.000000000000000000e+00 0.000000000000000000e+00 0.000000000000000000e+00
1.225000000000000000e+03 4.900292030261188536e-02 0.000000000000000000e+00 1.000000000000000000e+00 0.000000000000000000e+00 0.000000000000000000e+00 0.000000000000000000e+00
1.250000000000000000e+03 5.000297990062452236e-02 0.000000000000000000e+00 1.000000000000000000e+00 0.000000000000000000e+00 0.000000000000000000e+00 0.000000000000000000e+00
1.275000000000000000e+03 5.100303949863693731e-02 0.000000000000000000e+00 1.000000000000000000e+00 0.000000000000000000e+00 0.000000000000000000e+00 0.000000000000000000e+00
1.300000000000000000e+03 5.200309909664935226e-02 0.000000000000000000e+00 1.000000000000000000e+00 0.000000000000000000e+00 0.000000000000000000e+00 0.000000000000000000e+00
1.325000000000000000e+03 5.300315869466198926e-02 0.000000000000000000e+00 1.000000000000000000e+00 0.000000000000000000e+00 0.000000000000000000e+00 0.000000000000000000e+00
1.350000000000000000e+03 5.400321829267440421e-02 0.000000000000000000e+00 1.000000000000000000e+00 0.000000000000000000e+00 0.000000000000000000e+00 0.000000000000000000e+00
1.375000000000000000e+03 5.500327789068681916e-02 0.000000000000000000e+00 1.000000000000000000e+00 0.000000000000000000e+00 0.000000000000000000e+00 0.000000000000000000e+00
1.400000000000000000e+03 5.600333748869945616e-02 0.000000000000000000e+00 1.000000000000000000e+00 0.000000000000000000e+00 0.000000000000000000e+00 0.000000000000000000e+00
1.425000000000000000e+03 5.700339708671187111e-02 0.000000000000000000e+00 1.000000000000000000e+00 0.000000000000000000e+00 0.000000000000000000e+00 0.000000000000000000e+00
1.450000000000000000e+03 5.800345668472428606e-02 0.000000000000000000e+00 1.000000000000000000e+00 0.000000000000000000e+00 0.000000000000000000e+00 0.000000000000000000e+00
1.475000000000000000e+03 5.900351628273692306e-02 0.000000000000000000e+00 1.000000000000000000e+00 0.000000000000000000e+00 0.000000000000000000e+00 0.000000000000000000e+00
1.500000000000000000e+03 6.000357588074933801e-02 0.000000000000000000e+00 1.000000000000000000e+00 0.000000000000000000e+00 0.000000000000000000e+00 0.000000000000000000e+00
1.525000000000000000e+03 6.100363547876175296e-02 0.000000000000000000e+00 1.000000000000000000e+00 0.000000000000000000e+00 0.000000000000000000e+00 0.000000000000000000e+00
1.550000000000000000e+03 6.200369507677438996e-02 0.000000000000000000e+00 1.000000000000000000e+00 0.000000000000000000e+00 0.000000000000000000e+00 0.000000000000000000e+00
1.575000000000000000e+03 6.300375467478680491e-02 0.000000000000000000e+00 1.000000000000000000e+00 0.000000000000000000e+00 0.000000000000000000e+00 0.000000000000000000e+00
1.600000000000000000e+03 6.400381427279921986e-02 0.000000000000000000e+00 1.000000000000000000e+00 0.000000000000000000e+00 0.000000000000000000e+00 0.000000000000000000e+00
1.625000000000000000e+03 6.500387387081185686e-02 0.000000000000000000e+00 1.000000000000000000e+00 0.000000000000000000e+00 0.000000000000000000e+00 0.000000000000000000e+00
1.650000000000000000e+03 6.600393346882427181e-02 0.000000000000000000e+00 1.000000000000000000e+00 0.000000000000000000e+00 0.000000000000000000e+00 0.000000000000000000e+00
1.675000000000000000e+03 6.700399306683668676e-02 0.000000000000000000e+00 1.000000000000000000e+00 0.000000000000000000e+00 0.000000000000000000e+00 0.000000000000000000e+00
1.700000000000000000e+03 6.800405266484932376e-02 0.000000000000000000e+00 1.000000000000000000e+00 0.000000000000000000e+00 0.000000000000000000e+00 0.000000000000000000e+00
1.725000000000000000e+03 6.900411226286173871e-02 0.000000000000000000e+00 1.000000000000000000e+00 0.000000000000000000e+00 0.000000000000000000e+00 0.000000000000000000e+00
1.750000000000000000e+03 7.000417186087415367e-02 1.137915339098771066e-04 9.998862084660901095e-01 0.000000000000000000e+00 0.000000000000000000e+00 0.000000000000000000e+00
1.775000000000000000e+03 7.100423145888679066e-02 0.000000000000000000e+00 1.000000000000000000e+00 0.000000000000000000e+00 0.000000000000000000e+00 0.000000000000000000e+00
1.800000000000000000e+03 7.200429105689920561e-02 0.000000000000000000e+00 1.000000000000000000e+00 0.000000000000000000e+00 0.000000000000000000e+00 0.000000000000000000e+00
1.825000000000000000e+03 7.300435065491162057e-02 0.000000000000000000e+00 1.000000000000000000e+00 0.000000000000000000e+00 0.000000000000000000e+00 0.000000000000000000e+00
1.850000000000000000e+03 7.400441025292425756e-02 7.965407373691396923e-04 9.990896677287209870e-01 0.000000000000000000e+00 1.137915339098771066e-04 0.000000000000000000e+00
1.875000000000000000e+03 7.500446985093667251e-02 4.551661356395084266e-04 9.995448338643604380e-01 0.000000000000000000e+00 0.000000000000000000e+00 0.000000000000000000e+00
1.900000000000000000e+03 7.600452944894908747e-02 3.413746017296313199e-04 9.995448338643604380e-01 0.000000000000000000e+00 1.137915339098771066e-04 0.000000000000000000e+00
1.925000000000000000e+03 7.700458904696172446e-02 0.000000000000000000e+00 1.000000000000000000e+00 0.000000000000000000e+00 0.000000000000000000e+00 0.000000000000000000e+00
1.950000000000000000e+03 7.800464864497413942e-02 4.551661356395084266e-04 9.995448338643604380e-01 0.000000000000000000e+00 0.000000000000000000e+00 0.000000000000000000e+00
1.975000000000000000e+03 7.900470824298655437e-02 0.000000000000000000e+00 1.000000000000000000e+00 0.000000000000000000e+00 0.000000000000000000e+00 0.000000000000000000e+00
2.000000000000000000e+03 8.000476784099919136e-02 0.000000000000000000e+00 1.000000000000000000e+00 0.000000000000000000e+00 0.000000000000000000e+00 0.000000000000000000e+00
2.025000000000000000e+03 8.100482743901160632e-02 4.551661356395084266e-04 9.995448338643604380e-01 0.000000000000000000e+00 0.000000000000000000e+00 0.000000000000000000e+00
2.050000000000000000e+03 8.200488703702402127e-02 3.413746017296313199e-04 9.995448338643604380e-01 0.000000000000000000e+00 1.137915339098771066e-04 0.000000000000000000e+00
2.075000000000000000e+03 8.300494663503665826e-02 6.827492034592626399e-04 9.993172507965407680e-01 0.000000000000000000e+00 0.000000000000000000e+00 0.000000000000000000e+00
2.100000000000000000e+03 8.400500623304907322e-02 7.965407373691396923e-04 9.992034592626308775e-01 0.000000000000000000e+00 0.000000000000000000e+00 0.000000000000000000e+00
2.125000000000000000e+03 8.500506583106148817e-02 1.137915339098771066e-04 9.998862084660901095e-01 0.000000000000000000e+00 0.000000000000000000e+00 0.000000000000000000e+00
2.150000000000000000e+03 8.600512542907412517e-02 2.275830678197542133e-04 9.996586253982703285e-01 0.000000000000000000e+00 1.137915339098771066e-04 0.000000000000000000e+00
2.175000000000000000e+03 8.700518502708654012e-02 5.689576695493854790e-04 9.994310423304506585e-01 0.000000000000000000e+00 0.000000000000000000e+00 0.000000000000000000e+00
2.200000000000000000e+03 8.800524462509895507e-02 9.103322712790168532e-04 9.990896677287209870e-01 0.000000000000000000e+00 0.000000000000000000e+00 0.000000000000000000e+00
2.225000000000000000e+03 8.900530422311159207e-02 4.551661356395084266e-04 9.995448338643604380e-01 0.000000000000000000e+00 0.000000000000000000e+00 0.000000000000000000e+00
2.250000000000000000e+03 9.000536382112400702e-02 1.479289940828402332e-03 9.985207100591716456e-01 0.000000000000000000e+00 0.000000000000000000e+00 0.000000000000000000e+00
2.275000000000000000e+03 9.100542341913642197e-02 1.024123805188893906e-03 9.989758761948110966e-01 0.000000000000000000e+00 0.000000000000000000e+00 0.000000000000000000e+00
2.300000000000000000e+03 9.200548301714905897e-02 4.551661356395084266e-04 9.995448338643604380e-01 0.000000000000000000e+00 0.000000000000000000e+00 0.000000000000000000e+00
2.325000000000000000e+03 9.300554261516147392e-02 9.103322712790168532e-04 9.990896677287209870e-01 0.000000000000000000e+00 0.000000000000000000e+00 0.000000000000000000e+00
2.350000000000000000e+03 9.400560221317388887e-02 9.103322712790168532e-04 9.989758761948110966e-01 0.000000000000000000e+00 1.137915339098771066e-04 0.000000000000000000e+00
2.375000000000000000e+03 9.500566181118652587e-02 1.479289940828402332e-03 9.985207100591716456e-01 0.000000000000000000e+00 0.000000000000000000e+00 0.000000000000000000e+00
2.400000000000000000e+03 9.600572140919894082e-02 1.137915339098770958e-03 9.988620846609012061e-01 0.000000000000000000e+00 0.000000000000000000e+00 0.000000000000000000e+00
2.425000000000000000e+03 9.700578100721135577e-02 1.024123805188893906e-03 9.989758761948110966e-01 0.000000000000000000e+00 0.000000000000000000e+00 0.000000000000000000e+00
2.450000000000000000e+03 9.800584060522399277e-02 1.934456076467910759e-03 9.978379608557123026e-01 0.000000000000000000e+00 2.275830678197542133e-04 0.000000000000000000e+00
2.475000000000000000e+03 9.900590020323640772e-02 2.844788347746927612e-03 9.970414201183431802e-01 0.000000000000000000e+00 1.137915339098771066e-04 0.000000000000000000e+00
2.500000000000000000e+03 1.000059598012488227e-01 2.048247610377787811e-03 9.978379608557123026e-01 0.000000000000000000e+00 1.137915339098771066e-04 0.000000000000000000e+00
2.525000000000000000e+03 1.010060193992614597e-01 2.275830678197541916e-03 9.977241693218024121e-01 0.000000000000000000e+00 0.000000000000000000e+00 0.000000000000000000e+00
2.550000000000000000e+03 1.020060789972738746e-01 2.730996813837050560e-03 9.972690031861629611e-01 0.000000000000000000e+00 0.000000000000000000e+00 0.000000000000000000e+00
2.575000000000000000e+03 1.030061385952862896e-01 3.868912152935821518e-03 9.960172963131542767e-01 0.000000000000000000e+00 1.137915339098771066e-04 0.000000000000000000e+00
2.600000000000000000e+03 1.040061981932989266e-01 1.934456076467910759e-03 9.979517523896221931e-01 0.000000000000000000e+00 1.137915339098771066e-04 0.000000000000000000e+00
2.625000000000000000e+03 1.050062577913113415e-01 4.324078288575329727e-03 9.953345471096950448e-01 0.000000000000000000e+00 3.413746017296313199e-04 0.000000000000000000e+00
2.650000000000000000e+03 1.060063173893237565e-01 3.072371415566681717e-03 9.969276285844332897e-01 0.000000000000000000e+00 0.000000000000000000e+00 0.000000000000000000e+00
2.675000000000000000e+03 1.070063769873363935e-01 8.761948111060537808e-03 9.911242603550295405e-01 0.000000000000000000e+00 1.137915339098771066e-04 0.000000000000000000e+00
2.700000000000000000e+03 1.080064365853488084e-01 7.396449704142011444e-03 9.926035502958580059e-01 0.000000000000000000e+00 0.000000000000000000e+00 0.000000000000000000e+00
2.725000000000000000e+03 1.090064961833612234e-01 3.641329085116067413e-03 9.962448793809740577e-01 0.000000000000000000e+00 1.137915339098771066e-04 0.000000000000000000e+00
2.750000000000000000e+03 1.100065557813738604e-01 6.030951297223486815e-03 9.938552571688666903e-01 0.000000000000000000e+00 1.137915339098771066e-04 0.000000000000000000e+00
2.775000000000000000e+03 1.110066153793862753e-01 8.192990441511151245e-03 9.916932180245789930e-01 0.000000000000000000e+00 1.137915339098771066e-04 0.000000000000000000e+00
2.800000000000000000e+03 1.120066749773986903e-01 9.899863450159307465e-03 9.898725534820209671e-01 0.000000000000000000e+00 2.275830678197542133e-04 0.000000000000000000e+00
2.825000000000000000e+03 1.130067345754113273e-01 1.058261265361857065e-02 9.888484296768320636e-01 0.000000000000000000e+00 5.689576695493854790e-04 0.000000000000000000e+00
2.850000000000000000e+03 1.140067941734237422e-01 1.194811106053709528e-02 9.879380974055530507e-01 0.000000000000000000e+00 1.137915339098771066e-04 0.000000000000000000e+00
2.875000000000000000e+03 1.150068537714361572e-01 1.570323167956303931e-02 9.833864360491579859e-01 0.000000000000000000e+00 9.103322712790168532e-04 0.000000000000000000e+00
2.900000000000000000e+03 1.160069133694487942e-01 1.809285389167045871e-02 9.806554392353209471e-01 0.000000000000000000e+00 1.251706873008648227e-03 0.000000000000000000e+00
2.925000000000000000e+03 1.170069729674612091e-01 2.207555757851615771e-02 9.770141101502047842e-01 0.000000000000000000e+00 9.103322712790168532e-04 0.000000000000000000e+00
2.950000000000000000e+03 1.180070325654736241e-01 2.469276285844333035e-02 9.736003641329085134e-01 0.000000000000000000e+00 1.706873008648156654e-03 0.000000000000000000e+00
2.975000000000000000e+03 1.190070921634862611e-01 3.618570778334091742e-02 9.596040054619936477e-01 0.000000000000000000e+00 4.210286754665453109e-03 0.000000000000000000e+00
3.000000000000000000e+03 1.200071517614986760e-01 5.131998179335457710e-02 9.384387801547564578e-01 0.000000000000000000e+00 1.024123805188893906e-02 0.000000000000000000e+00
3.025000000000000000e+03 1.210072113595110910e-01 7.453345471096950448e-02 8.999772416932180219e-01 0.000000000000000000e+00 2.548930359581247015e-02 0.000000000000000000e+00
3.050000000000000000e+03 1.220072709575237280e-01 1.269913518434228616e-01 7.988165680473372499e-01 0.000000000000000000e+00 7.419208010923987462e-02 0.000000000000000000e+00
3.075000000000000000e+03 1.230073305555361429e-01 2.055075102412380617e-01 6.217569412835685094e-01 0.000000000000000000e+00 1.727355484751934567e-01 0.000000000000000000e+00
3.100000000000000000e+03 1.240073901535485579e-01 3.136094674556212936e-01 3.945152480655439442e-01 0.000000000000000000e+00 2.918752844788347622e-01 0.000000000000000000e+00
3.125000000000000000e+03 1.250074497515611949e-01 3.916704597177970149e-01 2.276968593536640995e-01 2.275830678197542133e-04 3.804050978607191880e-01 0.000000000000000000e+00
3.150000000000000000e+03 1.260075093495736098e-01 4.139736003641328876e-01 1.404187528447883582e-01 5.689576695493854790e-04 4.450386891215293850e-01 0.000000000000000000e+00
3.175000000000000000e+03 1.270075689475860248e-01 3.917842512517068498e-01 1.251706873008648080e-01 5.689576695493854790e-04 4.824761037778789174e-01 0.000000000000000000e+00
3.200000000000000000e+03 1.280076285455986618e-01 3.634501593081474469e-01 1.165225307237141572e-01 1.137915339098770958e-03 5.188893946290396020e-01 0.000000000000000000e+00
3.225000000000000000e+03 1.290076881436110767e-01 3.420573509330905870e-01 1.098088302230314089e-01 3.413746017296313199e-04 5.477924442421483464e-01 0.000000000000000000e+00
3.250000000000000000e+03 1.300077477416234917e-01 3.587847064178424916e-01 1.034365043240782905e-01 1.251706873008648227e-03 5.365270823850705195e-01 0.000000000000000000e+00
3.275000000000000000e+03 1.310078073396361287e-01 3.607191624943104080e-01 1.102639963586709154e-01 2.162039144287664864e-03 5.268548020027310486e-01 0.000000000000000000e+00
3.300000000000000000e+03 1.320078669376485436e-01 3.575329995448338627e-01 1.307464724624488039e-01 2.503413746017296455e-03 5.092171142467000200e-01 0.000000000000000000e+00
3.325000000000000000e+03 1.330079265356609586e-01 3.501365498406918686e-01 1.473600364132908458e-01 4.779244424214838804e-03 4.977241693218024676e-01 0.000000000000000000e+00
3.350000000000000000e+03 1.340079861336735956e-01 3.581019572143832597e-01 1.447428311333636697e-01 6.030951297223486815e-03 4.911242603550295960e-01 0.000000000000000000e+00
3.375000000000000000e+03 1.350080457316860105e-01 3.677742375967227861e-01 1.381429221665907980e-01 1.183431952662721866e-02 4.822485207100591920e-01 0.000000000000000000e+00
3.400000000000000000e+03 1.360081053296984255e-01 3.685707783340919641e-01 1.409877105143377274e-01 1.604460628129267263e-02 4.743969048702776359e-01 0.000000000000000000e+00
3.425000000000000000e+03 1.370081649277110625e-01 3.722121074192080159e-01 1.486117432862995025e-01 2.196176604460628110e-02 4.572143832498862248e-01 0.000000000000000000e+00
3.450000000000000000e+03 1.380082245257234774e-01 3.703914428766499900e-01 1.538461538461538547e-01 3.049613108784706567e-02 4.452662721893491105e-01 0.000000000000000000e+00
3.475000000000000000e+03 1.390082841237358924e-01 3.698224852071005930e-01 1.640873918980427781e-01 3.698224852071006069e-02 4.291078743741465473e-01 0.000000000000000000e+00
3.500000000000000000e+03 1.400083437217485294e-01 3.675466545289030607e-01 1.808147473827947105e-01 5.325443786982248656e-02 3.983841602184797215e-01 0.000000000000000000e+00
3.525000000000000000e+03 1.410084033197609443e-01 3.783568502503413811e-01 1.965179790623577671e-01 7.009558488848430247e-02 3.550295857988165493e-01 0.000000000000000000e+00
3.550000000000000000e+03 1.420084629177733593e-01 3.715293582157487284e-01 2.176832043695949015e-01 7.601274465179790052e-02 3.347746927628584279e-01 0.000000000000000000e+00
3.575000000000000000e+03 1.430085225157857742e-01 3.866636322257623881e-01 2.325898953117888079e-01 8.614019116977697510e-02 2.946062812926718011e-01 0.000000000000000000e+00
3.600000000000000000e+03 1.440085821137984112e-01 3.917842512517068498e-01 2.502275830678197810e-01 9.911242603550296515e-02 2.588757396449704040e-01 0.000000000000000000e+00
3.625000000000000000e+03 1.450086417118108262e-01 3.983841602184797215e-01 2.651342740100136597e-01 1.120846609012289552e-01 2.243969048702776636e-01 0.000000000000000000e+00
3.650000000000000000e+03 1.460087013098232411e-01 3.885980883022303045e-01 2.740100136549840637e-01 1.363222576240327721e-01 2.010696404187528319e-01 0.000000000000000000e+00
3.675000000000000000e+03 1.470087609078358781e-01 3.925807919890760278e-01 2.769685935366408835e-01 1.516841147018661851e-01 1.787664997724169313e-01 0.000000000000000000e+00
3.700000000000000000e+03 1.480088205058482931e-01 3.965634956759216956e-01 2.827719617660446327e-01 1.595357305416477134e-01 1.611288120163859861e-01 0.000000000000000000e+00
3.725000000000000000e+03 1.490088801038607080e-01 3.997496586253982964e-01 2.901684114701866268e-01 1.736458807464724696e-01 1.364360491579426626e-01 0.000000000000000000e+00
3.750000000000000000e+03 1.500089397018733450e-01 3.915566681838871244e-01 3.098543468365953513e-01 1.760355029585798925e-01 1.225534820209376458e-01 0.000000000000000000e+00
3.775000000000000000e+03 1.510089992998857600e-01 3.925807919890760278e-01 3.246472462448793950e-01 1.862767410104688159e-01 9.649522075557578904e-02 0.000000000000000000e+00
3.800000000000000000e+03 1.520090588978981749e-01 4.021392808375056638e-01 3.356850250341374409e-01 1.794492489758761911e-01 8.272644515248064878e-02 0.000000000000000000e+00
3.825000000000000000e+03 1.530091184959108119e-01 3.840464269458352398e-01 3.463814292216659263e-01 1.844560764679107900e-01 8.511606736458807165e-02 0.000000000000000000e+00
3.850000000000000000e+03 1.540091780939232269e-01 3.849567592171142527e-01 3.535502958579881394e-01 1.874146563495675821e-01 7.407828857532999800e-02 0.000000000000000000e+00
3.875000000000000000e+03 1.550092376919356418e-01 3.718707328174783999e-01 3.635639508420573374e-01 1.919663177059626746e-01 7.259899863450158808e-02 0.000000000000000000e+00
3.900000000000000000e+03 1.560092972899482788e-01 3.716431497496586189e-01 3.699362767410104835e-01 1.911697769685935244e-01 6.725079654073737312e-02 0.000000000000000000e+00
3.925000000000000000e+03 1.570093568879606938e-01 3.783568502503413811e-01 3.685707783340919641e-01 1.919663177059626746e-01 6.110605370960400795e-02 0.000000000000000000e+00
3.950000000000000000e+03 1.580094164859731087e-01 3.815430131998179264e-01 3.699362767410104835e-01 1.869594902139280757e-01 6.156121984524351443e-02 0.000000000000000000e+00
3.975000000000000000e+03 1.590094760839857457e-01 3.719845243513882349e-01 3.744879380974055483e-01 1.908284023668639084e-01 6.269913518434228061e-02 0.000000000000000000e+00
4.000000000000000000e+03 1.600095356819981607e-01 3.668639053254437732e-01 3.858670914883932657e-01 1.957214383249886169e-01 5.154756486117433034e-02 0.000000000000000000e+00
4.025000000000000000e+03 1.610095952800105756e-01 3.648156577150660218e-01 3.885980883022303045e-01 2.000455166135639562e-01 4.654073736913973830e-02 0.000000000000000000e+00
4.050000000000000000e+03 1.620096548780232126e-01 3.600364132908511761e-01 3.962221210741920796e-01 2.000455166135639562e-01 4.369594902139280895e-02 0.000000000000000000e+00
4.075000000000000000e+03 1.630097144760356276e-01 3.584433318161128756e-01 4.037323623122439642e-01 1.899180700955848955e-01 4.790623577605826466e-02 0.000000000000000000e+00
4.100000000000000000e+03 1.640097740740480425e-01 3.528675466545289074e-01 4.120391442876649712e-01 1.906008192990441552e-01 4.449248975876194528e-02 0.000000000000000000e+00
4.125000000000000000e+03 1.650098336720606795e-01 3.441055985434683384e-01 4.196631770596267463e-01 1.936731907146108378e-01 4.255803368229403583e-02 0.000000000000000000e+00
4.150000000000000000e+03 1.660098932700730945e-01 3.318161128812016636e-01 4.299044151115157253e-01 1.921939007737824279e-01 4.608557123350022489e-02 0.000000000000000000e+00
4.175000000000000000e+03 1.670099528680855094e-01 3.343195266272189214e-01 4.299044151115157253e-01 1.944697314519799602e-01 4.130632680928538608e-02 0.000000000000000000e+00
4.200000000000000000e+03 1.680100124660981464e-01 3.233955393718707105e-01 4.383249886208466228e-01 1.997041420118343125e-01 3.857532999544834029e-02 0.000000000000000000e+00
4.225000000000000000e+03 1.690100720641105614e-01 3.185025034137460298e-01 4.441283568502503165e-01 2.010696404187528319e-01 3.629949931725079404e-02 0.000000000000000000e+00
4.250000000000000000e+03 1.700101316621229763e-01 3.138370505234410746e-01 4.503868912152935722e-01 2.000455166135639562e-01 3.573054164770141095e-02 0.000000000000000000e+00
4.275000000000000000e+03 1.710101912601356133e-01 3.084888484296768318e-01 4.528903049613108855e-01 2.041420118343195145e-01 3.447883477469276120e-02 0.000000000000000000e+00
4.300000000000000000e+03 1.720102508581480283e-01 3.059854346836595185e-01 4.568730086481565533e-01 2.025489303595812418e-01 3.459262630860263782e-02 0.000000000000000000e+00
4.325000000000000000e+03 1.730103104561604432e-01 3.032544378698224796e-01 4.557350933090578149e-01 2.063040509786071841e-01 3.470641784251251444e-02 0.000000000000000000e+00
4.350000000000000000e+03 1.740103700541730802e-01 2.971096950386891145e-01 4.592626308602639762e-01 2.081247155211652378e-01 3.550295857988165771e-02 0.000000000000000000e+00
4.375000000000000000e+03 1.750104296521854952e-01 3.012061902594446727e-01 4.551661356395084179e-01 2.109695038689121394e-01 3.265817023213472836e-02 0.000000000000000000e+00
4.400000000000000000e+03 1.760104892501979101e-01 3.045061447428311086e-01 4.528903049613108855e-01 2.099453800637232637e-01 3.265817023213472836e-02 0.000000000000000000e+00
4.425000000000000000e+03 1.770105488482105471e-01 2.940373236231224596e-01 4.566454255803368278e-01 2.086936731907146070e-01 4.062357760582612637e-02 0.000000000000000000e+00
4.450000000000000000e+03 1.780106084462229621e-01 2.955166135639508695e-01 4.629039599453800835e-01 2.078971324533454845e-01 3.368229403732362487e-02 0.000000000000000000e+00
4.475000000000000000e+03 1.790106680442353770e-01 2.888029130632681074e-01 4.741693218024579104e-01 2.051661356395084179e-01 3.186162949476559203e-02 0.000000000000000000e+00
4.500000000000000000e+03 1.800107276422480140e-01 2.866408739189804100e-01 4.782658170232134687e-01 2.060764679107874309e-01 2.901684114701866268e-02 0.000000000000000000e+00
4.525000000000000000e+03 1.810107872402604290e-01 2.803823395539372099e-01 4.828174783796085334e-01 2.063040509786071841e-01 3.049613108784706567e-02 0.000000000000000000e+00
4.550000000000000000e+03 1.820108468382728439e-01 2.746927628584433512e-01 4.854346836595357373e-01 2.102867546654528796e-01 2.958579881656804578e-02 0.000000000000000000e+00
4.575000000000000000e+03 1.830109064362854809e-01 2.823167956304050707e-01 4.813381884387801790e-01 2.108557123350022766e-01 2.548930359581247015e-02 0.000000000000000000e+00
4.600000000000000000e+03 1.840109660342978959e-01 2.845926263086026586e-01 4.839553937187073274e-01 2.083522985889849910e-01 2.309968138370505075e-02 0.000000000000000000e+00
4.625000000000000000e+03 1.850110256323103108e-01 2.762858443331815961e-01 4.913518434228493215e-01 2.083522985889849910e-01 2.401001365498407064e-02 0.000000000000000000e+00
4.650000000000000000e+03 1.860110852303229478e-01 2.792444242148384159e-01 4.940828402366864158e-01 2.059626763768775681e-01 2.071005917159763482e-02 0.000000000000000000e+00
4.675000000000000000e+03 1.870111448283353628e-01 2.663859808830222886e-01 5.018206645425580259e-01 2.109695038689121394e-01 2.082385070550751144e-02 0.000000000000000000e+00
4.700000000000000000e+03 1.880112044263477777e-01 2.609239872553482109e-01 5.076240327719617751e-01 2.111970869367319203e-01 2.025489303595812488e-02 0.000000000000000000e+00
4.725000000000000000e+03 1.890112640243604147e-01 2.705962676376877374e-01 5.003413746017296715e-01 2.139280837505689592e-01 1.513427401001365448e-02 0.000000000000000000e+00
4.750000000000000000e+03 1.900113236223728297e-01 2.658170232134728916e-01 5.023896222121073674e-01 2.155211652253072319e-01 1.627218934911242587e-02 0.000000000000000000e+00
4.775000000000000000e+03 1.910113832203852446e-01 2.651342740100136597e-01 5.023896222121073674e-01 2.160901228948566288e-01 1.638598088302230249e-02 0.000000000000000000e+00
4.800000000000000000e+03 1.920114428183978816e-01 2.694583522985889990e-01 5.022758306781975879e-01 2.151797906235776159e-01 1.308602639963586667e-02 0.000000000000000000e+00
4.825000000000000000e+03 1.930115024164102966e-01 2.677514792899408080e-01 4.982931269913518646e-01 2.214383249886208438e-01 1.251706873008648184e-02 0.000000000000000000e+00
4.850000000000000000e+03 1.940115620144227115e-01 2.636549840691852498e-01 5.000000000000000000e-01 2.222348657259899940e-01 1.411015020482476144e-02 0.000000000000000000e+00
4.875000000000000000e+03 1.950116216124353485e-01 2.655894401456531662e-01 4.997724169321802190e-01 2.226900318616295005e-01 1.194811106053709528e-02 0.000000000000000000e+00
4.900000000000000000e+03 1.960116812104477635e-01 2.669549385525716856e-01 4.998862084660901095e-01 2.203004096495220776e-01 1.285844333181611343e-02 0.000000000000000000e+00
4.925000000000000000e+03 1.970117408084601784e-01 2.767410104688211026e-01 4.945380063723259223e-01 2.150659990896677254e-01 1.365498406918525323e-02 0.000000000000000000e+00
4.950000000000000000e+03 1.980118004064728154e-01 2.721893491124260378e-01 4.953345471096950448e-01 2.164314974965862448e-01 1.604460628129267263e-02 0.000000000000000000e+00
4.975000000000000000e+03 1.990118600044852304e-01 2.763996358670914866e-01 4.930587164314975124e-01 2.152935821574874786e-01 1.524806554392353283e-02 0.000000000000000000e+00
5.000000000000000000e+03 2.000119196024976453e-01 2.818616294947655643e-01 4.903277196176604735e-01 2.154073736913973691e-01 1.240327719617660522e-02 0.000000000000000000e+00
5.025000000000000000e+03 2.010119792005102823e-01 2.761720527992717611e-01 4.936276741010469093e-01 2.152935821574874786e-01 1.490669094219390124e-02 0.000000000000000000e+00
5.050000000000000000e+03 2.020120387985226973e-01 2.754893035958124736e-01 4.924897587619481154e-01 2.156349567592171224e-01 1.638598088302230249e-02 0.000000000000000000e+00
5.075000000000000000e+03 2.030120983965351122e-01 2.794720072826581969e-01 4.899863450159308020e-01 2.156349567592171224e-01 1.490669094219390124e-02 0.000000000000000000e+00
5.100000000000000000e+03 2.040121579945477492e-01 2.760582612653618706e-01 4.924897587619481154e-01 2.166590805644059980e-01 1.479289940828402289e-02 0.000000000000000000e+00
5.125000000000000000e+03 2.050122175925601642e-01 2.716203914428766408e-01 4.924897587619481154e-01 2.197314519799726806e-01 1.615839781520254925e-02 0.000000000000000000e+00
5.150000000000000000e+03 2.060122771905725791e-01 2.744651797906235702e-01 4.898725534820209115e-01 2.214383249886208438e-01 1.422394173873463806e-02 0.000000000000000000e+00
5.175000000000000000e+03 2.070123367885852161e-01 2.796995903504779224e-01 4.875967228038233792e-01 2.191624943104233114e-01 1.354119253527537488e-02 0.000000000000000000e+00
5.200000000000000000e+03 2.080123963865976311e-01 2.766272189349112676e-01 4.901001365498406925e-01 2.181383705052344080e-01 1.513427401001365448e-02 0.000000000000000000e+00
5.225000000000000000e+03 2.090124559846100460e-01 2.745789713245334607e-01 4.896449704142011861e-01 2.210969503868912278e-01 1.467910787437414627e-02 0.000000000000000000e+00
5.250000000000000000e+03 2.100125155826226830e-01 2.773099681383704995e-01 4.890760127446517891e-01 2.196176604460628179e-01 1.399635867091488309e-02 0.000000000000000000e+00
5.275000000000000000e+03 2.110125751806350980e-01 2.818616294947655643e-01 4.863450159308147502e-01 2.210969503868912278e-01 1.069640418752844727e-02 0.000000000000000000e+00
5.300000000000000000e+03 2.120126347786475129e-01 2.839098771051433712e-01 4.840691852526172179e-01 2.209831588529813373e-01 1.103777878925807886e-02 0.000000000000000000e+00
5.325000000000000000e+03 2.130126943766601499e-01 2.840236686390532617e-01 4.854346836595357373e-01 2.201866181156121871e-01 1.035502958579881741e-02 0.000000000000000000e+00
5.350000000000000000e+03 2.140127539746725649e-01 2.825443786982248517e-01 4.833864360491579304e-01 2.250796540737369233e-01 8.989531178880291046e-03 0.000000000000000000e+00
5.375000000000000000e+03 2.150128135726849798e-01 2.831133363677742487e-01 4.821347291761493015e-01 2.246244879380974169e-01 1.012744651797906244e-02 0.000000000000000000e+00
5.400000000000000000e+03 2.160128731706976168e-01 2.844788347746927681e-01 4.830450614474283144e-01 2.207555757851615841e-01 1.172052799271734204e-02 0.000000000000000000e+00
5.425000000000000000e+03 2.170129327687100318e-01 2.859581247155211781e-01 4.841829767865271084e-01 2.179107874374146547e-01 1.194811106053709528e-02 0.000000000000000000e+00
5.450000000000000000e+03 2.180129923667224467e-01 2.836822940373236457e-01 4.821347291761493015e-01 2.198452435138825711e-01 1.433773327264451468e-02 0.000000000000000000e+00
5.475000000000000000e+03 2.190130519647350837e-01 2.867546654528903005e-01 4.846381429221666148e-01 2.162039144287664916e-01 1.240327719617660522e-02 0.000000000000000000e+00
5.500000000000000000e+03 2.200131115627474987e-01 2.905097860719162428e-01 4.849795175238962308e-01 2.110832954028220299e-01 1.342740100136549826e-02 0.000000000000000000e+00
5.525000000000000000e+03 2.210131711607599136e-01 2.885753299954483264e-01 4.874829312699135442e-01 2.114246700045516736e-01 1.251706873008648184e-02 0.000000000000000000e+00
5.550000000000000000e+03 2.220132307587725506e-01 2.834547109695038647e-01 4.914656349567592120e-01 2.131315430131998090e-01 1.194811106053709528e-02 0.000000000000000000e+00
5.575000000000000000e+03 2.230132903567849656e-01 2.844788347746927681e-01 4.944242148384160318e-01 2.117660446062812896e-01 9.330905780609922637e-03 0.000000000000000000e+00
5.600000000000000000e+03 2.240133499547973805e-01 2.850477924442421651e-01 4.919208010923987184e-01 2.139280837505689592e-01 9.103322712790167665e-03 0.000000000000000000e+00
5.625000000000000000e+03 2.250134095528100175e-01 2.822030040964952358e-01 4.911242603550295960e-01 2.167728720983158885e-01 9.899863450159307465e-03 0.000000000000000000e+00
5.650000000000000000e+03 2.260134691508224325e-01 2.782203004096495125e-01 4.939690487027765253e-01 2.176832043695949015e-01 1.012744651797906244e-02 0.000000000000000000e+00
5.675000000000000000e+03 2.270135287488348474e-01 2.802685480200273194e-01 4.920345926263086089e-01 2.156349567592171224e-01 1.206190259444697363e-02 0.000000000000000000e+00
