# itime ezz other fcc hcp bcc ico
0.000000000000000000e+00 0.000000000000000000e+00 0.000000000000000000e+00 1.000000000000000000e+00 0.000000000000000000e+00 0.000000000000000000e+00 0.000000000000000000e+00
5.000000000000000000e+01 1.999992807708350639e-03 0.000000000000000000e+00 1.000000000000000000e+00 0.000000000000000000e+00 0.000000000000000000e+00 0.000000000000000000e+00
1.000000000000000000e+02 3.999985615416479234e-03 0.000000000000000000e+00 1.000000000000000000e+00 0.000000000000000000e+00 0.000000000000000000e+00 0.000000000000000000e+00
1.500000000000000000e+02 5.999978423124829874e-03 0.000000000000000000e+00 1.000000000000000000e+00 0.000000000000000000e+00 0.000000000000000000e+00 0.000000000000000000e+00
2.000000000000000000e+02 7.999971230833180513e-03 0.000000000000000000e+00 1.000000000000000000e+00 0.000000000000000000e+00 0.000000000000000000e+00 0.000000000000000000e+00
2.500000000000000000e+02 9.999964038541309108e-03 0.000000000000000000e+00 1.000000000000000000e+00 0.000000000000000000e+00 0.000000000000000000e+00 0.000000000000000000e+00
3.000000000000000000e+02 1.199995684624965975e-02 0.000000000000000000e+00 1.000000000000000000e+00 0.000000000000000000e+00 0.000000000000000000e+00 0.000000000000000000e+00
3.500000000000000000e+02 1.399994965395801039e-02 0.000000000000000000e+00 1.000000000000000000e+00 0.000000000000000000e+00 0.000000000000000000e+00 0.000000000000000000e+00
4.000000000000000000e+02 1.599994246166613898e-02 0.000000000000000000e+00 1.000000000000000000e+00 0.000000000000000000e+00 0.000000000000000000e+00 0.000000000000000000e+00
4.500000000000000000e+02 1.799993526937448962e-02 0.000000000000000000e+00 1.000000000000000000e+00 0.000000000000000000e+00 0.000000000000000000e+00 0.000000000000000000e+00
5.000000000000000000e+02 1.999992807708284026e-02 0.000000000000000000e+00 1.000000000000000000e+00 0.000000000000000000e+00 0.000000000000000000e+00 0.000000000000000000e+00
5.500000000000000000e+02 2.199992088479096886e-02 0.000000000000000000e+00 1.000000000000000000e+00 0.000000000000000000e+00 0.000000000000000000e+00 0.000000000000000000e+00
6.000000000000000000e+02 2.399991369249931950e-02 0.000000000000000000e+00 1.000000000000000000e+00 0.000000000000000000e+00 0.000000000000000000e+00 0.000000000000000000e+00
6.500000000000000000e+02 2.599990650020767013e-02 0.000000000000000000e+00 1.000000000000000000e+00 0.000000000000000000e+00 0.000000000000000000e+00 0.000000000000000000e+00
7.000000000000000000e+02 2.799989930791579873e-02 0.000000000000000000e+00 1.000000000000000000e+00 0.000000000000000000e+00 0.000000000000000000e+00 0.000000000000000000e+00
7.500000000000000000e+02 2.999989211562414937e-02 0.000000000000000000e+00 1.000000000000000000e+00 0.000000000000000000e+00 0.000000000000000000e+00 0.000000000000000000e+00
8.000000000000000000e+02 3.199988492333250001e-02 0.000000000000000000e+00 1.000000000000000000e+00 0.000000000000000000e+00 0.000000000000000000e+00 0.000000000000000000e+00
8.500000000000000000e+02 3.399987773104062860e-02 0.000000000000000000e+00 1.000000000000000000e+00 0.000000000000000000e+00 0.000000000000000000e+00 0.000000000000000000e+00
9.000000000000000000e+02 3.599987053874897924e-02 0.000000000000000000e+00 1.000000000000000000e+00 0.000000000000000000e+00 0.000000000000000000e+00 0.000000000000000000e+00
9.500000000000000000e+02 3.799986334645732988e-02 0.000000000000000000e+00 1.000000000000000000e+00 0.000000000000000000e+00 0.000000000000000000e+00 0.000000000000000000e+00
1.000000000000000000e+03 3.999985615416545848e-02 0.000000000000000000e+00 1.000000000000000000e+00 0.000000000000000000e+00 0.000000000000000000e+00 0.000000000000000000e+00
1.050000000000000000e+03 4.199984896187380912e-02 0.000000000000000000e+00 1.000000000000000000e+00 0.000000000000000000e+00 0.000000000000000000e+00 0.000000000000000000e+00
1.100000000000000000e+03 4.399984176958215976e-02 0.000000000000000000e+00 1.000000000000000000e+00 0.000000000000000000e+00 0.000000000000000000e+00 0.000000000000000000e+00
1.150000000000000000e+03 4.599983457729028835e-02 0.000000000000000000e+00 1.000000000000000000e+00 0.000000000000000000e+00 0.000000000000000000e+00 0.000000000000000000e+00
1.200000000000000000e+03 4.799982738499863899e-02 0.000000000000000000e+00 1.000000000000000000e+00 0.000000000000000000e+00 0.000000000000000000e+00 0.000000000000000000e+00
1.250000000000000000e+03 4.999982019270676759e-02 0.000000000000000000e+00 1.000000000000000000e+00 0.000000000000000000e+00 0.000000000000000000e+00 0.000000000000000000e+00
1.300000000000000000e+03 5.199981300041511822e-02 0.000000000000000000e+00 1.000000000000000000e+00 0.000000000000000000e+00 0.000000000000000000e+00 0.000000000000000000e+00
1.350000000000000000e+03 5.399980580812346886e-02 0.000000000000000000e+00 1.000000000000000000e+00 0.000000000000000000e+00 0.000000000000000000e+00 0.000000000000000000e+00
1.400000000000000000e+03 5.599979861583159746e-02 0.000000000000000000e+00 1.000000000000000000e+00 0.000000000000000000e+00 0.000000000000000000e+00 0.000000000000000000e+00
1.450000000000000000e+03 5.799979142353994810e-02 0.000000000000000000e+00 1.000000000000000000e+00 0.000000000000000000e+00 0.000000000000000000e+00 0.000000000000000000e+00
1.500000000000000000e+03 5.999978423124829874e-02 0.000000000000000000e+00 1.000000000000000000e+00 0.000000000000000000e+00 0.000000000000000000e+00 0.000000000000000000e+00
1.550000000000000000e+03 6.199977703895642733e-02 0.000000000000000000e+00 1.000000000000000000e+00 0.000000000000000000e+00 0.000000000000000000e+00 0.000000000000000000e+00
1.600000000000000000e+03 6.399976984666477797e-02 0.000000000000000000e+00 1.000000000000000000e+00 0.000000000000000000e+00 0.000000000000000000e+00 0.000000000000000000e+00
1.650000000000000000e+03 6.599976265437312861e-02 0.000000000000000000e+00 1.000000000000000000e+00 0.000000000000000000e+00 0.000000000000000000e+00 0.000000000000000000e+00
1.700000000000000000e+03 6.799975546208125721e-02 0.000000000000000000e+00 1.000000000000000000e+00 0.000000000000000000e+00 0.000000000000000000e+00 0.000000000000000000e+00
1.750000000000000000e+03 6.999974826978960785e-02 0.000000000000000000e+00 1.000000000000000000e+00 0.000000000000000000e+00 0.000000000000000000e+00 0.000000000000000000e+00
1.800000000000000000e+03 7.199974107749795849e-02 0.000000000000000000e+00 1.000000000000000000e+00 0.000000000000000000e+00 0.000000000000000000e+00 0.000000000000000000e+00
1.850000000000000000e+03 7.399973388520608708e-02 1.137915339098771066e-04 9.998862084660901095e-01 0.000000000000000000e+00 0.000000000000000000e+00 0.000000000000000000e+00
1.900000000000000000e+03 7.599972669291443772e-02 2.275830678197542133e-04 9.997724169321802190e-01 0.000000000000000000e+00 0.000000000000000000e+00 0.000000000000000000e+00
1.950000000000000000e+03 7.799971950062278836e-02 0.000000000000000000e+00 1.000000000000000000e+00 0.000000000000000000e+00 0.000000000000000000e+00 0.000000000000000000e+00
2.000000000000000000e+03 7.999971230833091695e-02 2.275830678197542133e-04 9.997724169321802190e-01 0.000000000000000000e+00 0.000000000000000000e+00 0.000000000000000000e+00
2.050000000000000000e+03 8.199970511603926759e-02 4.551661356395084266e-04 9.993172507965407680e-01 0.000000000000000000e+00 2.275830678197542133e-04 0.000000000000000000e+00
2.100000000000000000e+03 8.399969792374761823e-02 0.000000000000000000e+00 1.000000000000000000e+00 0.000000000000000000e+00 0.000000000000000000e+00 0.000000000000000000e+00
2.150000000000000000e+03 8.599969073145574683e-02 5.689576695493854790e-04 9.994310423304506585e-01 0.000000000000000000e+00 0.000000000000000000e+00 0.000000000000000000e+00
2.200000000000000000e+03 8.799968353916409747e-02 4.551661356395084266e-04 9.995448338643604380e-01 0.000000000000000000e+00 0.000000000000000000e+00 0.000000000000000000e+00
2.250000000000000000e+03 8.999967634687244811e-02 1.024123805188893906e-03 9.988620846609012061e-01 0.000000000000000000e+00 1.137915339098771066e-04 0.000000000000000000e+00
2.300000000000000000e+03 9.199966915458057670e-02 1.024123805188893906e-03 9.988620846609012061e-01 0.000000000000000000e+00 1.137915339098771066e-04 0.000000000000000000e+00
2.350000000000000000e+03 9.399966196228892734e-02 1.365498406918525280e-03 9.985207100591716456e-01 0.000000000000000000e+00 1.137915339098771066e-04 0.000000000000000000e+00
2.400000000000000000e+03 9.599965476999727798e-02 1.251706873008648227e-03 9.987482931269913156e-01 0.000000000000000000e+00 0.000000000000000000e+00 0.000000000000000000e+00
2.450000000000000000e+03 9.799964757770540658e-02 1.934456076467910759e-03 9.979517523896221931e-01 0.000000000000000000e+00 1.137915339098771066e-04 0.000000000000000000e+00
2.500000000000000000e+03 9.999964038541375722e-02 2.958579881656804664e-03 9.970414201183431802e-01 0.000000000000000000e+00 0.000000000000000000e+00 0.000000000000000000e+00
2.550000000000000000e+03 1.019996331931221079e-01 3.186162949476558769e-03 9.967000455166135087e-01 0.000000000000000000e+00 1.137915339098771066e-04 0.000000000000000000e+00
2.600000000000000000e+03 1.039996260008302364e-01 5.575785161583977738e-03 9.939690487027764698e-01 0.000000000000000000e+00 4.551661356395084266e-04 0.000000000000000000e+00
2.650000000000000000e+03 1.059996188085385871e-01 5.803368229403732710e-03 9.937414656349567998e-01 0.000000000000000000e+00 4.551661356395084266e-04 0.000000000000000000e+00
2.700000000000000000e+03 1.079996116162469377e-01 6.827492034592626616e-03 9.929449248975875664e-01 0.000000000000000000e+00 2.275830678197542133e-04 0.000000000000000000e+00
2.750000000000000000e+03 1.099996044239550663e-01 7.624032771961766417e-03 9.922621756941283344e-01 0.000000000000000000e+00 1.137915339098771066e-04 0.000000000000000000e+00
2.800000000000000000e+03 1.119995972316634170e-01 9.217114246700046018e-03 9.902139280837505275e-01 0.000000000000000000e+00 5.689576695493854790e-04 0.000000000000000000e+00
2.850000000000000000e+03 1.139995900393717676e-01 1.354119253527537488e-02 9.858898497951752438e-01 0.000000000000000000e+00 5.689576695493854790e-04 0.000000000000000000e+00
2.900000000000000000e+03 1.159995828470798962e-01 1.388256713700500647e-02 9.852071005917160118e-01 0.000000000000000000e+00 9.103322712790168532e-04 0.000000000000000000e+00
2.950000000000000000e+03 1.179995756547882468e-01 2.332726445152480746e-02 9.746244879380974169e-01 0.000000000000000000e+00 2.048247610377787811e-03 0.000000000000000000e+00
3.000000000000000000e+03 1.199995684624965975e-01 3.368229403732362487e-02 9.591488393263540857e-01 0.000000000000000000e+00 7.168866636322257339e-03 0.000000000000000000e+00
3.050000000000000000e+03 1.219995612702047261e-01 9.524351388256713236e-02 8.599226217569412301e-01 0.000000000000000000e+00 4.483386436049158208e-02 0.000000000000000000e+00
3.100000000000000000e+03 1.239995540779130767e-01 2.448793809740555383e-01 4.564178425125170468e-01 0.000000000000000000e+00 2.987027765134274149e-01 0.000000000000000000e+00
3.150000000000000000e+03 1.259995468856214274e-01 3.759672280382339582e-01 1.085571233500227523e-01 3.413746017296313199e-04 5.151342740100136597e-01 0.000000000000000000e+00
3.200000000000000000e+03 1.279995396933295559e-01 3.598088302230313951e-01 6.713700500682749650e-02 3.413746017296313199e-04 5.727127901684114786e-01 0.000000000000000000e+00
3.250000000000000000e+03 1.299995325010379066e-01 3.794947655894401195e-01 1.139053254437869811e-01 7.965407373691396923e-04 5.058033682294037492e-01 0.000000000000000000e+00
3.300000000000000000e+03 1.319995253087462572e-01 4.041875284478834707e-01 1.016158397815202508e-01 1.149294492489758707e-02 4.827036868456986984e-01 0.000000000000000000e+00
3.350000000000000000e+03 1.339995181164543858e-01 4.043013199817933612e-01 9.091943559399180697e-02 3.345471096950387163e-02 4.713245334547109811e-01 0.000000000000000000e+00
3.400000000000000000e+03 1.359995109241627365e-01 4.484524351388256558e-01 9.365043240782885969e-02 7.703686845698680397e-02 3.808602639963586944e-01 0.000000000000000000e+00
3.450000000000000000e+03 1.379995037318710871e-01 4.894173873463814051e-01 1.059399180700955900e-01 1.393946290395994547e-01 2.652480655439235502e-01 0.000000000000000000e+00
3.500000000000000000e+03 1.399994965395792157e-01 5.201411015020482864e-01 1.175466545289030468e-01 1.804733727810650945e-01 1.818388711879836139e-01 0.000000000000000000e+00
3.550000000000000000e+03 1.419994893472875663e-01 5.217341829767865313e-01 1.157259899863450209e-01 2.057350933090578149e-01 1.568047337278106468e-01 0.000000000000000000e+00
3.600000000000000000e+03 1.439994821549956949e-01 5.106964041875284854e-01 1.214155666818388657e-01 2.311106053709603980e-01 1.367774237596722786e-01 0.000000000000000000e+00
3.650000000000000000e+03 1.459994749627040456e-01 5.028447883477469293e-01 1.208466090122894826e-01 2.461310878470641672e-01 1.301775147928994070e-01 0.000000000000000000e+00
3.700000000000000000e+03 1.479994677704123962e-01 5.046654528903049552e-01 1.183431952662721831e-01 2.531861629494765453e-01 1.238051888939462886e-01 0.000000000000000000e+00
3.750000000000000000e+03 1.499994605781205248e-01 5.015930814747382449e-01 1.159535730541647741e-01 2.548930359581247362e-01 1.275603095129722309e-01 0.000000000000000000e+00
3.800000000000000000e+03 1.519994533858288754e-01 5.188893946290396020e-01 1.106053709604005453e-01 2.580791989076012816e-01 1.124260355029585851e-01 0.000000000000000000e+00
3.850000000000000000e+03 1.539994461935372261e-01 5.348202093764223841e-01 1.098088302230314089e-01 2.760582612653618706e-01 7.931269913518433634e-02 0.000000000000000000e+00
3.900000000000000000e+03 1.559994390012453547e-01 5.320892125625853453e-01 1.200500682749203463e-01 2.885753299954483264e-01 5.928538916704597511e-02 0.000000000000000000e+00
3.950000000000000000e+03 1.579994318089537053e-01 5.467683204369594430e-01 1.142467000455166110e-01 2.875512061902594230e-01 5.143377332726445372e-02 0.000000000000000000e+00
4.000000000000000000e+03 1.599994246166620560e-01 5.438097405553027341e-01 1.151570323167956239e-01 2.895994538006372299e-01 5.143377332726445372e-02 0.000000000000000000e+00
4.050000000000000000e+03 1.619994174243701845e-01 5.407373691397360238e-01 1.180018206645425533e-01 2.880063723258989294e-01 5.325443786982248656e-02 0.000000000000000000e+00
4.100000000000000000e+03 1.639994102320785352e-01 5.368684569868001910e-01 1.257396449704142050e-01 2.868684569868001910e-01 5.052344105598543383e-02 0.000000000000000000e+00
4.150000000000000000e+03 1.659994030397868858e-01 5.448338643604915266e-01 1.264223941738734647e-01 2.834547109695038647e-01 4.528903049613108855e-02 0.000000000000000000e+00
4.200000000000000000e+03 1.679993958474950144e-01 5.380063723258989850e-01 1.265361857077833274e-01 2.894856622667273394e-01 4.597177969959034827e-02 0.000000000000000000e+00
4.250000000000000000e+03 1.699993886552033651e-01 5.493855257168867023e-01 1.193673190714610866e-01 2.877787892580792040e-01 4.346836595357305572e-02 0.000000000000000000e+00
4.300000000000000000e+03 1.719993814629117157e-01 5.492717341829768118e-01 1.208466090122894826e-01 2.865270823850705750e-01 4.335457441966317910e-02 0.000000000000000000e+00
4.350000000000000000e+03 1.739993742706198443e-01 5.493855257168867023e-01 1.211879836140191125e-01 2.902822030040965173e-01 3.914428766499772339e-02 0.000000000000000000e+00
4.400000000000000000e+03 1.759993670783281949e-01 5.484751934456076894e-01 1.175466545289030468e-01 2.943786982248520756e-01 3.959945380063722986e-02 0.000000000000000000e+00
4.450000000000000000e+03 1.779993598860365456e-01 5.530268548020027541e-01 1.182294037323623065e-01 2.916477014110150368e-01 3.709604005461993731e-02 0.000000000000000000e+00
4.500000000000000000e+03 1.799993526937446742e-01 5.553026854802002310e-01 1.173190714610832935e-01 2.925580336822940497e-01 3.482020937642239106e-02 0.000000000000000000e+00
4.550000000000000000e+03 1.819993455014530248e-01 5.596267637687756258e-01 1.131087847064178448e-01 2.895994538006372299e-01 3.766499772416932040e-02 0.000000000000000000e+00
4.600000000000000000e+03 1.839993383091613754e-01 5.633818843878015681e-01 1.091260810195721492e-01 2.839098771051433712e-01 4.358215748748293233e-02 0.000000000000000000e+00
4.650000000000000000e+03 1.859993311168695040e-01 5.678197542102867423e-01 1.102639963586709154e-01 2.786754665452890189e-01 4.324078288575330248e-02 0.000000000000000000e+00
4.700000000000000000e+03 1.879993239245778547e-01 5.744196631770596140e-01 1.137915339098771045e-01 2.768548020027309930e-01 3.493400091033227461e-02 0.000000000000000000e+00
4.750000000000000000e+03 1.899993167322862053e-01 5.785161583978152278e-01 1.139053254437869811e-01 2.697997269003186149e-01 3.777878925807919702e-02 0.000000000000000000e+00
4.800000000000000000e+03 1.919993095399943339e-01 5.864815657715065633e-01 1.161811561219845274e-01 2.564861174328629811e-01 4.085116067364587961e-02 0.000000000000000000e+00
4.850000000000000000e+03 1.939993023477026846e-01 5.895539371870732737e-01 1.294947655894401473e-01 2.440828402366863881e-01 3.686845698680018407e-02 0.000000000000000000e+00
4.900000000000000000e+03 1.959992951554110352e-01 5.958124715521164738e-01 1.459945380063723264e-01 2.239417387346381294e-01 3.425125170687300796e-02 0.000000000000000000e+00
4.950000000000000000e+03 1.979992879631191638e-01 6.026399635867091265e-01 1.807009558488848477e-01 1.888939462903959920e-01 2.776513427401001294e-02 0.000000000000000000e+00
5.000000000000000000e+03 1.999992807708275144e-01 6.007055075102412101e-01 2.233727810650887602e-01 1.545289030496131144e-01 2.139280837505689453e-02 0.000000000000000000e+00
5.050000000000000000e+03 2.019992735785358651e-01 5.991124260355029651e-01 2.563723258989530907e-01 1.240327719617660418e-01 2.048247610377787811e-02 0.000000000000000000e+00
5.100000000000000000e+03 2.039992663862439937e-01 6.054847519344560558e-01 2.699135184342285054e-01 1.009330905780609910e-01 2.366863905325443732e-02 0.000000000000000000e+00
5.150000000000000000e+03 2.059992591939523443e-01 5.935366408739189970e-01 2.917614929449248717e-01 8.807464724624487762e-02 2.662721893491124328e-02 0.000000000000000000e+00
5.200000000000000000e+03 2.079992520016606949e-01 5.760127446517978589e-01 3.096267637687756258e-01 8.067819754210286964e-02 3.368229403732362487e-02 0.000000000000000000e+00
5.250000000000000000e+03 2.099992448093688235e-01 5.574647246244879284e-01 3.264679107874374209e-01 7.919890760127445972e-02 3.686845698680018407e-02 0.000000000000000000e+00
5.300000000000000000e+03 2.119992376170771742e-01 5.494993172507965928e-01 3.229403732362312041e-01 7.954028220300408958e-02 4.802002730996814128e-02 0.000000000000000000e+00
5.350000000000000000e+03 2.139992304247855248e-01 5.574647246244879284e-01 3.156577150659991005e-01 8.306781975421029252e-02 4.380974055530268557e-02 0.000000000000000000e+00
5.400000000000000000e+03 2.159992232324936534e-01 5.397132453345471204e-01 3.121301775147928836e-01 9.740555302685480199e-02 5.075102412380518707e-02 0.000000000000000000e+00
5.450000000000000000e+03 2.179992160402020041e-01 5.343650432407829332e-01 3.041647701411014926e-01 1.190259444697314567e-01 4.244424214838415921e-02 0.000000000000000000e+00
5.500000000000000000e+03 2.199992088479103547e-01 5.351615839781520556e-01 3.025716886663632477e-01 1.282430587164314906e-01 3.402366863905325473e-02 0.000000000000000000e+00
5.550000000000000000e+03 2.219992016556184833e-01 5.238962221210742287e-01 3.012061902594446727e-01 1.523668639053254448e-01 2.253072371415566766e-02 0.000000000000000000e+00
5.600000000000000000e+03 2.239991944633268339e-01 5.178652708238506985e-01 2.999544833864360438e-01 1.635184342284934089e-01 1.866181156121984527e-02 0.000000000000000000e+00
5.650000000000000000e+03 2.259991872710351846e-01 5.177514792899408080e-01 2.924442421483841592e-01 1.700045516613563901e-01 1.979972690031861493e-02 0.000000000000000000e+00
5.700000000000000000e+03 2.279991800787433132e-01 5.145653163404643182e-01 2.878925807919890945e-01 1.816112881201638607e-01 1.593081474738279601e-02 0.000000000000000000e+00
5.750000000000000000e+03 2.299991728864516638e-01 5.190031861629494925e-01 2.730996813837050508e-01 1.903732362312244020e-01 1.752389622212107562e-02 0.000000000000000000e+00
5.800000000000000000e+03 2.319991656941600144e-01 5.061447428311333097e-01 2.733272644515248317e-01 2.114246700045516736e-01 9.103322712790167665e-03 0.000000000000000000e+00
5.850000000000000000e+03 2.339991585018681430e-01 5.039827036868457233e-01 2.646791078743741532e-01 2.185935366408739144e-01 1.274465179790623508e-02 0.000000000000000000e+00
5.900000000000000000e+03 2.359991513095764937e-01 4.992034592626308775e-01 2.631998179335457433e-01 2.281520254893036059e-01 9.444697314519799256e-03 0.000000000000000000e+00
5.950000000000000000e+03 2.379991441172848443e-01 4.960172963131542767e-01 2.490896677287209870e-01 2.444242148384160318e-01 1.046882111970869403e-02 0.000000000000000000e+00
6.000000000000000000e+03 2.399991369249929729e-01 4.897587619481110766e-01 2.431725079654073751e-01 2.592171142467000200e-01 7.851615839781519654e-03 0.000000000000000000e+00
6.050000000000000000e+03 2.419991297327013235e-01 4.873691397360036537e-01 2.411242603550295960e-01 2.634274010013655243e-01 8.079198907601274626e-03 0.000000000000000000e+00
6.100000000000000000e+03 2.439991225404094521e-01 4.878243058716431602e-01 2.358898497951752438e-01 2.676376877560309731e-01 8.648156577150659455e-03 0.000000000000000000e+00
6.150000000000000000e+03 2.459991153481178028e-01 4.847519344560764498e-01 2.379380974055530229e-01 2.677514792899408080e-01 9.558488848429677609e-03 0.000000000000000000e+00
6.200000000000000000e+03 2.479991081558261534e-01 4.849795175238962308e-01 2.381656804733727761e-01 2.678652708238506985e-01 8.989531178880291046e-03 0.000000000000000000e+00
6.250000000000000000e+03 2.499991009635342820e-01 4.873691397360036537e-01 2.347519344560764776e-01 2.686618115612198210e-01 9.217114246700046018e-03 0.000000000000000000e+00
6.300000000000000000e+03 2.519990937712426327e-01 4.887346381429221731e-01 2.364588074647246130e-01 2.657032316795630567e-01 9.103322712790167665e-03 0.000000000000000000e+00
6.350000000000000000e+03 2.539990865789509833e-01 4.858898497951752438e-01 2.360036413290851065e-01 2.654756486117432757e-01 1.263086026399635846e-02 0.000000000000000000e+00
6.400000000000000000e+03 2.559990793866591119e-01 4.839553937187073274e-01 2.383932635411925294e-01 2.650204824761037692e-01 1.263086026399635846e-02 0.000000000000000000e+00
6.450000000000000000e+03 2.579990721943674625e-01 4.844105598543468338e-01 2.378243058716431602e-01 2.663859808830222886e-01 1.137915339098771045e-02 0.000000000000000000e+00
6.500000000000000000e+03 2.599990650020758132e-01 4.889622212107418986e-01 2.348657259899863403e-01 2.605826126536185949e-01 1.558944014565316269e-02 0.000000000000000000e+00
6.550000000000000000e+03 2.619990578097839418e-01 4.856622667273554628e-01 2.366863905325443662e-01 2.633136094674556338e-01 1.433773327264451468e-02 0.000000000000000000e+00
6.600000000000000000e+03 2.639990506174922924e-01 4.844105598543468338e-01 2.372553482020937632e-01 2.658170232134728916e-01 1.251706873008648184e-02 0.000000000000000000e+00
6.650000000000000000e+03 2.659990434252006430e-01 4.889622212107418986e-01 2.346381429221665871e-01 2.616067364588074429e-01 1.479289940828402289e-02 0.000000000000000000e+00
6.700000000000000000e+03 2.679990362329087716e-01 4.895311788802912956e-01 2.344105598543468338e-01 2.631998179335457433e-01 1.285844333181611343e-02 0.000000000000000000e+00
6.750000000000000000e+03 2.699990290406171223e-01 4.863450159308147502e-01 2.344105598543468338e-01 2.617205279927173334e-01 1.752389622212107562e-02 0.000000000000000000e+00
6.800000000000000000e+03 2.719990218483254729e-01 4.903277196176604735e-01 2.344105598543468338e-01 2.569412835685024876e-01 1.832043695949021542e-02 0.000000000000000000e+00
6.850000000000000000e+03 2.739990146560336015e-01 4.924897587619481154e-01 2.349795175238962308e-01 2.547792444242148457e-01 1.775147928994082885e-02 0.000000000000000000e+00
6.900000000000000000e+03 2.759990074637419522e-01 4.974965862539826866e-01 2.284934000910332219e-01 2.530723714155666548e-01 2.093764223941738806e-02 0.000000000000000000e+00
6.950000000000000000e+03 2.779990002714503028e-01 5.053482020937641872e-01 2.197314519799726806e-01 2.535275375512062168e-01 2.139280837505689453e-02 0.000000000000000000e+00
7.000000000000000000e+03 2.799989930791584314e-01 5.110377787892580459e-01 2.094902139280837572e-01 2.575102412380518846e-01 2.196176604460628110e-02 0.000000000000000000e+00
7.050000000000000000e+03 2.819989858868667820e-01 5.168411470186617951e-01 1.982248520710059303e-01 2.639963586709148657e-01 2.093764223941738806e-02 0.000000000000000000e+00
7.100000000000000000e+03 2.839989786945751327e-01 5.094446973145198010e-01 1.933318161128811941e-01 2.730996813837050508e-01 2.412380518889394726e-02 0.000000000000000000e+00
7.150000000000000000e+03 2.859989715022832613e-01 5.172963131543013571e-01 1.850250341374601593e-01 2.748065543923531862e-01 2.287209831588529751e-02 0.000000000000000000e+00
7.200000000000000000e+03 2.879989643099916119e-01 5.211652253072371899e-01 1.829767865270823801e-01 2.723031406463359283e-01 2.355484751934456070e-02 0.000000000000000000e+00
7.250000000000000000e+03 2.899989571176999625e-01 5.160446062812926726e-01 1.775147928994082747e-01 2.782203004096495125e-01 2.822030040964952288e-02 0.000000000000000000e+00
7.300000000000000000e+03 2.919989499254080911e-01 5.153618570778334407e-01 1.748975876194810986e-01 2.818616294947655643e-01 2.787892580791988956e-02 0.000000000000000000e+00
7.350000000000000000e+03 2.939989427331164418e-01 5.179790623577605890e-01 1.750113791533909890e-01 2.757168866636321991e-01 3.129267182521620200e-02 0.000000000000000000e+00
7.400000000000000000e+03 2.959989355408247924e-01 5.218479745106964218e-01 1.721665908056440597e-01 2.730996813837050508e-01 3.288575329995448160e-02 0.000000000000000000e+00
7.450000000000000000e+03 2.979989283485329210e-01 5.253755120619025831e-01 1.667045971779699542e-01 2.700273099681383959e-01 3.789258079198907364e-02 0.000000000000000000e+00
7.500000000000000000e+03 2.999989211562412716e-01 5.238962221210742287e-01 1.621529358215748617e-01 2.662721893491124536e-01 4.767865270823850449e-02 0.000000000000000000e+00
7.550000000000000000e+03 3.019989139639496223e-01 5.257168866636322546e-01 1.502048247610377751e-01 2.678652708238506985e-01 5.621301775147929253e-02 0.000000000000000000e+00
7.600000000000000000e+03 3.039989067716577509e-01 5.432407828857532817e-01 1.351843422849340060e-01 2.653618570778333852e-01 5.621301775147929253e-02 0.000000000000000000e+00
7.650000000000000000e+03 3.059988995793661015e-01 5.433545744196631722e-01 1.286982248520709970e-01 2.619481110605371144e-01 6.599908966772871644e-02 0.000000000000000000e+00
7.700000000000000000e+03 3.079988923870744522e-01 5.417614929449249273e-01 1.107191624943104219e-01 2.716203914428766408e-01 7.589895311788802390e-02 0.000000000000000000e+00
7.750000000000000000e+03 3.099988851947825808e-01 5.356167501137915066e-01 7.828857532999544677e-02 3.141784251251706905e-01 7.191624943104232837e-02 0.000000000000000000e+00
7.800000000000000000e+03 3.119988780024909314e-01 4.730314064633591165e-01 5.609922621756941591e-02 4.294492489758762188e-01 4.142011834319526964e-02 0.000000000000000000e+00
7.850000000000000000e+03 3.139988708101992820e-01 4.286527082385070408e-01 3.880291306326809353e-02 5.114929449248976079e-01 2.105143377332726468e-02 0.000000000000000000e+00
7.900000000000000000e+03 3.159988636179074106e-01 3.804050978607191880e-01 1.900318616294947513e-02 5.844333181611288675e-01 1.615839781520254925e-02 0.000000000000000000e+00
7.950000000000000000e+03 3.179988564256157613e-01 3.321574874829312796e-01 1.297223486572599005e-02 6.438324988620847122e-01 1.103777878925807886e-02 0.000000000000000000e+00
8.000000000000000000e+03 3.199988492333241119e-01 3.054164770141101770e-01 1.832043695949021542e-02 6.731907146108329076e-01 3.072371415566681717e-03 0.000000000000000000e+00
8.050000000000000000e+03 3.219988420410322405e-01 2.943786982248520756e-01 2.401001365498407064e-02 6.768320436959490705e-01 4.779244424214838804e-03 0.000000000000000000e+00
8.100000000000000000e+03 3.239988348487405911e-01 2.785616750113791285e-01 3.971324533454710648e-02 6.802457897132453413e-01 1.479289940828402332e-03 0.000000000000000000e+00
8.150000000000000000e+03 3.259988276564489418e-01 2.729858898497951603e-01 5.291306326809285671e-02 6.698907601274465273e-01 4.210286754665453109e-03 0.000000000000000000e+00
8.200000000000000000e+03 3.279988204641570704e-01 2.686618115612198210e-01 5.996813837050523482e-02 6.686390532544378429e-01 2.730996813837050560e-03 0.000000000000000000e+00
8.250000000000000000e+03 3.299988132718654210e-01 2.724169321802457633e-01 6.508875739644970349e-02 6.586253982703687004e-01 3.868912152935821518e-03 0.000000000000000000e+00
8.300000000000000000e+03 3.319988060795737717e-01 2.532999544833864358e-01 6.725079654073737312e-02 6.781975421028675344e-01 1.251706873008648227e-03 0.000000000000000000e+00
8.350000000000000000e+03 3.339987988872819002e-01 2.527309968138370389e-01 6.531634046426945672e-02 6.791078743741465473e-01 2.844788347746927612e-03 0.000000000000000000e+00
8.400000000000000000e+03 3.359987916949902509e-01 2.531861629494765453e-01 6.315430131998178709e-02 6.810423304506144637e-01 2.617205279927173507e-03 0.000000000000000000e+00
8.450000000000000000e+03 3.379987845026983795e-01 2.525034137460173134e-01 5.518889394629039602e-02 6.898042785616750328e-01 2.503413746017296455e-03 0.000000000000000000e+00
8.500000000000000000e+03 3.399987773104067301e-01 2.504551661356395065e-01 5.018206645425580398e-02 6.964041875284479044e-01 2.958579881656804664e-03 0.000000000000000000e+00
8.550000000000000000e+03 3.419987701181150808e-01 2.523896222121074229e-01 5.234410559854346667e-02 6.932180245789713036e-01 2.048247610377787811e-03 0.000000000000000000e+00
8.600000000000000000e+03 3.439987629258232094e-01 2.431725079654073751e-01 4.915794264906690747e-02 7.055075102412380339e-01 2.162039144287664864e-03 0.000000000000000000e+00
8.650000000000000000e+03 3.459987557335315600e-01 2.478379608557123304e-01 3.561675011379153433e-02 7.149522075557578349e-01 1.593081474738279385e-03 0.000000000000000000e+00
8.700000000000000000e+03 3.479987485412399106e-01 2.423759672280382249e-01 2.765134274010013632e-02 7.284934000910332497e-01 1.479289940828402332e-03 0.000000000000000000e+00
8.750000000000000000e+03 3.499987413489480392e-01 2.397587619481110488e-01 2.378243058716431393e-02 7.358898497951752438e-01 5.689576695493854790e-04 0.000000000000000000e+00
8.800000000000000000e+03 3.519987341566563899e-01 2.362312243969048597e-01 2.253072371415566766e-02 7.407828857532999800e-01 4.551661356395084266e-04 0.000000000000000000e+00
8.850000000000000000e+03 3.539987269643647405e-01 2.398725534820209393e-01 1.797906235776058209e-02 7.413518434228493215e-01 7.965407373691396923e-04 0.000000000000000000e+00
8.900000000000000000e+03 3.559987197720728691e-01 2.412380518889394587e-01 1.797906235776058209e-02 7.395311788802912956e-01 1.251706873008648227e-03 0.000000000000000000e+00
8.950000000000000000e+03 3.579987125797812197e-01 2.357760582612653533e-01 1.843422849340009204e-02 7.446517979062358128e-01 1.137915339098770958e-03 0.000000000000000000e+00
9.000000000000000000e+03 3.599987053874895704e-01 2.407828857532999522e-01 1.604460628129267263e-02 7.423759672280382249e-01 7.965407373691396923e-04 0.000000000000000000e+00
9.050000000000000000e+03 3.619986981951976990e-01 2.423759672280382249e-01 1.172052799271734204e-02 7.446517979062358128e-01 1.251706873008648227e-03 0.000000000000000000e+00
9.100000000000000000e+03 3.639986910029060496e-01 2.363450159308147502e-01 4.779244424214838804e-03 7.584205735093308975e-01 4.551661356395084266e-04 0.000000000000000000e+00
9.150000000000000000e+03 3.659986838106144003e-01 2.340691852526172179e-01 1.137915339098771066e-04 7.654756486117433312e-01 3.413746017296313199e-04 0.000000000000000000e+00
9.200000000000000000e+03 3.679986766183225289e-01 2.366863905325443662e-01 0.000000000000000000e+00 7.629722348657259623e-01 3.413746017296313199e-04 0.000000000000000000e+00
9.250000000000000000e+03 3.699986694260308795e-01 2.414656349567592120e-01 0.000000000000000000e+00 7.581929904415111166e-01 3.413746017296313199e-04 0.000000000000000000e+00
9.300000000000000000e+03 3.719986622337392301e-01 2.521620391442876419e-01 0.000000000000000000e+00 7.473827947200728516e-01 4.551661356395084266e-04 0.000000000000000000e+00
9.350000000000000000e+03 3.739986550414473587e-01 2.570550751024123781e-01 0.000000000000000000e+00 7.426035502958580059e-01 3.413746017296313199e-04 0.000000000000000000e+00
9.400000000000000000e+03 3.759986478491557094e-01 2.627446517979062368e-01 0.000000000000000000e+00 7.365725989986344757e-01 6.827492034592626399e-04 0.000000000000000000e+00
9.450000000000000000e+03 3.779986406568640600e-01 2.619481110605371144e-01 0.000000000000000000e+00 7.362312243969049153e-01 1.820664542558033706e-03 0.000000000000000000e+00
9.500000000000000000e+03 3.799986334645721886e-01 2.658170232134728916e-01 0.000000000000000000e+00 7.333864360491579859e-01 7.965407373691396923e-04 0.000000000000000000e+00
9.550000000000000000e+03 3.819986262722805392e-01 2.631998179335457433e-01 0.000000000000000000e+00 7.357760582612653533e-01 1.024123805188893906e-03 0.000000000000000000e+00
9.600000000000000000e+03 3.839986190799888899e-01 2.611515703231679364e-01 0.000000000000000000e+00 7.377105143377332697e-01 1.137915339098770958e-03 0.000000000000000000e+00
9.650000000000000000e+03 3.859986118876970185e-01 2.629722348657259623e-01 0.000000000000000000e+00 7.365725989986344757e-01 4.551661356395084266e-04 0.000000000000000000e+00
9.700000000000000000e+03 3.879986046954053691e-01 2.672963131543013016e-01 0.000000000000000000e+00 7.322485207100591920e-01 4.551661356395084266e-04 0.000000000000000000e+00
9.750000000000000000e+03 3.899985975031137198e-01 2.651342740100136597e-01 0.000000000000000000e+00 7.344105598543468894e-01 4.551661356395084266e-04 0.000000000000000000e+00
9.800000000000000000e+03 3.919985903108218483e-01 2.635411925352753593e-01 0.000000000000000000e+00 7.358898497951752438e-01 5.689576695493854790e-04 0.000000000000000000e+00
9.850000000000000000e+03 3.939985831185301990e-01 2.641101502048247562e-01 0.000000000000000000e+00 7.349795175238962308e-01 9.103322712790168532e-04 0.000000000000000000e+00
9.900000000000000000e+03 3.959985759262385496e-01 2.658170232134728916e-01 0.000000000000000000e+00 7.321347291761493015e-01 2.048247610377787811e-03 0.000000000000000000e+00
9.950000000000000000e+03 3.979985687339466782e-01 2.626308602639963463e-01 0.000000000000000000e+00 7.358898497951752438e-01 1.479289940828402332e-03 0.000000000000000000e+00
1.000000000000000000e+04 3.999985615416550289e-01 2.631998179335457433e-01 0.000000000000000000e+00 7.357760582612653533e-01 1.024123805188893906e-03 0.000000000000000000e+00
1.005000000000000000e+04 4.019985543493633795e-01 2.670687300864815761e-01 0.000000000000000000e+00 7.322485207100591920e-01 6.827492034592626399e-04 0.000000000000000000e+00
1.010000000000000000e+04 4.039985471570715081e-01 2.661583978152025631e-01 0.000000000000000000e+00 7.321347291761493015e-01 1.706873008648156654e-03 0.000000000000000000e+00
1.015000000000000000e+04 4.059985399647798587e-01 2.650204824761037692e-01 0.000000000000000000e+00 7.333864360491579859e-01 1.593081474738279385e-03 0.000000000000000000e+00
1.020000000000000000e+04 4.079985327724882094e-01 2.664997724169321791e-01 0.000000000000000000e+00 7.328174783796085334e-01 6.827492034592626399e-04 0.000000000000000000e+00
1.025000000000000000e+04 4.099985255801963380e-01 2.652480655439235502e-01 0.000000000000000000e+00 7.335002275830677654e-01 1.251706873008648227e-03 0.000000000000000000e+00
1.030000000000000000e+04 4.119985183879046886e-01 2.660446062812926726e-01 1.137915339098771066e-04 7.321347291761493015e-01 1.706873008648156654e-03 0.000000000000000000e+00
1.035000000000000000e+04 4.139985111956130392e-01 2.690031861629494925e-01 0.000000000000000000e+00 7.302002730996813851e-01 7.965407373691396923e-04 0.000000000000000000e+00
1.040000000000000000e+04 4.159985040033211678e-01 2.692307692307692180e-01 2.275830678197542133e-04 7.290623577605825911e-01 1.479289940828402332e-03 0.000000000000000000e+00
1.045000000000000000e+04 4.179984968110295185e-01 2.704824761037779024e-01 0.000000000000000000e+00 7.282658170232134687e-01 1.251706873008648227e-03 0.000000000000000000e+00
1.050000000000000000e+04 4.199984896187378691e-01 2.697997269003186149e-01 0.000000000000000000e+00 7.288347746927628101e-01 1.365498406918525280e-03 0.000000000000000000e+00
1.055000000000000000e+04 4.219984824264459977e-01 2.699135184342285054e-01 0.000000000000000000e+00 7.288347746927628101e-01 1.251706873008648227e-03 0.000000000000000000e+00
1.060000000000000000e+04 4.239984752341543484e-01 2.721893491124260378e-01 0.000000000000000000e+00 7.253072371415566488e-01 2.503413746017296455e-03 0.000000000000000000e+00
1.065000000000000000e+04 4.259984680418626990e-01 2.736686390532544477e-01 1.137915339098771066e-04 7.239417387346381849e-01 2.275830678197541916e-03 0.000000000000000000e+00
1.070000000000000000e+04 4.279984608495708276e-01 2.750341374601729671e-01 5.689576695493854790e-04 7.218934911242603780e-01 2.503413746017296455e-03 0.000000000000000000e+00
1.075000000000000000e+04 4.299984536572791782e-01 2.745789713245334607e-01 9.103322712790168532e-04 7.231451979972689514e-01 1.365498406918525280e-03 0.000000000000000000e+00
1.080000000000000000e+04 4.319984464649873068e-01 2.820892125625853453e-01 3.413746017296313199e-04 7.149522075557578349e-01 2.617205279927173507e-03 0.000000000000000000e+00
1.085000000000000000e+04 4.339984392726956575e-01 2.804961310878470448e-01 2.275830678197542133e-04 7.154073736913973969e-01 3.868912152935821518e-03 0.000000000000000000e+00
1.090000000000000000e+04 4.359984320804040081e-01 2.834547109695038647e-01 1.251706873008648227e-03 7.117660446062813451e-01 3.527537551206190360e-03 0.000000000000000000e+00
1.095000000000000000e+04 4.379984248881121367e-01 2.890304961310878329e-01 3.186162949476558769e-03 7.052799271734182529e-01 2.503413746017296455e-03 0.000000000000000000e+00
1.100000000000000000e+04 4.399984176958204873e-01 2.931269913518434467e-01 5.348202093764223633e-03 6.983386436049158208e-01 3.186162949476558769e-03 0.000000000000000000e+00
1.105000000000000000e+04 4.419984105035288380e-01 2.984751934456076339e-01 9.786071916249430847e-03 6.871870732817478844e-01 4.551661356395083832e-03 0.000000000000000000e+00
1.110000000000000000e+04 4.439984033112369666e-01 3.017751479289940697e-01 1.240327719617660522e-02 6.826354119253527086e-01 3.186162949476558769e-03 0.000000000000000000e+00
1.115000000000000000e+04 4.459983961189453172e-01 3.089440145653163383e-01 1.399635867091488309e-02 6.704597177969958688e-01 6.599908966772872511e-03 0.000000000000000000e+00
1.120000000000000000e+04 4.479983889266536679e-01 3.133818843878015681e-01 1.877560309512972189e-02 6.601046882111970548e-01 7.737824305871643035e-03 0.000000000000000000e+00
1.125000000000000000e+04 4.499983817343617964e-01 3.245334547109695045e-01 2.571688666363222686e-02 6.408739189804278924e-01 8.875739644970414427e-03 0.000000000000000000e+00
1.130000000000000000e+04 4.519983745420701471e-01 3.331816112881201830e-01 3.402366863905325473e-02 6.234638142922166448e-01 9.330905780609922637e-03 0.000000000000000000e+00
1.135000000000000000e+04 4.539983673497784977e-01 3.355712335002276059e-01 4.779244424214838111e-02 6.066226672735548497e-01 1.001365498406918582e-02 0.000000000000000000e+00
