# itime ezz other fcc hcp bcc ico
0.000000000000000000e+00 0.000000000000000000e+00 2.958579881656804664e-03 9.970414201183431802e-01 0.000000000000000000e+00 0.000000000000000000e+00 0.000000000000000000e+00
3.000000000000000000e+00 1.199994034373208507e-03 1.934456076467910759e-03 9.980655439235320836e-01 0.000000000000000000e+00 0.000000000000000000e+00 0.000000000000000000e+00
6.000000000000000000e+00 2.399988068746194969e-03 1.479289940828402332e-03 9.985207100591716456e-01 0.000000000000000000e+00 0.000000000000000000e+00 0.000000000000000000e+00
9.000000000000000000e+00 3.599982103119403476e-03 1.479289940828402332e-03 9.985207100591716456e-01 0.000000000000000000e+00 0.000000000000000000e+00 0.000000000000000000e+00
1.200000000000000000e+01 4.799976137492389938e-03 1.479289940828402332e-03 9.985207100591716456e-01 0.000000000000000000e+00 0.000000000000000000e+00 0.000000000000000000e+00
1.500000000000000000e+01 5.999970171865598445e-03 1.479289940828402332e-03 9.985207100591716456e-01 0.000000000000000000e+00 0.000000000000000000e+00 0.000000000000000000e+00
1.800000000000000000e+01 7.199964206238584907e-03 1.251706873008648227e-03 9.987482931269913156e-01 0.000000000000000000e+00 0.000000000000000000e+00 0.000000000000000000e+00
2.100000000000000000e+01 8.399958240611793414e-03 9.103322712790168532e-04 9.990896677287209870e-01 0.000000000000000000e+00 0.000000000000000000e+00 0.000000000000000000e+00
2.400000000000000000e+01 9.599952274984779876e-03 4.551661356395084266e-04 9.995448338643604380e-01 0.000000000000000000e+00 0.000000000000000000e+00 0.000000000000000000e+00
2.700000000000000000e+01 1.079994630935798838e-02 2.275830678197542133e-04 9.997724169321802190e-01 0.000000000000000000e+00 0.000000000000000000e+00 0.000000000000000000e+00
3.000000000000000000e+01 1.199994034373097485e-02 3.413746017296313199e-04 9.996586253982703285e-01 0.000000000000000000e+00 0.000000000000000000e+00 0.000000000000000000e+00
3.300000000000000000e+01 1.319993437810418335e-02 2.275830678197542133e-04 9.997724169321802190e-01 0.000000000000000000e+00 0.000000000000000000e+00 0.000000000000000000e+00
3.600000000000000000e+01 1.439992841247716981e-02 7.965407373691396923e-04 9.992034592626308775e-01 0.000000000000000000e+00 0.000000000000000000e+00 0.000000000000000000e+00
3.900000000000000000e+01 1.559992244685037832e-02 2.162039144287664864e-03 9.978379608557123026e-01 0.000000000000000000e+00 0.000000000000000000e+00 0.000000000000000000e+00
4.200000000000000000e+01 1.679991648122336478e-02 2.503413746017296455e-03 9.974965862539827421e-01 0.000000000000000000e+00 0.000000000000000000e+00 0.000000000000000000e+00
4.500000000000000000e+01 1.799991051559657329e-02 2.617205279927173507e-03 9.972690031861629611e-01 0.000000000000000000e+00 1.137915339098771066e-04 0.000000000000000000e+00
4.800000000000000000e+01 1.919990454996955975e-02 2.389622212107419402e-03 9.976103777878926326e-01 0.000000000000000000e+00 0.000000000000000000e+00 0.000000000000000000e+00
5.100000000000000000e+01 2.039989858434276826e-02 2.162039144287664864e-03 9.977241693218024121e-01 0.000000000000000000e+00 1.137915339098771066e-04 0.000000000000000000e+00
5.400000000000000000e+01 2.159989261871575472e-02 2.844788347746927612e-03 9.970414201183431802e-01 0.000000000000000000e+00 1.137915339098771066e-04 0.000000000000000000e+00
5.700000000000000000e+01 2.279988665308896323e-02 3.072371415566681717e-03 9.969276285844332897e-01 0.000000000000000000e+00 0.000000000000000000e+00 0.000000000000000000e+00
6.000000000000000000e+01 2.399988068746194969e-02 3.299954483386436255e-03 9.967000455166135087e-01 0.000000000000000000e+00 0.000000000000000000e+00 0.000000000000000000e+00
6.300000000000000000e+01 2.519987472183515820e-02 3.641329085116067413e-03 9.963586709148839482e-01 0.000000000000000000e+00 0.000000000000000000e+00 0.000000000000000000e+00
6.600000000000000000e+01 2.639986875620814466e-02 4.437869822485207214e-03 9.955621301775148257e-01 0.000000000000000000e+00 0.000000000000000000e+00 0.000000000000000000e+00
6.900000000000000000e+01 2.759986279058135317e-02 3.641329085116067413e-03 9.963586709148839482e-01 0.000000000000000000e+00 0.000000000000000000e+00 0.000000000000000000e+00
7.200000000000000000e+01 2.879985682495433963e-02 4.779244424214838804e-03 9.952207555757851543e-01 0.000000000000000000e+00 0.000000000000000000e+00 0.000000000000000000e+00
7.500000000000000000e+01 2.999985085932754814e-02 4.893035958124715423e-03 9.949931725079653733e-01 0.000000000000000000e+00 1.137915339098771066e-04 0.000000000000000000e+00
7.800000000000000000e+01 3.119984489370053460e-02 4.324078288575329727e-03 9.955621301775148257e-01 0.000000000000000000e+00 1.137915339098771066e-04 0.000000000000000000e+00
8.100000000000000000e+01 3.239983892807374311e-02 3.641329085116067413e-03 9.962448793809740577e-01 0.000000000000000000e+00 1.137915339098771066e-04 0.000000000000000000e+00
8.400000000000000000e+01 3.359983296244672957e-02 3.299954483386436255e-03 9.964724624487938387e-01 0.000000000000000000e+00 2.275830678197542133e-04 0.000000000000000000e+00
8.700000000000000000e+01 3.479982699681993807e-02 3.641329085116067413e-03 9.963586709148839482e-01 0.000000000000000000e+00 0.000000000000000000e+00 0.000000000000000000e+00
9.000000000000000000e+01 3.599982103119292454e-02 5.917159763313609329e-03 9.940828402366863603e-01 0.000000000000000000e+00 0.000000000000000000e+00 0.000000000000000000e+00
9.300000000000000000e+01 3.719981506556613304e-02 7.168866636322257339e-03 9.924897587619481154e-01 0.000000000000000000e+00 3.413746017296313199e-04 0.000000000000000000e+00
9.600000000000000000e+01 3.839980909993911951e-02 7.624032771961766417e-03 9.921483841602184439e-01 0.000000000000000000e+00 2.275830678197542133e-04 0.000000000000000000e+00
9.900000000000000000e+01 3.959980313431232801e-02 7.055075102412380721e-03 9.927173418297678964e-01 0.000000000000000000e+00 2.275830678197542133e-04 0.000000000000000000e+00
1.020000000000000000e+02 4.079979716868531447e-02 6.599908966772872511e-03 9.934000910332271284e-01 0.000000000000000000e+00 0.000000000000000000e+00 0.000000000000000000e+00
1.050000000000000000e+02 4.199979120305852298e-02 5.689576695493855224e-03 9.941966317705962508e-01 0.000000000000000000e+00 1.137915339098771066e-04 0.000000000000000000e+00
1.080000000000000000e+02 4.319978523743150944e-02 5.348202093764223633e-03 9.945380063723259223e-01 0.000000000000000000e+00 1.137915339098771066e-04 0.000000000000000000e+00
1.110000000000000000e+02 4.439977927180471795e-02 6.030951297223486815e-03 9.938552571688666903e-01 0.000000000000000000e+00 1.137915339098771066e-04 0.000000000000000000e+00
1.140000000000000000e+02 4.559977330617792646e-02 7.510241238051888930e-03 9.923759672280382249e-01 0.000000000000000000e+00 1.137915339098771066e-04 0.000000000000000000e+00
1.170000000000000000e+02 4.679976734055091292e-02 6.486117432862995025e-03 9.931725079654073474e-01 0.000000000000000000e+00 3.413746017296313199e-04 0.000000000000000000e+00
1.200000000000000000e+02 4.799976137492412143e-02 6.941283568502503235e-03 9.929449248975875664e-01 0.000000000000000000e+00 1.137915339098771066e-04 0.000000000000000000e+00
1.230000000000000000e+02 4.919975540929710789e-02 7.737824305871643035e-03 9.920345926263085534e-01 0.000000000000000000e+00 2.275830678197542133e-04 0.000000000000000000e+00
1.260000000000000000e+02 5.039974944367031640e-02 8.192990441511151245e-03 9.914656349567592120e-01 0.000000000000000000e+00 3.413746017296313199e-04 0.000000000000000000e+00
1.290000000000000000e+02 5.159974347804330286e-02 7.168866636322257339e-03 9.926035502958580059e-01 0.000000000000000000e+00 2.275830678197542133e-04 0.000000000000000000e+00
1.320000000000000000e+02 5.279973751241651136e-02 9.103322712790167665e-03 9.907828857532999800e-01 0.000000000000000000e+00 1.137915339098771066e-04 0.000000000000000000e+00
1.350000000000000000e+02 5.399973154678949783e-02 1.285844333181611343e-02 9.870277651342740377e-01 0.000000000000000000e+00 1.137915339098771066e-04 0.000000000000000000e+00
1.380000000000000000e+02 5.519972558116270633e-02 1.513427401001365448e-02 9.846381429221665593e-01 0.000000000000000000e+00 2.275830678197542133e-04 0.000000000000000000e+00
1.410000000000000000e+02 5.639971961553569280e-02 1.923076923076923184e-02 9.798588984979517136e-01 0.000000000000000000e+00 9.103322712790168532e-04 0.000000000000000000e+00
1.440000000000000000e+02 5.759971364990890130e-02 2.230314064633591095e-02 9.772416932180245652e-01 0.000000000000000000e+00 4.551661356395084266e-04 0.000000000000000000e+00
1.470000000000000000e+02 5.879970768428188777e-02 2.412380518889394726e-02 9.749658625398270884e-01 0.000000000000000000e+00 9.103322712790168532e-04 0.000000000000000000e+00
1.500000000000000000e+02 5.999970171865509627e-02 2.560309512972235024e-02 9.734865725989986229e-01 0.000000000000000000e+00 9.103322712790168532e-04 0.000000000000000000e+00
1.530000000000000000e+02 6.119969575302808273e-02 2.378243058716431393e-02 9.748520710059171979e-01 0.000000000000000000e+00 1.365498406918525280e-03 0.000000000000000000e+00
1.560000000000000000e+02 6.239968978740129124e-02 2.184797451069640448e-02 9.764451524806554428e-01 0.000000000000000000e+00 1.706873008648156654e-03 0.000000000000000000e+00
1.590000000000000000e+02 6.359968382177427770e-02 2.389622212107419055e-02 9.745106964041875264e-01 0.000000000000000000e+00 1.593081474738279385e-03 0.000000000000000000e+00
1.620000000000000000e+02 6.479967785614748621e-02 2.981338188438780248e-02 9.681383705052344357e-01 0.000000000000000000e+00 2.048247610377787811e-03 0.000000000000000000e+00
1.650000000000000000e+02 6.599967189052047267e-02 3.322712790168411146e-02 9.648384160218479444e-01 0.000000000000000000e+00 1.934456076467910759e-03 0.000000000000000000e+00
1.680000000000000000e+02 6.719966592489368118e-02 3.243058716431497512e-02 9.658625398270368478e-01 0.000000000000000000e+00 1.706873008648156654e-03 0.000000000000000000e+00
1.710000000000000000e+02 6.839965995926666764e-02 3.140646335912607862e-02 9.667728720983158608e-01 0.000000000000000000e+00 1.820664542558033706e-03 0.000000000000000000e+00
1.740000000000000000e+02 6.959965399363987615e-02 2.878925807919890598e-02 9.697314519799726806e-01 0.000000000000000000e+00 1.479289940828402332e-03 0.000000000000000000e+00
1.770000000000000000e+02 7.079964802801286261e-02 3.243058716431497512e-02 9.657487482931269573e-01 0.000000000000000000e+00 1.820664542558033706e-03 0.000000000000000000e+00
1.800000000000000000e+02 7.199964206238607112e-02 3.379608557123350149e-02 9.634729176149294805e-01 0.000000000000000000e+00 2.730996813837050560e-03 0.000000000000000000e+00
1.830000000000000000e+02 7.319963609675905758e-02 3.914428766499772339e-02 9.588074647246245252e-01 0.000000000000000000e+00 2.048247610377787811e-03 0.000000000000000000e+00
1.860000000000000000e+02 7.439963013113226609e-02 4.528903049613108855e-02 9.524351388256713236e-01 0.000000000000000000e+00 2.275830678197541916e-03 0.000000000000000000e+00
1.890000000000000000e+02 7.559962416550525255e-02 5.131998179335457710e-02 9.457214383249886724e-01 0.000000000000000000e+00 2.958579881656804664e-03 0.000000000000000000e+00
1.920000000000000000e+02 7.679961819987846106e-02 5.678197542102867562e-02 9.401456531634045932e-01 0.000000000000000000e+00 3.072371415566681717e-03 0.000000000000000000e+00
1.950000000000000000e+02 7.799961223425144752e-02 6.190259444697314428e-02 9.350250341374601870e-01 0.000000000000000000e+00 3.072371415566681717e-03 0.000000000000000000e+00
1.980000000000000000e+02 7.919960626862465602e-02 6.713700500682749650e-02 9.283113336367774249e-01 0.000000000000000000e+00 4.551661356395083832e-03 0.000000000000000000e+00
2.010000000000000000e+02 8.039960030299764249e-02 6.907146108329539902e-02 9.263768775603095085e-01 0.000000000000000000e+00 4.551661356395083832e-03 0.000000000000000000e+00
2.040000000000000000e+02 8.159959433737085099e-02 7.271279016841146470e-02 9.231907146108329076e-01 0.000000000000000000e+00 4.096495220755575623e-03 0.000000000000000000e+00
2.070000000000000000e+02 8.279958837174383746e-02 7.817478379608557015e-02 9.173873463814292695e-01 0.000000000000000000e+00 4.437869822485207214e-03 0.000000000000000000e+00
2.100000000000000000e+02 8.399958240611704596e-02 7.942649066909421296e-02 9.164770141101502565e-01 0.000000000000000000e+00 4.096495220755575623e-03 0.000000000000000000e+00
2.130000000000000000e+02 8.519957644049003243e-02 8.739189804278561791e-02 9.068047337278106745e-01 0.000000000000000000e+00 5.803368229403732710e-03 0.000000000000000000e+00
2.160000000000000000e+02 8.639957047486324093e-02 9.649522075557578904e-02 8.969048702776513116e-01 0.000000000000000000e+00 6.599908966772872511e-03 0.000000000000000000e+00
2.190000000000000000e+02 8.759956450923622739e-02 9.786071916249430847e-02 8.964497041420118606e-01 0.000000000000000000e+00 5.689576695493855224e-03 0.000000000000000000e+00
2.220000000000000000e+02 8.879955854360943590e-02 9.854346836595356818e-02 8.966772872098316416e-01 0.000000000000000000e+00 4.779244424214838804e-03 0.000000000000000000e+00
2.250000000000000000e+02 8.999955257798264441e-02 1.048020027309968100e-01 8.896222121074192080e-01 0.000000000000000000e+00 5.575785161583977738e-03 0.000000000000000000e+00
2.280000000000000000e+02 9.119954661235563087e-02 1.127674101046882149e-01 8.801775147928994070e-01 0.000000000000000000e+00 7.055075102412380721e-03 0.000000000000000000e+00
2.310000000000000000e+02 9.239954064672883938e-02 1.267637687756031084e-01 8.662949476558944317e-01 0.000000000000000000e+00 6.941283568502503235e-03 0.000000000000000000e+00
2.340000000000000000e+02 9.359953468110182584e-02 1.285844333181611343e-01 8.631087847064178309e-01 0.000000000000000000e+00 8.306781975421027864e-03 0.000000000000000000e+00
2.370000000000000000e+02 9.479952871547503435e-02 1.370050068274920319e-01 8.546882111970869333e-01 0.000000000000000000e+00 8.306781975421027864e-03 0.000000000000000000e+00
2.400000000000000000e+02 9.599952274984802081e-02 1.449704142011834229e-01 8.452435138825671324e-01 0.000000000000000000e+00 9.786071916249430847e-03 0.000000000000000000e+00
2.430000000000000000e+02 9.719951678422122932e-02 1.480427856167501055e-01 8.422849340009103125e-01 0.000000000000000000e+00 9.672280382339554228e-03 0.000000000000000000e+00
2.460000000000000000e+02 9.839951081859421578e-02 1.572598998634501533e-01 8.328402366863905115e-01 0.000000000000000000e+00 9.899863450159307465e-03 0.000000000000000000e+00
2.490000000000000000e+02 9.959950485296742428e-02 1.735320892125625791e-01 8.165680473372780579e-01 0.000000000000000000e+00 9.899863450159307465e-03 0.000000000000000000e+00
2.520000000000000000e+02 1.007994988873404107e-01 1.791078743741465751e-01 8.084888484296768318e-01 0.000000000000000000e+00 1.240327719617660522e-02 0.000000000000000000e+00
2.550000000000000000e+02 1.019994929217136193e-01 1.868456986800182129e-01 8.000682749203459343e-01 0.000000000000000000e+00 1.308602639963586667e-02 0.000000000000000000e+00
2.580000000000000000e+02 1.031994869560866057e-01 2.039144287664997612e-01 7.812926718252162228e-01 0.000000000000000000e+00 1.479289940828402289e-02 0.000000000000000000e+00
2.610000000000000000e+02 1.043994809904598142e-01 2.206417842512516936e-01 7.658170232134728916e-01 0.000000000000000000e+00 1.354119253527537488e-02 0.000000000000000000e+00
2.640000000000000000e+02 1.055994750248328007e-01 2.309968138370505353e-01 7.546654528903049552e-01 0.000000000000000000e+00 1.433773327264451468e-02 0.000000000000000000e+00
2.670000000000000000e+02 1.067994690592060092e-01 2.405553026854801990e-01 7.434000910332271284e-01 0.000000000000000000e+00 1.604460628129267263e-02 0.000000000000000000e+00
2.700000000000000000e+02 1.079994630935789957e-01 2.517068730086481354e-01 7.303140646335912756e-01 0.000000000000000000e+00 1.797906235776058209e-02 0.000000000000000000e+00
2.730000000000000000e+02 1.091994571279522042e-01 2.666135639508420696e-01 7.126763768775603580e-01 0.000000000000000000e+00 2.071005917159763482e-02 0.000000000000000000e+00
2.760000000000000000e+02 1.103994511623251906e-01 2.825443786982248517e-01 6.939007737824305355e-01 0.000000000000000000e+00 2.355484751934456070e-02 0.000000000000000000e+00
2.790000000000000000e+02 1.115994451966983991e-01 2.922166590805644337e-01 6.830905780609922706e-01 0.000000000000000000e+00 2.469276285844333035e-02 0.000000000000000000e+00
2.820000000000000000e+02 1.127994392310713856e-01 3.040509786071916021e-01 6.690942193900774049e-01 0.000000000000000000e+00 2.685480200273099652e-02 0.000000000000000000e+00
2.850000000000000000e+02 1.139994332654445941e-01 3.142922166590805810e-01 6.572598998634501255e-01 2.275830678197542133e-04 2.822030040964952288e-02 0.000000000000000000e+00
2.880000000000000000e+02 1.151994272998175806e-01 3.373918980427856318e-01 6.329085116067364458e-01 3.413746017296313199e-04 2.935821574874829254e-02 0.000000000000000000e+00
2.910000000000000000e+02 1.163994213341907891e-01 3.522985889849795105e-01 6.139053254437869533e-01 3.413746017296313199e-04 3.345471096950387163e-02 0.000000000000000000e+00
2.940000000000000000e+02 1.175994153685637755e-01 3.693673190714610866e-01 5.944469731451980099e-01 2.275830678197542133e-04 3.595812471552116418e-02 0.000000000000000000e+00
2.970000000000000000e+02 1.187994094029369840e-01 3.848429676832043622e-01 5.765817023213473114e-01 3.413746017296313199e-04 3.823395539371871044e-02 0.000000000000000000e+00
3.000000000000000000e+02 1.199994034373099705e-01 3.963359126081019701e-01 5.622439690487027741e-01 5.689576695493854790e-04 4.085116067364587961e-02 0.000000000000000000e+00
3.030000000000000000e+02 1.211993974716831790e-01 4.151115157032316816e-01 5.419890760127445972e-01 4.551661356395084266e-04 4.244424214838415921e-02 0.000000000000000000e+00
3.060000000000000000e+02 1.223993915060561655e-01 4.328629949931724896e-01 5.217341829767865313e-01 4.551661356395084266e-04 4.494765589440145870e-02 0.000000000000000000e+00
3.090000000000000000e+02 1.235993855404293740e-01 4.469731451979972459e-01 5.032999544833864913e-01 4.551661356395084266e-04 4.927173418297678409e-02 0.000000000000000000e+00
3.120000000000000000e+02 1.247993795748023604e-01 4.617660446062812896e-01 4.864588074647246407e-01 3.413746017296313199e-04 5.143377332726445372e-02 0.000000000000000000e+00
3.150000000000000000e+02 1.259993736091755689e-01 4.709831588529813651e-01 4.750796540737369233e-01 2.275830678197542133e-04 5.370960400546199304e-02 0.000000000000000000e+00
3.180000000000000000e+02 1.271993676435485554e-01 4.866863905325443662e-01 4.585798816568047442e-01 2.275830678197542133e-04 5.450614474283113631e-02 0.000000000000000000e+00
3.210000000000000000e+02 1.283993616779217639e-01 5.031861629494766008e-01 4.393491124260355263e-01 3.413746017296313199e-04 5.712335002275830548e-02 0.000000000000000000e+00
3.240000000000000000e+02 1.295993557122947504e-01 5.182066454255803700e-01 4.195493855257169113e-01 4.551661356395084266e-04 6.178880291306326766e-02 0.000000000000000000e+00
3.270000000000000000e+02 1.307993497466679589e-01 5.317478379608556738e-01 3.995220755575785154e-01 1.024123805188893906e-03 6.770596267637687959e-02 0.000000000000000000e+00
3.300000000000000000e+02 1.319993437810411674e-01 5.467683204369594430e-01 3.813154301319982009e-01 1.137915339098770958e-03 7.077833409194356218e-02 0.000000000000000000e+00
3.330000000000000000e+02 1.331993378154141539e-01 5.616750113791534327e-01 3.634501593081474469e-01 1.479289940828402332e-03 7.339553937187073829e-02 0.000000000000000000e+00
3.360000000000000000e+02 1.343993318497873624e-01 5.807919890760127046e-01 3.430814747382794905e-01 1.479289940828402332e-03 7.464724624487938109e-02 0.000000000000000000e+00
3.390000000000000000e+02 1.355993258841603488e-01 5.985434683659536237e-01 3.220300409649521911e-01 1.820664542558033706e-03 7.760582612653618706e-02 0.000000000000000000e+00
3.420000000000000000e+02 1.367993199185335573e-01 6.143604915794265153e-01 3.039371870732817671e-01 1.706873008648156654e-03 7.999544833864360993e-02 0.000000000000000000e+00
3.450000000000000000e+02 1.379993139529065438e-01 6.217569412835685094e-01 2.895994538006372299e-01 1.934456076467910759e-03 8.670914883932635819e-02 0.000000000000000000e+00
3.480000000000000000e+02 1.391993079872797523e-01 6.276741010468821491e-01 2.779927173418297870e-01 2.389622212107419402e-03 9.194355939918069653e-02 0.000000000000000000e+00
3.510000000000000000e+02 1.403993020216527388e-01 6.330223031406463363e-01 2.668411470186617951e-01 2.844788347746927612e-03 9.729176149294492537e-02 0.000000000000000000e+00
3.540000000000000000e+02 1.415992960560259473e-01 6.404187528447883304e-01 2.523896222121074229e-01 3.527537551206190360e-03 1.036640873918980438e-01 0.000000000000000000e+00
3.570000000000000000e+02 1.427992900903989337e-01 6.449704142011833952e-01 2.429449248975876219e-01 4.210286754665453109e-03 1.078743741465634925e-01 0.000000000000000000e+00
3.600000000000000000e+02 1.439992841247721422e-01 6.548702776513427581e-01 2.271279016841147025e-01 5.120619025944469528e-03 1.128812016385980915e-01 0.000000000000000000e+00
3.630000000000000000e+02 1.451992781591451287e-01 6.619253527537550807e-01 2.171142467000455045e-01 4.665452890304961318e-03 1.162949476558944040e-01 0.000000000000000000e+00
3.660000000000000000e+02 1.463992721935183372e-01 6.632908511606736557e-01 2.081247155211652378e-01 5.689576695493855224e-03 1.228948566226672756e-01 0.000000000000000000e+00
3.690000000000000000e+02 1.475992662278913237e-01 6.753527537551206050e-01 1.937869822485207005e-01 5.803368229403732710e-03 1.250568957669549452e-01 0.000000000000000000e+00
3.720000000000000000e+02 1.487992602622645322e-01 6.853664087391898585e-01 1.778561675011379184e-01 6.030951297223486815e-03 1.307464724624488039e-01 0.000000000000000000e+00
3.750000000000000000e+02 1.499992542966375186e-01 6.923076923076922906e-01 1.685252617205279801e-01 6.486117432862995025e-03 1.326809285389166926e-01 0.000000000000000000e+00
3.780000000000000000e+02 1.511992483310107271e-01 6.962903959945380139e-01 1.596495220755575761e-01 7.510241238051888930e-03 1.365498406918525254e-01 0.000000000000000000e+00
3.810000000000000000e+02 1.523992423653837136e-01 7.022075557578516536e-01 1.492944924897587622e-01 8.534365043240782836e-03 1.399635867091488517e-01 0.000000000000000000e+00
3.840000000000000000e+02 1.535992363997569221e-01 7.093764223941738667e-01 1.383705052344105513e-01 8.079198907601274626e-03 1.441738734638143005e-01 0.000000000000000000e+00
3.870000000000000000e+02 1.547992304341299086e-01 7.174556213017750927e-01 1.288120163859808875e-01 8.648156577150659455e-03 1.450842057350933134e-01 0.000000000000000000e+00
3.900000000000000000e+02 1.559992244685031171e-01 7.207555757851615841e-01 1.202776513427400995e-01 1.035502958579881741e-02 1.486117432862995025e-01 0.000000000000000000e+00
3.930000000000000000e+02 1.571992185028761035e-01 7.206417842512516936e-01 1.139053254437869811e-01 1.012744651797906244e-02 1.553254437869822369e-01 0.000000000000000000e+00
3.960000000000000000e+02 1.583992125372493120e-01 7.259899863450158808e-01 1.061675011379153433e-01 1.046882111970869403e-02 1.573736913973600438e-01 0.000000000000000000e+00
3.990000000000000000e+02 1.595992065716222985e-01 7.295175238962221531e-01 9.877105143377332142e-02 1.160673645880746542e-02 1.601046882111970826e-01 0.000000000000000000e+00
4.020000000000000000e+02 1.607992006059955070e-01 7.338416021847974369e-01 9.103322712790168358e-02 1.297223486572599005e-02 1.621529358215748617e-01 0.000000000000000000e+00
4.050000000000000000e+02 1.619991946403684935e-01 7.395311788802912956e-01 8.522985889849794827e-02 1.547564861174328607e-02 1.597633136094674666e-01 0.000000000000000000e+00
4.080000000000000000e+02 1.631991886747417020e-01 7.435138825671370189e-01 8.045061447428311641e-02 1.661356395084205573e-02 1.594219390077378229e-01 0.000000000000000000e+00
4.110000000000000000e+02 1.643991827091146884e-01 7.595584888484296915e-01 7.510241238051888757e-02 1.695493855257168905e-02 1.483841602184797492e-01 0.000000000000000000e+00
4.140000000000000000e+02 1.655991767434878970e-01 7.614929449248976079e-01 7.066454255803368556e-02 1.786527082385070547e-02 1.499772416932180219e-01 0.000000000000000000e+00
4.170000000000000000e+02 1.667991707778608834e-01 7.667273554847519046e-01 6.759217114246700298e-02 1.877560309512972189e-02 1.469048702776513393e-01 0.000000000000000000e+00
4.200000000000000000e+02 1.679991648122340919e-01 7.659308147473827821e-01 6.451979972690032039e-02 1.957214383249886169e-02 1.499772416932180219e-01 0.000000000000000000e+00
4.230000000000000000e+02 1.691991588466070784e-01 7.667273554847519046e-01 6.224396904870277414e-02 2.173418297678652786e-02 1.492944924897587622e-01 0.000000000000000000e+00
4.260000000000000000e+02 1.703991528809802869e-01 7.726445152480655443e-01 5.746472462448793533e-02 2.150659990896677115e-02 1.483841602184797492e-01 0.000000000000000000e+00
4.290000000000000000e+02 1.715991469153532734e-01 7.701411015020482864e-01 5.632680928538916915e-02 2.298588984979517413e-02 1.505461993627674189e-01 0.000000000000000000e+00
4.320000000000000000e+02 1.727991409497264819e-01 7.723031406463358728e-01 5.461993627674101293e-02 2.355484751934456070e-02 1.495220755575785154e-01 0.000000000000000000e+00
4.350000000000000000e+02 1.739991349840994683e-01 7.775375512061902805e-01 5.143377332726445372e-02 2.264451524806554428e-02 1.483841602184797492e-01 0.000000000000000000e+00
4.380000000000000000e+02 1.751991290184726768e-01 7.827719617660445772e-01 5.166135639508420696e-02 2.253072371415566766e-02 1.430359581247155343e-01 0.000000000000000000e+00
4.410000000000000000e+02 1.763991230528458853e-01 7.907373691397360238e-01 4.961310878470642088e-02 2.218934911242603433e-02 1.374601729631315383e-01 0.000000000000000000e+00
4.440000000000000000e+02 1.775991170872188718e-01 7.952890304961310886e-01 4.847519344560764776e-02 2.150659990896677115e-02 1.347291761492944995e-01 0.000000000000000000e+00
4.470000000000000000e+02 1.787991111215920803e-01 7.985889849795174689e-01 4.563040509786071841e-02 2.196176604460628110e-02 1.338188438780154865e-01 0.000000000000000000e+00
4.500000000000000000e+02 1.799991051559650668e-01 8.023441055985435222e-01 4.460628129267182190e-02 2.241693218024579104e-02 1.306326809285389134e-01 0.000000000000000000e+00
4.530000000000000000e+02 1.811990991903382753e-01 8.033682294037323146e-01 4.244424214838415921e-02 2.423759672280382388e-02 1.299499317250796537e-01 0.000000000000000000e+00
4.560000000000000000e+02 1.823990932247112617e-01 8.078060992262175999e-01 4.085116067364587961e-02 2.423759672280382388e-02 1.271051433773327244e-01 0.000000000000000000e+00
4.590000000000000000e+02 1.835990872590844702e-01 8.138370505234410190e-01 3.891670459717797015e-02 2.287209831588529751e-02 1.243741465634956717e-01 0.000000000000000000e+00
4.620000000000000000e+02 1.847990812934574567e-01 8.231679563040509295e-01 3.823395539371871044e-02 2.071005917159763482e-02 1.178880291306326766e-01 0.000000000000000000e+00
4.650000000000000000e+02 1.859990753278306652e-01 8.228265817023213691e-01 3.607191624943104080e-02 2.071005917159763482e-02 1.203914428766499761e-01 0.000000000000000000e+00
4.680000000000000000e+02 1.871990693622036517e-01 8.198680018206645492e-01 4.005461993627674328e-02 2.241693218024579104e-02 1.176604460628129234e-01 0.000000000000000000e+00
4.710000000000000000e+02 1.883990633965768602e-01 8.230541647701411501e-01 4.005461993627674328e-02 2.264451524806554428e-02 1.142467000455166110e-01 0.000000000000000000e+00
4.740000000000000000e+02 1.895990574309498466e-01 8.256713700500682984e-01 4.039599453800637313e-02 2.230314064633591095e-02 1.116294947655894348e-01 0.000000000000000000e+00
4.770000000000000000e+02 1.907990514653230552e-01 8.311333636777423761e-01 3.891670459717797015e-02 2.389622212107419055e-02 1.060537096040054666e-01 0.000000000000000000e+00
4.800000000000000000e+02 1.919990454996960416e-01 8.339781520254893055e-01 3.629949931725079404e-02 2.423759672280382388e-02 1.054847519344560697e-01 0.000000000000000000e+00
4.830000000000000000e+02 1.931990395340692501e-01 8.387573964497041512e-01 3.550295857988165771e-02 2.446517979062357712e-02 1.012744651797906209e-01 0.000000000000000000e+00
4.860000000000000000e+02 1.943990335684422366e-01 8.425125170687300935e-01 3.368229403732362487e-02 2.401001365498407064e-02 9.979517523896222486e-02 0.000000000000000000e+00
4.890000000000000000e+02 1.955990276028154451e-01 8.472917614929449392e-01 3.277196176604460498e-02 2.366863905325443732e-02 9.626763768775603580e-02 0.000000000000000000e+00
4.920000000000000000e+02 1.967990216371884316e-01 8.464952207555758168e-01 3.413746017296313134e-02 2.492034592626308706e-02 9.444697314519799602e-02 0.000000000000000000e+00
4.950000000000000000e+02 1.979990156715616401e-01 8.496813837050523066e-01 3.231679563040509851e-02 2.548930359581247015e-02 9.251251706873007963e-02 0.000000000000000000e+00
4.980000000000000000e+02 1.991990097059346265e-01 8.512744651797906625e-01 3.220300409649522189e-02 2.617205279927173334e-02 9.035047792444242387e-02 0.000000000000000000e+00
5.010000000000000000e+02 2.003990037403078350e-01 8.577605826126536437e-01 3.129267182521620200e-02 2.685480200273099652e-02 8.409194355939918208e-02 0.000000000000000000e+00
5.040000000000000000e+02 2.015989977746808215e-01 8.583295402822029851e-01 3.060992262175694228e-02 2.696859353664087314e-02 8.409194355939918208e-02 0.000000000000000000e+00
5.070000000000000000e+02 2.027989918090540300e-01 8.608329540282203540e-01 3.038233955393718558e-02 2.503413746017296368e-02 8.375056895766955223e-02 0.000000000000000000e+00
5.100000000000000000e+02 2.039989858434270165e-01 8.650432407828857473e-01 2.901684114701866268e-02 2.617205279927173334e-02 7.976786527082385669e-02 0.000000000000000000e+00
5.130000000000000000e+02 2.051989798778002250e-01 8.698224852071005930e-01 2.799271734182976618e-02 2.674101046882111990e-02 7.544378698224851743e-02 0.000000000000000000e+00
5.160000000000000000e+02 2.063989739121732114e-01 8.760810195721437932e-01 2.537551206190259354e-02 2.548930359581247015e-02 7.305416477014110843e-02 0.000000000000000000e+00
5.190000000000000000e+02 2.075989679465464199e-01 8.788120163859808320e-01 2.469276285844333035e-02 2.492034592626308706e-02 7.157487482931269851e-02 0.000000000000000000e+00
5.220000000000000000e+02 2.087989619809194064e-01 8.774465179790623681e-01 2.469276285844333035e-02 2.503413746017296368e-02 7.282658170232134132e-02 0.000000000000000000e+00
5.250000000000000000e+02 2.099989560152926149e-01 8.781292671825216001e-01 2.435138825671370050e-02 2.492034592626308706e-02 7.259899863450158808e-02 0.000000000000000000e+00
5.280000000000000000e+02 2.111989500496656014e-01 8.799499317250796260e-01 2.514792899408284030e-02 2.526172052799271692e-02 6.964041875284478211e-02 0.000000000000000000e+00
5.310000000000000000e+02 2.123989440840388099e-01 8.800637232589895165e-01 2.492034592626308706e-02 2.526172052799271692e-02 6.975421028675465873e-02 0.000000000000000000e+00
5.340000000000000000e+02 2.135989381184117963e-01 8.830223031406463363e-01 2.548930359581247015e-02 2.287209831588529751e-02 6.861629494765589254e-02 0.000000000000000000e+00
5.370000000000000000e+02 2.147989321527850048e-01 8.860946745562130467e-01 2.685480200273099652e-02 2.184797451069640448e-02 6.520254893035958010e-02 0.000000000000000000e+00
5.400000000000000000e+02 2.159989261871579913e-01 8.851843422849340337e-01 2.594446973145198010e-02 2.332726445152480746e-02 6.554392353208920996e-02 0.000000000000000000e+00
5.430000000000000000e+02 2.171989202215311998e-01 8.903049613108784399e-01 2.457897132453345374e-02 2.321347291761493084e-02 6.190259444697314428e-02 0.000000000000000000e+00
5.460000000000000000e+02 2.183989142559041863e-01 8.954255803368229572e-01 2.446517979062357712e-02 2.389622212107419055e-02 5.621301775147929253e-02 0.000000000000000000e+00
5.490000000000000000e+02 2.195989082902773948e-01 9.014565316340463763e-01 2.287209831588529751e-02 2.457897132453345374e-02 5.109239872553481693e-02 0.000000000000000000e+00
5.520000000000000000e+02 2.207989023246506033e-01 9.007737824305871444e-01 2.241693218024579104e-02 2.389622212107419055e-02 5.291306326809285671e-02 0.000000000000000000e+00
5.550000000000000000e+02 2.219988963590235898e-01 9.012289485662267063e-01 2.184797451069640448e-02 2.457897132453345374e-02 5.234410559854346667e-02 0.000000000000000000e+00
5.580000000000000000e+02 2.231988903933967983e-01 9.054392353208920996e-01 2.093764223941738806e-02 2.412380518889394726e-02 4.949931725079653733e-02 0.000000000000000000e+00
5.610000000000000000e+02 2.243988844277697847e-01 9.088529813381884814e-01 2.059626763768775473e-02 2.503413746017296368e-02 4.551661356395084179e-02 0.000000000000000000e+00
5.640000000000000000e+02 2.255988784621429932e-01 9.132908511606736557e-01 2.002730996813837164e-02 2.207555757851615771e-02 4.460628129267182190e-02 0.000000000000000000e+00
5.670000000000000000e+02 2.267988724965159797e-01 9.135184342284934367e-01 1.979972690031861493e-02 2.309968138370505075e-02 4.358215748748293233e-02 0.000000000000000000e+00
5.700000000000000000e+02 2.279988665308891882e-01 9.134046426945835462e-01 1.979972690031861493e-02 2.412380518889394726e-02 4.267182521620391245e-02 0.000000000000000000e+00
5.730000000000000000e+02 2.291988605652621747e-01 9.138598088302229971e-01 1.945835229858898507e-02 2.492034592626308706e-02 4.176149294492489950e-02 0.000000000000000000e+00
5.760000000000000000e+02 2.303988545996353832e-01 9.146563495675921196e-01 1.945835229858898507e-02 2.412380518889394726e-02 4.176149294492489950e-02 0.000000000000000000e+00
5.790000000000000000e+02 2.315988486340083696e-01 9.153390987710514626e-01 1.957214383249886169e-02 2.298588984979517413e-02 4.210286754665452935e-02 0.000000000000000000e+00
5.820000000000000000e+02 2.327988426683815781e-01 9.149977241693217911e-01 1.911697769685935522e-02 2.446517979062357712e-02 4.142011834319526964e-02 0.000000000000000000e+00
5.850000000000000000e+02 2.339988367027545646e-01 9.149977241693217911e-01 1.820664542558033533e-02 2.457897132453345374e-02 4.221665908056440597e-02 0.000000000000000000e+00
5.880000000000000000e+02 2.351988307371277731e-01 9.184114701866180619e-01 1.763768775603095224e-02 2.480655439235321044e-02 3.914428766499772339e-02 0.000000000000000000e+00
5.910000000000000000e+02 2.363988247715007596e-01 9.219390077378243342e-01 1.763768775603095224e-02 2.401001365498407064e-02 3.641329085116067066e-02 0.000000000000000000e+00
5.940000000000000000e+02 2.375988188058739681e-01 9.201183431952663083e-01 1.900318616294947513e-02 2.560309512972235024e-02 3.527537551206190447e-02 0.000000000000000000e+00
5.970000000000000000e+02 2.387988128402469545e-01 9.217114246700045532e-01 1.877560309512972189e-02 2.332726445152480746e-02 3.618570778334091742e-02 0.000000000000000000e+00
6.000000000000000000e+02 2.399988068746201630e-01 9.237596722803823601e-01 1.945835229858898507e-02 2.218934911242603433e-02 3.459262630860263782e-02 0.000000000000000000e+00
6.030000000000000000e+02 2.411988009089931495e-01 9.259217114246700575e-01 1.877560309512972189e-02 2.173418297678652786e-02 3.356850250341374825e-02 0.000000000000000000e+00
6.060000000000000000e+02 2.423987949433663580e-01 9.256941283568502765e-01 1.809285389167045871e-02 2.253072371415566766e-02 3.368229403732362487e-02 0.000000000000000000e+00
6.090000000000000000e+02 2.435987889777393445e-01 9.258079198907601670e-01 1.741010468821119553e-02 2.344105598543468408e-02 3.334091943559399501e-02 0.000000000000000000e+00
6.120000000000000000e+02 2.447987830121125530e-01 9.266044606281292895e-01 1.832043695949021542e-02 2.298588984979517413e-02 3.208921256258534527e-02 0.000000000000000000e+00
6.150000000000000000e+02 2.459987770464855394e-01 9.294492489758762188e-01 1.752389622212107562e-02 2.309968138370505075e-02 2.992717341829767910e-02 0.000000000000000000e+00
6.180000000000000000e+02 2.471987710808587480e-01 9.318388711879835862e-01 1.661356395084205573e-02 2.173418297678652786e-02 2.981338188438780248e-02 0.000000000000000000e+00
6.210000000000000000e+02 2.483987651152317344e-01 9.343422849340009551e-01 1.570323167956303931e-02 2.196176604460628110e-02 2.799271734182976618e-02 0.000000000000000000e+00
6.240000000000000000e+02 2.495987591496049429e-01 9.340009103322712836e-01 1.604460628129267263e-02 2.241693218024579104e-02 2.753755120619025970e-02 0.000000000000000000e+00
6.270000000000000000e+02 2.507987531839779294e-01 9.333181611288120516e-01 1.718252162039144229e-02 2.264451524806554428e-02 2.685480200273099652e-02 0.000000000000000000e+00
6.300000000000000000e+02 2.519987472183511379e-01 9.341147018661811741e-01 1.649977241693217911e-02 2.389622212107419055e-02 2.548930359581247015e-02 0.000000000000000000e+00
6.330000000000000000e+02 2.531987412527241244e-01 9.328629949931724896e-01 1.843422849340009204e-02 2.344105598543468408e-02 2.526172052799271692e-02 0.000000000000000000e+00
6.360000000000000000e+02 2.543987352870973329e-01 9.330905780609922706e-01 1.843422849340009204e-02 2.264451524806554428e-02 2.583067819754210348e-02 0.000000000000000000e+00
6.390000000000000000e+02 2.555987293214703193e-01 9.341147018661811741e-01 1.763768775603095224e-02 2.162039144287665124e-02 2.651342740100136666e-02 1.137915339098771066e-04
6.420000000000000000e+02 2.567987233558435278e-01 9.346836595357305155e-01 1.786527082385070547e-02 2.150659990896677115e-02 2.583067819754210348e-02 1.137915339098771066e-04
6.450000000000000000e+02 2.579987173902165143e-01 9.358215748748293095e-01 1.832043695949021542e-02 2.173418297678652786e-02 2.401001365498407064e-02 1.137915339098771066e-04
6.480000000000000000e+02 2.591987114245897228e-01 9.394629039599453613e-01 1.797906235776058209e-02 2.059626763768775473e-02 2.184797451069640448e-02 1.137915339098771066e-04
6.510000000000000000e+02 2.603987054589627093e-01 9.408284023668639362e-01 1.558944014565316269e-02 2.093764223941738806e-02 2.241693218024579104e-02 2.275830678197542133e-04
6.540000000000000000e+02 2.615986994933359178e-01 9.399180700955849233e-01 1.604460628129267263e-02 2.036868456986800149e-02 2.344105598543468408e-02 2.275830678197542133e-04
6.570000000000000000e+02 2.627986935277089042e-01 9.393491124260354708e-01 1.638598088302230249e-02 2.127901684114701791e-02 2.287209831588529751e-02 1.137915339098771066e-04
6.600000000000000000e+02 2.639986875620821127e-01 9.386663632225762388e-01 1.661356395084205573e-02 2.139280837505689453e-02 2.321347291761493084e-02 1.137915339098771066e-04
6.630000000000000000e+02 2.651986815964553212e-01 9.410559854346836062e-01 1.627218934911242587e-02 2.150659990896677115e-02 2.105143377332726468e-02 1.137915339098771066e-04
6.660000000000000000e+02 2.663986756308283077e-01 9.388939462903960198e-01 1.672735548475193582e-02 2.184797451069640448e-02 2.241693218024579104e-02 1.137915339098771066e-04
6.690000000000000000e+02 2.675986696652015162e-01 9.435593991807009751e-01 1.547564861174328607e-02 1.945835229858898507e-02 2.139280837505689453e-02 1.137915339098771066e-04
6.720000000000000000e+02 2.687986636995745027e-01 9.413973600364132777e-01 1.627218934911242587e-02 2.059626763768775473e-02 2.162039144287665124e-02 1.137915339098771066e-04
6.750000000000000000e+02 2.699986577339477112e-01 9.436731907146108655e-01 1.638598088302230249e-02 1.832043695949021542e-02 2.150659990896677115e-02 1.137915339098771066e-04
6.780000000000000000e+02 2.711986517683206976e-01 9.450386891215293295e-01 1.638598088302230249e-02 1.763768775603095224e-02 2.093764223941738806e-02 0.000000000000000000e+00
6.810000000000000000e+02 2.723986458026939061e-01 9.474283113336368078e-01 1.547564861174328607e-02 1.718252162039144229e-02 1.991351843422849502e-02 0.000000000000000000e+00
