# itime ezz other fcc hcp bcc ico
0.000000000000000000e+00 0.000000000000000000e+00 1.024123805188893906e-03 9.989758761948110966e-01 0.000000000000000000e+00 0.000000000000000000e+00 0.000000000000000000e+00
3.000000000000000000e+00 1.199997944078878831e-03 9.103322712790168532e-04 9.990896677287209870e-01 0.000000000000000000e+00 0.000000000000000000e+00 0.000000000000000000e+00
6.000000000000000000e+00 2.399995888157979707e-03 5.689576695493854790e-04 9.994310423304506585e-01 0.000000000000000000e+00 0.000000000000000000e+00 0.000000000000000000e+00
9.000000000000000000e+00 3.599993832236858537e-03 4.551661356395084266e-04 9.995448338643604380e-01 0.000000000000000000e+00 0.000000000000000000e+00 0.000000000000000000e+00
1.200000000000000000e+01 4.799991776315737368e-03 1.137915339098771066e-04 9.998862084660901095e-01 0.000000000000000000e+00 0.000000000000000000e+00 0.000000000000000000e+00
1.500000000000000000e+01 5.999989720394616199e-03 1.251706873008648227e-03 9.987482931269913156e-01 0.000000000000000000e+00 0.000000000000000000e+00 0.000000000000000000e+00
1.800000000000000000e+01 7.199987664473717075e-03 1.137915339098770958e-03 9.988620846609012061e-01 0.000000000000000000e+00 0.000000000000000000e+00 0.000000000000000000e+00
2.100000000000000000e+01 8.399985608552595906e-03 1.593081474738279385e-03 9.984069185252617551e-01 0.000000000000000000e+00 0.000000000000000000e+00 0.000000000000000000e+00
2.400000000000000000e+01 9.599983552631474737e-03 2.275830678197541916e-03 9.977241693218024121e-01 0.000000000000000000e+00 0.000000000000000000e+00 0.000000000000000000e+00
2.700000000000000000e+01 1.079998149671035357e-02 2.275830678197541916e-03 9.977241693218024121e-01 0.000000000000000000e+00 0.000000000000000000e+00 0.000000000000000000e+00
3.000000000000000000e+01 1.199997944078945444e-02 1.820664542558033706e-03 9.981793354574419741e-01 0.000000000000000000e+00 0.000000000000000000e+00 0.000000000000000000e+00
3.300000000000000000e+01 1.319997738486833327e-02 7.965407373691396923e-04 9.990896677287209870e-01 0.000000000000000000e+00 1.137915339098771066e-04 0.000000000000000000e+00
3.600000000000000000e+01 1.439997532894721211e-02 1.024123805188893906e-03 9.988620846609012061e-01 0.000000000000000000e+00 1.137915339098771066e-04 0.000000000000000000e+00
3.900000000000000000e+01 1.559997327302609094e-02 1.137915339098770958e-03 9.986345015930814251e-01 0.000000000000000000e+00 2.275830678197542133e-04 0.000000000000000000e+00
4.200000000000000000e+01 1.679997121710519181e-02 1.137915339098770958e-03 9.987482931269913156e-01 0.000000000000000000e+00 1.137915339098771066e-04 0.000000000000000000e+00
4.500000000000000000e+01 1.799996916118407064e-02 1.251706873008648227e-03 9.987482931269913156e-01 0.000000000000000000e+00 0.000000000000000000e+00 0.000000000000000000e+00
4.800000000000000000e+01 1.919996710526294947e-02 1.706873008648156654e-03 9.982931269913518646e-01 0.000000000000000000e+00 0.000000000000000000e+00 0.000000000000000000e+00
5.100000000000000000e+01 2.039996504934182830e-02 2.275830678197541916e-03 9.976103777878926326e-01 0.000000000000000000e+00 1.137915339098771066e-04 0.000000000000000000e+00
5.400000000000000000e+01 2.159996299342092918e-02 1.934456076467910759e-03 9.980655439235320836e-01 0.000000000000000000e+00 0.000000000000000000e+00 0.000000000000000000e+00
5.700000000000000000e+01 2.279996093749980801e-02 2.048247610377787811e-03 9.979517523896221931e-01 0.000000000000000000e+00 0.000000000000000000e+00 0.000000000000000000e+00
6.000000000000000000e+01 2.399995888157868684e-02 3.186162949476558769e-03 9.968138370505233992e-01 0.000000000000000000e+00 0.000000000000000000e+00 0.000000000000000000e+00
6.300000000000000000e+01 2.519995682565756567e-02 2.162039144287664864e-03 9.978379608557123026e-01 0.000000000000000000e+00 0.000000000000000000e+00 0.000000000000000000e+00
6.600000000000000000e+01 2.639995476973666655e-02 1.593081474738279385e-03 9.984069185252617551e-01 0.000000000000000000e+00 0.000000000000000000e+00 0.000000000000000000e+00
6.900000000000000000e+01 2.759995271381554538e-02 3.527537551206190360e-03 9.962448793809740577e-01 0.000000000000000000e+00 2.275830678197542133e-04 0.000000000000000000e+00
7.200000000000000000e+01 2.879995065789442421e-02 4.096495220755575623e-03 9.955621301775148257e-01 0.000000000000000000e+00 3.413746017296313199e-04 0.000000000000000000e+00
7.500000000000000000e+01 2.999994860197330304e-02 4.437869822485207214e-03 9.954483386436049352e-01 0.000000000000000000e+00 1.137915339098771066e-04 0.000000000000000000e+00
7.800000000000000000e+01 3.119994654605240392e-02 5.461993627674101119e-03 9.944242148384160318e-01 0.000000000000000000e+00 1.137915339098771066e-04 0.000000000000000000e+00
8.100000000000000000e+01 3.239994449013128275e-02 3.527537551206190360e-03 9.964724624487938387e-01 0.000000000000000000e+00 0.000000000000000000e+00 0.000000000000000000e+00
8.400000000000000000e+01 3.359994243421016158e-02 3.413746017296313308e-03 9.965862539827037292e-01 0.000000000000000000e+00 0.000000000000000000e+00 0.000000000000000000e+00
8.700000000000000000e+01 3.479994037828904041e-02 5.689576695493855224e-03 9.943104233045061413e-01 0.000000000000000000e+00 0.000000000000000000e+00 0.000000000000000000e+00
9.000000000000000000e+01 3.599993832236814129e-02 6.258534365043240920e-03 9.937414656349567998e-01 0.000000000000000000e+00 0.000000000000000000e+00 0.000000000000000000e+00
9.300000000000000000e+01 3.719993626644702012e-02 6.713700500682749130e-03 9.932862994993172379e-01 0.000000000000000000e+00 0.000000000000000000e+00 0.000000000000000000e+00
9.600000000000000000e+01 3.839993421052589895e-02 5.803368229403732710e-03 9.941966317705962508e-01 0.000000000000000000e+00 0.000000000000000000e+00 0.000000000000000000e+00
9.900000000000000000e+01 3.959993215460477778e-02 8.648156577150659455e-03 9.912380518889394310e-01 0.000000000000000000e+00 1.137915339098771066e-04 0.000000000000000000e+00
1.020000000000000000e+02 4.079993009868387865e-02 8.306781975421027864e-03 9.916932180245789930e-01 0.000000000000000000e+00 0.000000000000000000e+00 0.000000000000000000e+00
1.050000000000000000e+02 4.199992804276275749e-02 7.510241238051888930e-03 9.924897587619481154e-01 0.000000000000000000e+00 0.000000000000000000e+00 0.000000000000000000e+00
1.080000000000000000e+02 4.319992598684163632e-02 5.803368229403732710e-03 9.939690487027764698e-01 0.000000000000000000e+00 2.275830678197542133e-04 0.000000000000000000e+00
1.110000000000000000e+02 4.439992393092051515e-02 6.144742831133363434e-03 9.936276741010469093e-01 0.000000000000000000e+00 2.275830678197542133e-04 0.000000000000000000e+00
1.140000000000000000e+02 4.559992187499961602e-02 8.534365043240782836e-03 9.914656349567592120e-01 0.000000000000000000e+00 0.000000000000000000e+00 0.000000000000000000e+00
1.170000000000000000e+02 4.679991981907849485e-02 1.058261265361857065e-02 9.890760127446518446e-01 0.000000000000000000e+00 3.413746017296313199e-04 0.000000000000000000e+00
1.200000000000000000e+02 4.799991776315737368e-02 1.115157032316795548e-02 9.887346381429221731e-01 0.000000000000000000e+00 1.137915339098771066e-04 0.000000000000000000e+00
1.230000000000000000e+02 4.919991570723625252e-02 1.285844333181611343e-02 9.864588074647245852e-01 0.000000000000000000e+00 6.827492034592626399e-04 0.000000000000000000e+00
1.260000000000000000e+02 5.039991365131535339e-02 1.194811106053709528e-02 9.877105143377332697e-01 0.000000000000000000e+00 3.413746017296313199e-04 0.000000000000000000e+00
1.290000000000000000e+02 5.159991159539423222e-02 1.206190259444697363e-02 9.877105143377332697e-01 0.000000000000000000e+00 2.275830678197542133e-04 0.000000000000000000e+00
1.320000000000000000e+02 5.279990953947311105e-02 1.172052799271734204e-02 9.880518889394629412e-01 0.000000000000000000e+00 2.275830678197542133e-04 0.000000000000000000e+00
1.350000000000000000e+02 5.399990748355198988e-02 1.217569412835685025e-02 9.875967228038233792e-01 0.000000000000000000e+00 2.275830678197542133e-04 0.000000000000000000e+00
1.380000000000000000e+02 5.519990542763109076e-02 1.399635867091488309e-02 9.855484751934455723e-01 0.000000000000000000e+00 4.551661356395084266e-04 0.000000000000000000e+00
1.410000000000000000e+02 5.639990337170996959e-02 1.661356395084205573e-02 9.830450614474283144e-01 0.000000000000000000e+00 3.413746017296313199e-04 0.000000000000000000e+00
1.440000000000000000e+02 5.759990131578884842e-02 1.649977241693217911e-02 9.832726445152480954e-01 0.000000000000000000e+00 2.275830678197542133e-04 0.000000000000000000e+00
1.470000000000000000e+02 5.879989925986794930e-02 1.888939462903959851e-02 9.802002730996813851e-01 0.000000000000000000e+00 9.103322712790168532e-04 0.000000000000000000e+00
1.500000000000000000e+02 5.999989720394682813e-02 2.139280837505689453e-02 9.776968593536641272e-01 0.000000000000000000e+00 9.103322712790168532e-04 0.000000000000000000e+00
1.530000000000000000e+02 6.119989514802570696e-02 2.435138825671370050e-02 9.743969048702776359e-01 0.000000000000000000e+00 1.251706873008648227e-03 0.000000000000000000e+00
1.560000000000000000e+02 6.239989309210458579e-02 2.605826126536185672e-02 9.729176149294492815e-01 0.000000000000000000e+00 1.024123805188893906e-03 0.000000000000000000e+00
1.590000000000000000e+02 6.359989103618368667e-02 2.514792899408284030e-02 9.737141556668184039e-01 0.000000000000000000e+00 1.137915339098770958e-03 0.000000000000000000e+00
1.620000000000000000e+02 6.479988898026256550e-02 2.469276285844333035e-02 9.745106964041875264e-01 0.000000000000000000e+00 7.965407373691396923e-04 0.000000000000000000e+00
1.650000000000000000e+02 6.599988692434144433e-02 2.628584433318160996e-02 9.728038233955393910e-01 0.000000000000000000e+00 9.103322712790168532e-04 0.000000000000000000e+00
1.680000000000000000e+02 6.719988486842032316e-02 2.685480200273099652e-02 9.718934911242603780e-01 0.000000000000000000e+00 1.251706873008648227e-03 0.000000000000000000e+00
1.710000000000000000e+02 6.839988281249942403e-02 3.174783796085571541e-02 9.673418297678653133e-01 0.000000000000000000e+00 9.103322712790168532e-04 0.000000000000000000e+00
1.740000000000000000e+02 6.959988075657830287e-02 3.664087391898043083e-02 9.619936276741010150e-01 0.000000000000000000e+00 1.365498406918525280e-03 0.000000000000000000e+00
1.770000000000000000e+02 7.079987870065718170e-02 4.028220300409649651e-02 9.586936731907146347e-01 0.000000000000000000e+00 1.024123805188893906e-03 0.000000000000000000e+00
1.800000000000000000e+02 7.199987664473606053e-02 4.096495220755575623e-02 9.575557578516158408e-01 0.000000000000000000e+00 1.479289940828402332e-03 0.000000000000000000e+00
1.830000000000000000e+02 7.319987458881516140e-02 4.335457441966317910e-02 9.549385525716886924e-01 0.000000000000000000e+00 1.706873008648156654e-03 0.000000000000000000e+00
1.860000000000000000e+02 7.439987253289404023e-02 4.858898497951752438e-02 9.493627674101047242e-01 0.000000000000000000e+00 2.048247610377787811e-03 0.000000000000000000e+00
1.890000000000000000e+02 7.559987047697291906e-02 5.530268548020027264e-02 9.429904415111515226e-01 0.000000000000000000e+00 1.706873008648156654e-03 0.000000000000000000e+00
1.920000000000000000e+02 7.679986842105179790e-02 5.917159763313609155e-02 9.382111970869366768e-01 0.000000000000000000e+00 2.617205279927173507e-03 0.000000000000000000e+00
1.950000000000000000e+02 7.799986636513089877e-02 5.860263996358670846e-02 9.392353208921255803e-01 0.000000000000000000e+00 2.162039144287664864e-03 0.000000000000000000e+00
1.980000000000000000e+02 7.919986430920977760e-02 5.689576695493855224e-02 9.403732362312243742e-01 0.000000000000000000e+00 2.730996813837050560e-03 0.000000000000000000e+00
2.010000000000000000e+02 8.039986225328865643e-02 6.395084205735093730e-02 9.335457441966317216e-01 0.000000000000000000e+00 2.503413746017296455e-03 0.000000000000000000e+00
2.040000000000000000e+02 8.159986019736753526e-02 7.248520710059171146e-02 9.247837960855712636e-01 0.000000000000000000e+00 2.730996813837050560e-03 0.000000000000000000e+00
2.070000000000000000e+02 8.279985814144663614e-02 7.897132453345470648e-02 9.178425125170687204e-01 0.000000000000000000e+00 3.186162949476558769e-03 0.000000000000000000e+00
2.100000000000000000e+02 8.399985608552551497e-02 8.215748748293126569e-02 9.135184342284934367e-01 0.000000000000000000e+00 4.324078288575329727e-03 0.000000000000000000e+00
2.130000000000000000e+02 8.519985402960439380e-02 8.841602184797450747e-02 9.065771506599908935e-01 0.000000000000000000e+00 5.006827492034592909e-03 0.000000000000000000e+00
2.160000000000000000e+02 8.639985197368327263e-02 9.160218479745106668e-02 9.031634046426946227e-01 0.000000000000000000e+00 5.234410559854347014e-03 0.000000000000000000e+00
2.190000000000000000e+02 8.759984991776237351e-02 1.001365498406918547e-01 8.942876649977241632e-01 0.000000000000000000e+00 5.575785161583977738e-03 0.000000000000000000e+00
2.220000000000000000e+02 8.879984786184125234e-02 1.117432862994993115e-01 8.826809285389166648e-01 0.000000000000000000e+00 5.575785161583977738e-03 0.000000000000000000e+00
2.250000000000000000e+02 8.999984580592013117e-02 1.186845698680018268e-01 8.749431042330451103e-01 0.000000000000000000e+00 6.372325898953117539e-03 0.000000000000000000e+00
2.280000000000000000e+02 9.119984374999901000e-02 1.249431042330450548e-01 8.687983614019116896e-01 0.000000000000000000e+00 6.258534365043240920e-03 0.000000000000000000e+00
2.310000000000000000e+02 9.239984169407811088e-02 1.307464724624488039e-01 8.639053254437869533e-01 0.000000000000000000e+00 5.348202093764223633e-03 0.000000000000000000e+00
2.340000000000000000e+02 9.359983963815698971e-02 1.312016385980883104e-01 8.621984524351388179e-01 0.000000000000000000e+00 6.599908966772872511e-03 0.000000000000000000e+00
2.370000000000000000e+02 9.479983758223586854e-02 1.329085116067364458e-01 8.606053709604005730e-01 0.000000000000000000e+00 6.486117432862995025e-03 0.000000000000000000e+00
2.400000000000000000e+02 9.599983552631474737e-02 1.350705507510241155e-01 8.578743741465635342e-01 0.000000000000000000e+00 7.055075102412380721e-03 0.000000000000000000e+00
2.430000000000000000e+02 9.719983347039384824e-02 1.464497041420118328e-01 8.463814292216659263e-01 0.000000000000000000e+00 7.168866636322257339e-03 0.000000000000000000e+00
2.460000000000000000e+02 9.839983141447272708e-02 1.570323167956304000e-01 8.344333181611288675e-01 0.000000000000000000e+00 8.534365043240782836e-03 0.000000000000000000e+00
2.490000000000000000e+02 9.959982935855160591e-02 1.657942649066909413e-01 8.235093309057806010e-01 0.000000000000000000e+00 1.069640418752844727e-02 0.000000000000000000e+00
2.520000000000000000e+02 1.007998273026304847e-01 1.756941283568502488e-01 8.129267182521620061e-01 0.000000000000000000e+00 1.137915339098771045e-02 0.000000000000000000e+00
2.550000000000000000e+02 1.019998252467095856e-01 1.855939918070095562e-01 8.023441055985435222e-01 0.000000000000000000e+00 1.206190259444697363e-02 0.000000000000000000e+00
2.580000000000000000e+02 1.031998231907884644e-01 2.027765134274009950e-01 7.857305416477013971e-01 0.000000000000000000e+00 1.149294492489758707e-02 0.000000000000000000e+00
2.610000000000000000e+02 1.043998211348673433e-01 2.191624943104233114e-01 7.678652708238506985e-01 0.000000000000000000e+00 1.297223486572599005e-02 0.000000000000000000e+00
2.640000000000000000e+02 1.055998190789462221e-01 2.322485207100591642e-01 7.535275375512061613e-01 0.000000000000000000e+00 1.422394173873463806e-02 0.000000000000000000e+00
2.670000000000000000e+02 1.067998170230253230e-01 2.382794720072826666e-01 7.445380063723259223e-01 0.000000000000000000e+00 1.718252162039144229e-02 0.000000000000000000e+00
2.700000000000000000e+02 1.079998149671042018e-01 2.454483386436049075e-01 7.358898497951752438e-01 0.000000000000000000e+00 1.866181156121984527e-02 0.000000000000000000e+00
2.730000000000000000e+02 1.091998129111830806e-01 2.514792899408284099e-01 7.282658170232134687e-01 0.000000000000000000e+00 2.025489303595812488e-02 0.000000000000000000e+00
2.760000000000000000e+02 1.103998108552619595e-01 2.600136549840691980e-01 7.154073736913973969e-01 0.000000000000000000e+00 2.457897132453345374e-02 0.000000000000000000e+00
2.790000000000000000e+02 1.115998087993410604e-01 2.806099226217569353e-01 6.953800637232590010e-01 2.275830678197542133e-04 2.378243058716431393e-02 0.000000000000000000e+00
2.820000000000000000e+02 1.127998067434199392e-01 2.955166135639508695e-01 6.803595812471552318e-01 2.275830678197542133e-04 2.389622212107419055e-02 0.000000000000000000e+00
2.850000000000000000e+02 1.139998046874988180e-01 3.056440600819299025e-01 6.698907601274465273e-01 1.137915339098771066e-04 2.435138825671370050e-02 0.000000000000000000e+00
2.880000000000000000e+02 1.151998026315779189e-01 3.230541647701410946e-01 6.516841147018661573e-01 0.000000000000000000e+00 2.526172052799271692e-02 0.000000000000000000e+00
2.910000000000000000e+02 1.163998005756567977e-01 3.353436504324078249e-01 6.356395084205734847e-01 0.000000000000000000e+00 2.901684114701866268e-02 0.000000000000000000e+00
2.940000000000000000e+02 1.175997985197356765e-01 3.482020937642239522e-01 6.219845243513882904e-01 0.000000000000000000e+00 2.981338188438780248e-02 0.000000000000000000e+00
2.970000000000000000e+02 1.187997964638145554e-01 3.599226217569412856e-01 6.071916249431041912e-01 1.137915339098771066e-04 3.277196176604460498e-02 0.000000000000000000e+00
3.000000000000000000e+02 1.199997944078936563e-01 3.700500682749203185e-01 5.935366408739189970e-01 3.413746017296313199e-04 3.607191624943104080e-02 0.000000000000000000e+00
3.030000000000000000e+02 1.211997923519725351e-01 3.838188438780154588e-01 5.774920345926263243e-01 3.413746017296313199e-04 3.834774692762858705e-02 0.000000000000000000e+00
3.060000000000000000e+02 1.223997902960514139e-01 3.997496586253982964e-01 5.573509330905780379e-01 4.551661356395084266e-04 4.244424214838415921e-02 0.000000000000000000e+00
3.090000000000000000e+02 1.235997882401302927e-01 4.237596722803823601e-01 5.308375056895766608e-01 3.413746017296313199e-04 4.506144742831133532e-02 0.000000000000000000e+00
3.120000000000000000e+02 1.247997861842093936e-01 4.319526627218934767e-01 5.174101046882112476e-01 2.275830678197542133e-04 5.040964952207555722e-02 0.000000000000000000e+00
3.150000000000000000e+02 1.259997841282882725e-01 4.500455166135639562e-01 4.961310878470641672e-01 1.137915339098771066e-04 5.370960400546199304e-02 0.000000000000000000e+00
3.180000000000000000e+02 1.271997820723671513e-01 4.592626308602639762e-01 4.813381884387801790e-01 2.275830678197542133e-04 5.917159763313609155e-02 0.000000000000000000e+00
3.210000000000000000e+02 1.283997800164460301e-01 4.742831133363678009e-01 4.624487938097405770e-01 3.413746017296313199e-04 6.292671825216203385e-02 0.000000000000000000e+00
3.240000000000000000e+02 1.295997779605251310e-01 4.910104688211197055e-01 4.413973600364132777e-01 5.689576695493854790e-04 6.702321347291761988e-02 0.000000000000000000e+00
3.270000000000000000e+02 1.307997759046040098e-01 5.087619481110605690e-01 4.180700955848885014e-01 6.827492034592626399e-04 7.248520710059171146e-02 0.000000000000000000e+00
3.300000000000000000e+02 1.319997738486828887e-01 5.201411015020482864e-01 4.022530723714155543e-01 6.827492034592626399e-04 7.692307692307692735e-02 0.000000000000000000e+00
3.330000000000000000e+02 1.331997717927617675e-01 5.310650887573964418e-01 3.872325898953117851e-01 3.413746017296313199e-04 8.136094674556212936e-02 0.000000000000000000e+00
3.360000000000000000e+02 1.343997697368408684e-01 5.452890304961310886e-01 3.674328629949931702e-01 5.689576695493854790e-04 8.670914883932635819e-02 0.000000000000000000e+00
3.390000000000000000e+02 1.355997676809197472e-01 5.543923532089212181e-01 3.537778789258079204e-01 1.479289940828402332e-03 9.035047792444242387e-02 0.000000000000000000e+00
3.420000000000000000e+02 1.367997656249986260e-01 5.625853436504324456e-01 3.388711879836140417e-01 1.479289940828402332e-03 9.706417842512517213e-02 0.000000000000000000e+00
3.450000000000000000e+02 1.379997635690775049e-01 5.736231224396904915e-01 3.239644970414201075e-01 1.934456076467910759e-03 1.004779244424214846e-01 0.000000000000000000e+00
3.480000000000000000e+02 1.391997615131566057e-01 5.860263996358671124e-01 3.025716886663632477e-01 2.617205279927173507e-03 1.087847064178425194e-01 0.000000000000000000e+00
3.510000000000000000e+02 1.403997594572354846e-01 6.012744651797906625e-01 2.835685025034137552e-01 2.844788347746927612e-03 1.123122439690487084e-01 0.000000000000000000e+00
3.540000000000000000e+02 1.415997574013143634e-01 6.141329085116067343e-01 2.629722348657259623e-01 3.982703686845699004e-03 1.189121529358215801e-01 0.000000000000000000e+00
3.570000000000000000e+02 1.427997553453932422e-01 6.289258079198907225e-01 2.448793809740555383e-01 4.096495220755575623e-03 1.220983158852981393e-01 0.000000000000000000e+00
3.600000000000000000e+02 1.439997532894723431e-01 6.389394629039599760e-01 2.243969048702776636e-01 4.324078288575329727e-03 1.323395539371870766e-01 0.000000000000000000e+00
3.630000000000000000e+02 1.451997512335512219e-01 6.464497041420118606e-01 2.074419663177059503e-01 4.779244424214838804e-03 1.413290851160673711e-01 0.000000000000000000e+00
3.660000000000000000e+02 1.463997491776301008e-01 6.562357760582612221e-01 1.917387346381429214e-01 5.348202093764223633e-03 1.466772872098315861e-01 0.000000000000000000e+00
3.690000000000000000e+02 1.475997471217089796e-01 6.614701866181156298e-01 1.802457897132453413e-01 6.486117432862995025e-03 1.517979062357760478e-01 0.000000000000000000e+00
3.720000000000000000e+02 1.487997450657880805e-01 6.629494765589439842e-01 1.701183431952662806e-01 7.282658170232134826e-03 1.596495220755575761e-01 0.000000000000000000e+00
3.750000000000000000e+02 1.499997430098669593e-01 6.731907146108329076e-01 1.582840236686390567e-01 8.192990441511151245e-03 1.603322712790168358e-01 0.000000000000000000e+00
3.780000000000000000e+02 1.511997409539458381e-01 6.814974965862540257e-01 1.457669549385525731e-01 7.965407373691398007e-03 1.647701411015020379e-01 0.000000000000000000e+00
3.810000000000000000e+02 1.523997388980247170e-01 6.901456531634045932e-01 1.367774237596722786e-01 7.510241238051888930e-03 1.655666818388711881e-01 0.000000000000000000e+00
3.840000000000000000e+02 1.535997368421038178e-01 6.964041875284479044e-01 1.283568502503413811e-01 7.965407373691398007e-03 1.672735548475193512e-01 0.000000000000000000e+00
3.870000000000000000e+02 1.547997347861826967e-01 7.018661811561219821e-01 1.185707783340919502e-01 9.217114246700046018e-03 1.703459262630860338e-01 0.000000000000000000e+00
3.900000000000000000e+02 1.559997327302615755e-01 7.048247610377788019e-01 1.142467000455166110e-01 9.217114246700046018e-03 1.717114246700045532e-01 0.000000000000000000e+00
3.930000000000000000e+02 1.571997306743404543e-01 7.076695493855257313e-01 1.077605826126536159e-01 1.012744651797906244e-02 1.744424214838415921e-01 0.000000000000000000e+00
3.960000000000000000e+02 1.583997286184195552e-01 7.133591260810195900e-01 1.005917159763313612e-01 1.081019572143832562e-02 1.752389622212107423e-01 0.000000000000000000e+00
3.990000000000000000e+02 1.595997265624984340e-01 7.196176604460627901e-01 9.478834774692762588e-02 1.206190259444697363e-02 1.735320892125625791e-01 0.000000000000000000e+00
4.020000000000000000e+02 1.607997245065773129e-01 7.265589440145653333e-01 8.682294037323623481e-02 1.081019572143832562e-02 1.758079198907601393e-01 0.000000000000000000e+00
4.050000000000000000e+02 1.619997224506561917e-01 7.295175238962221531e-01 8.113336367774237612e-02 1.137915339098771045e-02 1.779699590350477811e-01 0.000000000000000000e+00
4.080000000000000000e+02 1.631997203947352926e-01 7.355484751934455723e-01 7.510241238051888757e-02 1.126536185707783383e-02 1.780837505689576716e-01 0.000000000000000000e+00
4.110000000000000000e+02 1.643997183388141714e-01 7.418070095584888834e-01 7.020937642239417908e-02 1.274465179790623508e-02 1.752389622212107423e-01 0.000000000000000000e+00
4.140000000000000000e+02 1.655997162828930502e-01 7.504551661356395620e-01 6.235776058261265076e-02 1.354119253527537488e-02 1.736458807464724696e-01 0.000000000000000000e+00
4.170000000000000000e+02 1.667997142269719291e-01 7.522758306781975879e-01 5.905780609922621494e-02 1.547564861174328607e-02 1.731907146108329631e-01 0.000000000000000000e+00
4.200000000000000000e+02 1.679997121710510299e-01 7.563723258989530907e-01 5.564406008192990249e-02 1.649977241693217911e-02 1.714838416021848000e-01 0.000000000000000000e+00
4.230000000000000000e+02 1.691997101151299088e-01 7.645653163404643182e-01 5.109239872553481693e-02 1.741010468821119553e-02 1.669321802457897075e-01 0.000000000000000000e+00
4.260000000000000000e+02 1.703997080592087876e-01 7.691169776968593830e-01 5.120619025944470049e-02 1.513427401001365448e-02 1.645425580336822846e-01 0.000000000000000000e+00
4.290000000000000000e+02 1.715997060032878885e-01 7.765134274010013771e-01 4.779244424214838111e-02 1.524806554392353283e-02 1.604460628129267263e-01 0.000000000000000000e+00
4.320000000000000000e+02 1.727997039473667673e-01 7.815202548930360038e-01 4.676832043695949154e-02 1.604460628129267263e-02 1.556668183887118806e-01 0.000000000000000000e+00
4.350000000000000000e+02 1.739997018914456461e-01 7.857305416477013971e-01 4.551661356395084179e-02 1.752389622212107562e-02 1.512289485662266786e-01 0.000000000000000000e+00
4.380000000000000000e+02 1.751996998355245250e-01 7.913063268092853653e-01 4.346836595357305572e-02 1.900318616294947513e-02 1.462221210741920796e-01 0.000000000000000000e+00
4.410000000000000000e+02 1.763996977796036258e-01 7.965407373691397730e-01 4.039599453800637313e-02 1.797906235776058209e-02 1.450842057350933134e-01 0.000000000000000000e+00
4.440000000000000000e+02 1.775996957236825047e-01 7.954028220300409791e-01 4.005461993627674328e-02 1.911697769685935522e-02 1.454255803368229294e-01 0.000000000000000000e+00
4.470000000000000000e+02 1.787996936677613835e-01 8.032544378698225351e-01 3.652708238507055422e-02 1.991351843422849502e-02 1.403049613108784677e-01 0.000000000000000000e+00
4.500000000000000000e+02 1.799996916118402623e-01 8.027992717341829731e-01 3.698224852071006069e-02 2.173418297678652786e-02 1.384842967683204418e-01 0.000000000000000000e+00
4.530000000000000000e+02 1.811996895559193632e-01 8.023441055985435222e-01 3.641329085116067066e-02 2.298588984979517413e-02 1.382567137005006885e-01 0.000000000000000000e+00
4.560000000000000000e+02 1.823996874999982420e-01 8.034820209376422051e-01 3.629949931725079404e-02 2.526172052799271692e-02 1.349567592171142527e-01 0.000000000000000000e+00
4.590000000000000000e+02 1.835996854440771209e-01 8.093991807009558448e-01 3.334091943559399501e-02 2.662721893491124328e-02 1.306326809285389134e-01 0.000000000000000000e+00
4.620000000000000000e+02 1.847996833881559997e-01 8.108784706417841992e-01 3.299954483386435822e-02 2.583067819754210348e-02 1.302913063268092975e-01 0.000000000000000000e+00
4.650000000000000000e+02 1.859996813322351006e-01 8.185025034137459743e-01 3.186162949476559203e-02 2.628584433318160996e-02 1.233500227583067821e-01 0.000000000000000000e+00
4.680000000000000000e+02 1.871996792763139794e-01 8.205507510241237812e-01 3.140646335912607862e-02 2.480655439235321044e-02 1.232362312243969055e-01 0.000000000000000000e+00
4.710000000000000000e+02 1.883996772203928582e-01 8.255575785161584079e-01 2.992717341829767910e-02 2.435138825671370050e-02 1.201638598088302229e-01 0.000000000000000000e+00
4.740000000000000000e+02 1.895996751644717371e-01 8.299954483386435822e-01 2.947200728265816916e-02 2.344105598543468408e-02 1.170914883932635403e-01 0.000000000000000000e+00
4.770000000000000000e+02 1.907996731085508380e-01 8.344333181611288675e-01 2.958579881656804578e-02 2.469276285844333035e-02 1.112881201638598050e-01 0.000000000000000000e+00
4.800000000000000000e+02 1.919996710526297168e-01 8.384160218479744797e-01 2.901684114701866268e-02 2.401001365498407064e-02 1.085571233500227523e-01 0.000000000000000000e+00
4.830000000000000000e+02 1.931996689967085956e-01 8.344333181611288675e-01 2.924442421483841592e-02 2.526172052799271692e-02 1.110605370960400518e-01 0.000000000000000000e+00
4.860000000000000000e+02 1.943996669407874744e-01 8.394401456531633832e-01 2.810650887573964626e-02 2.514792899408284030e-02 1.073054164770141095e-01 0.000000000000000000e+00
4.890000000000000000e+02 1.955996648848665753e-01 8.426263086026399840e-01 2.685480200273099652e-02 2.526172052799271692e-02 1.052571688666363164e-01 0.000000000000000000e+00
4.920000000000000000e+02 1.967996628289454542e-01 8.459262630860263643e-01 2.594446973145198010e-02 2.298588984979517413e-02 1.051433773327264398e-01 0.000000000000000000e+00
4.950000000000000000e+02 1.979996607730243330e-01 8.529813381884387979e-01 2.537551206190259354e-02 2.321347291761493084e-02 9.842967683204369156e-02 0.000000000000000000e+00
4.980000000000000000e+02 1.991996587171032118e-01 8.559399180700956178e-01 2.594446973145198010e-02 2.378243058716431393e-02 9.433318161128811941e-02 0.000000000000000000e+00
5.010000000000000000e+02 2.003996566611823127e-01 8.593536640873918886e-01 2.628584433318160996e-02 2.378243058716431393e-02 9.057806099226217711e-02 0.000000000000000000e+00
5.040000000000000000e+02 2.015996546052611915e-01 8.582157487482930946e-01 2.526172052799271692e-02 2.571688666363222686e-02 9.080564406008193035e-02 0.000000000000000000e+00
5.070000000000000000e+02 2.027996525493400704e-01 8.596950386891215601e-01 2.401001365498407064e-02 2.844788347746927612e-02 8.784706417842512438e-02 0.000000000000000000e+00
5.100000000000000000e+02 2.039996504934189492e-01 8.602639963586709015e-01 2.503413746017296368e-02 2.753755120619025970e-02 8.716431497496586467e-02 0.000000000000000000e+00
5.130000000000000000e+02 2.051996484374980501e-01 8.650432407828857473e-01 2.344105598543468408e-02 2.753755120619025970e-02 8.397815202548930547e-02 0.000000000000000000e+00
5.160000000000000000e+02 2.063996463815769289e-01 8.664087391898043222e-01 2.457897132453345374e-02 2.651342740100136666e-02 8.249886208466089554e-02 0.000000000000000000e+00
5.190000000000000000e+02 2.075996443256558077e-01 8.717569412835685094e-01 2.389622212107419055e-02 2.662721893491124328e-02 7.771961766044606368e-02 0.000000000000000000e+00
5.220000000000000000e+02 2.087996422697346866e-01 8.772189349112425871e-01 2.321347291761493084e-02 2.685480200273099652e-02 7.271279016841146470e-02 0.000000000000000000e+00
5.250000000000000000e+02 2.099996402138137874e-01 8.773327264451524776e-01 2.309968138370505075e-02 2.730996813837050646e-02 7.225762403277195822e-02 0.000000000000000000e+00
5.280000000000000000e+02 2.111996381578926663e-01 8.816568047337277614e-01 2.275830678197542090e-02 2.560309512972235024e-02 6.998179335457442585e-02 0.000000000000000000e+00
5.310000000000000000e+02 2.123996361019715451e-01 8.830223031406463363e-01 2.309968138370505075e-02 2.662721893491124328e-02 6.725079654073737312e-02 0.000000000000000000e+00
5.340000000000000000e+02 2.135996340460504239e-01 8.815430131998179819e-01 2.435138825671370050e-02 2.822030040964952288e-02 6.588529813381883982e-02 0.000000000000000000e+00
5.370000000000000000e+02 2.147996319901295248e-01 8.835912608101956778e-01 2.344105598543468408e-02 2.913063268092853930e-02 6.383705052344106068e-02 0.000000000000000000e+00
5.400000000000000000e+02 2.159996299342084036e-01 8.867774237596722786e-01 2.366863905325443732e-02 2.844788347746927612e-02 6.110605370960400795e-02 0.000000000000000000e+00
5.430000000000000000e+02 2.171996278782872825e-01 8.864360491579426071e-01 2.332726445152480746e-02 2.810650887573964626e-02 6.213017751479289752e-02 0.000000000000000000e+00
5.460000000000000000e+02 2.183996258223661613e-01 8.931497496586253693e-01 2.309968138370505075e-02 2.822030040964952288e-02 5.553026854802002588e-02 0.000000000000000000e+00
5.490000000000000000e+02 2.195996237664452622e-01 8.929221665908056993e-01 2.230314064633591095e-02 2.696859353664087314e-02 5.780609922621757213e-02 0.000000000000000000e+00
5.520000000000000000e+02 2.207996217105241410e-01 8.941738734638142727e-01 2.059626763768775473e-02 2.674101046882111990e-02 5.848884842967683184e-02 0.000000000000000000e+00
5.550000000000000000e+02 2.219996196546030198e-01 8.961083295402821891e-01 2.105143377332726468e-02 2.617205279927173334e-02 5.666818388711879900e-02 0.000000000000000000e+00
5.580000000000000000e+02 2.231996175986821207e-01 8.984979517523896675e-01 1.934456076467910846e-02 2.742375967228038308e-02 5.473372781065088954e-02 0.000000000000000000e+00
5.610000000000000000e+02 2.243996155427609995e-01 9.020254893035958288e-01 2.048247610377787811e-02 2.787892580791988956e-02 4.961310878470642088e-02 0.000000000000000000e+00
5.640000000000000000e+02 2.255996134868398784e-01 9.068047337278106745e-01 2.105143377332726468e-02 2.833409194355939950e-02 4.380974055530268557e-02 0.000000000000000000e+00
5.670000000000000000e+02 2.267996114309187572e-01 9.098771051433773849e-01 2.150659990896677115e-02 2.901684114701866268e-02 3.959945380063722986e-02 0.000000000000000000e+00
5.700000000000000000e+02 2.279996093749978581e-01 9.151115157032316816e-01 2.105143377332726468e-02 2.810650887573964626e-02 3.573054164770141095e-02 0.000000000000000000e+00
5.730000000000000000e+02 2.291996073190767369e-01 9.155666818388711325e-01 2.082385070550751144e-02 2.901684114701866268e-02 3.459262630860263782e-02 0.000000000000000000e+00
5.760000000000000000e+02 2.303996052631556157e-01 9.176149294492489394e-01 2.036868456986800149e-02 2.787892580791988956e-02 3.402366863905325473e-02 1.137915339098771066e-04
5.790000000000000000e+02 2.315996032072344946e-01 9.167045971779699265e-01 1.979972690031861493e-02 2.753755120619025970e-02 3.584433318161128756e-02 1.137915339098771066e-04
5.820000000000000000e+02 2.327996011513135954e-01 9.152253072371415721e-01 1.979972690031861493e-02 2.901684114701866268e-02 3.584433318161128756e-02 1.137915339098771066e-04
5.850000000000000000e+02 2.339995990953924743e-01 9.178425125170687204e-01 1.923076923076923184e-02 2.867546654528902936e-02 3.425125170687300796e-02 0.000000000000000000e+00
5.880000000000000000e+02 2.351995970394713531e-01 9.186390532544378429e-01 1.775147928994082885e-02 2.901684114701866268e-02 3.459262630860263782e-02 0.000000000000000000e+00
5.910000000000000000e+02 2.363995949835502319e-01 9.203459262630859783e-01 1.672735548475193582e-02 2.730996813837050646e-02 3.561675011379153433e-02 0.000000000000000000e+00
5.940000000000000000e+02 2.375995929276293328e-01 9.210286754665453213e-01 1.741010468821119553e-02 2.685480200273099652e-02 3.470641784251251444e-02 0.000000000000000000e+00
5.970000000000000000e+02 2.387995908717082116e-01 9.241010468821119206e-01 1.752389622212107562e-02 2.503413746017296368e-02 3.334091943559399501e-02 0.000000000000000000e+00
6.000000000000000000e+02 2.399995888157870905e-01 9.241010468821119206e-01 1.843422849340009204e-02 2.423759672280382388e-02 3.322712790168411146e-02 0.000000000000000000e+00
6.030000000000000000e+02 2.411995867598659693e-01 9.231907146108329076e-01 1.797906235776058209e-02 2.560309512972235024e-02 3.322712790168411146e-02 0.000000000000000000e+00
6.060000000000000000e+02 2.423995847039450702e-01 9.208010923987255403e-01 1.866181156121984527e-02 2.594446973145198010e-02 3.459262630860263782e-02 0.000000000000000000e+00
6.090000000000000000e+02 2.435995826480239490e-01 9.221665908056441152e-01 1.979972690031861493e-02 2.378243058716431393e-02 3.425125170687300796e-02 0.000000000000000000e+00
6.120000000000000000e+02 2.447995805921028278e-01 9.220527992717342247e-01 2.082385070550751144e-02 2.469276285844333035e-02 3.243058716431497512e-02 0.000000000000000000e+00
6.150000000000000000e+02 2.459995785361817067e-01 9.243286299499317016e-01 2.071005917159763482e-02 2.583067819754210348e-02 2.913063268092853930e-02 0.000000000000000000e+00
6.180000000000000000e+02 2.471995764802608075e-01 9.286527082385070964e-01 1.957214383249886169e-02 2.503413746017296368e-02 2.674101046882111990e-02 0.000000000000000000e+00
6.210000000000000000e+02 2.483995744243396864e-01 9.321802457897132577e-01 1.923076923076923184e-02 2.344105598543468408e-02 2.514792899408284030e-02 0.000000000000000000e+00
6.240000000000000000e+02 2.495995723684185652e-01 9.319526627218934767e-01 1.923076923076923184e-02 2.321347291761493084e-02 2.560309512972235024e-02 0.000000000000000000e+00
6.270000000000000000e+02 2.507995703124974440e-01 9.297906235776057793e-01 2.002730996813837164e-02 2.503413746017296368e-02 2.503413746017296368e-02 1.137915339098771066e-04
6.300000000000000000e+02 2.519995682565765449e-01 9.338871187983613931e-01 2.002730996813837164e-02 2.457897132453345374e-02 2.139280837505689453e-02 1.137915339098771066e-04
6.330000000000000000e+02 2.531995662006554237e-01 9.317250796540736957e-01 1.968593536640873831e-02 2.537551206190259354e-02 2.309968138370505075e-02 1.137915339098771066e-04
6.360000000000000000e+02 2.543995641447343026e-01 9.307009558488847922e-01 2.071005917159763482e-02 2.480655439235321044e-02 2.366863905325443732e-02 1.137915339098771066e-04
6.390000000000000000e+02 2.555995620888131814e-01 9.327492034592625991e-01 1.991351843422849502e-02 2.446517979062357712e-02 2.275830678197542090e-02 1.137915339098771066e-04
6.420000000000000000e+02 2.567995600328922823e-01 9.343422849340009551e-01 1.923076923076923184e-02 2.480655439235321044e-02 2.150659990896677115e-02 1.137915339098771066e-04
6.450000000000000000e+02 2.579995579769711611e-01 9.346836595357305155e-01 1.991351843422849502e-02 2.344105598543468408e-02 2.184797451069640448e-02 1.137915339098771066e-04
6.480000000000000000e+02 2.591995559210500399e-01 9.377560309512972259e-01 1.911697769685935522e-02 2.264451524806554428e-02 2.048247610377787811e-02 0.000000000000000000e+00
6.510000000000000000e+02 2.603995538651289188e-01 9.378698224852071164e-01 1.797906235776058209e-02 2.321347291761493084e-02 2.093764223941738806e-02 0.000000000000000000e+00
6.540000000000000000e+02 2.615995518092080196e-01 9.403732362312243742e-01 1.684114701866181243e-02 2.412380518889394726e-02 1.866181156121984527e-02 0.000000000000000000e+00
6.570000000000000000e+02 2.627995497532868985e-01 9.399180700955849233e-01 1.706873008648156567e-02 2.514792899408284030e-02 1.786527082385070547e-02 0.000000000000000000e+00
6.600000000000000000e+02 2.639995476973657773e-01 9.404870277651342647e-01 1.741010468821119553e-02 2.412380518889394726e-02 1.797906235776058209e-02 0.000000000000000000e+00
6.630000000000000000e+02 2.651995456414446561e-01 9.423076923076922906e-01 1.661356395084205573e-02 2.480655439235321044e-02 1.627218934911242587e-02 0.000000000000000000e+00
6.660000000000000000e+02 2.663995435855237570e-01 9.443559399180700975e-01 1.638598088302230249e-02 2.423759672280382388e-02 1.502048247610377786e-02 0.000000000000000000e+00
6.690000000000000000e+02 2.675995415296026358e-01 9.454938552571688914e-01 1.604460628129267263e-02 2.298588984979517413e-02 1.547564861174328607e-02 0.000000000000000000e+00
6.720000000000000000e+02 2.687995394736815147e-01 9.434456076467910846e-01 1.706873008648156567e-02 2.457897132453345374e-02 1.490669094219390124e-02 0.000000000000000000e+00
6.750000000000000000e+02 2.699995374177603935e-01 9.439007737824305355e-01 1.684114701866181243e-02 2.480655439235321044e-02 1.433773327264451468e-02 1.137915339098771066e-04
6.780000000000000000e+02 2.711995353618394944e-01 9.432180245789713036e-01 1.741010468821119553e-02 2.571688666363222686e-02 1.365498406918525323e-02 0.000000000000000000e+00
6.810000000000000000e+02 2.723995333059183732e-01 9.425352753755120716e-01 1.729631315430131891e-02 2.628584433318160996e-02 1.388256713700500647e-02 0.000000000000000000e+00
