# itime ezz other fcc hcp bcc ico
0.000000000000000000e+00 0.000000000000000000e+00 0.000000000000000000e+00 1.000000000000000000e+00 0.000000000000000000e+00 0.000000000000000000e+00 0.000000000000000000e+00
2.500000000000000000e+01 9.999857609663820313e-04 0.000000000000000000e+00 1.000000000000000000e+00 0.000000000000000000e+00 0.000000000000000000e+00 0.000000000000000000e+00
5.000000000000000000e+01 1.999971521932542018e-03 0.000000000000000000e+00 1.000000000000000000e+00 0.000000000000000000e+00 0.000000000000000000e+00 0.000000000000000000e+00
7.500000000000000000e+01 2.999957282898924049e-03 0.000000000000000000e+00 1.000000000000000000e+00 0.000000000000000000e+00 0.000000000000000000e+00 0.000000000000000000e+00
1.000000000000000000e+02 3.999943043865306080e-03 0.000000000000000000e+00 1.000000000000000000e+00 0.000000000000000000e+00 0.000000000000000000e+00 0.000000000000000000e+00
1.250000000000000000e+02 4.999928804831688112e-03 0.000000000000000000e+00 1.000000000000000000e+00 0.000000000000000000e+00 0.000000000000000000e+00 0.000000000000000000e+00
1.500000000000000000e+02 5.999914565797848098e-03 0.000000000000000000e+00 1.000000000000000000e+00 0.000000000000000000e+00 0.000000000000000000e+00 0.000000000000000000e+00
1.750000000000000000e+02 6.999900326764230130e-03 0.000000000000000000e+00 1.000000000000000000e+00 0.000000000000000000e+00 0.000000000000000000e+00 0.000000000000000000e+00
2.000000000000000000e+02 7.999886087730612161e-03 0.000000000000000000e+00 1.000000000000000000e+00 0.000000000000000000e+00 0.000000000000000000e+00 0.000000000000000000e+00
2.250000000000000000e+02 8.999871848696994192e-03 0.000000000000000000e+00 1.000000000000000000e+00 0.000000000000000000e+00 0.000000000000000000e+00 0.000000000000000000e+00
2.500000000000000000e+02 9.999857609663154179e-03 0.000000000000000000e+00 1.000000000000000000e+00 0.000000000000000000e+00 0.000000000000000000e+00 0.000000000000000000e+00
2.750000000000000000e+02 1.099984337062953621e-02 0.000000000000000000e+00 1.000000000000000000e+00 0.000000000000000000e+00 0.000000000000000000e+00 0.000000000000000000e+00
3.000000000000000000e+02 1.199982913159591824e-02 0.000000000000000000e+00 1.000000000000000000e+00 0.000000000000000000e+00 0.000000000000000000e+00 0.000000000000000000e+00
3.250000000000000000e+02 1.299981489256207823e-02 0.000000000000000000e+00 1.000000000000000000e+00 0.000000000000000000e+00 0.000000000000000000e+00 0.000000000000000000e+00
3.500000000000000000e+02 1.399980065352846026e-02 0.000000000000000000e+00 1.000000000000000000e+00 0.000000000000000000e+00 0.000000000000000000e+00 0.000000000000000000e+00
3.750000000000000000e+02 1.499978641449484229e-02 0.000000000000000000e+00 1.000000000000000000e+00 0.000000000000000000e+00 0.000000000000000000e+00 0.000000000000000000e+00
4.000000000000000000e+02 1.599977217546122432e-02 0.000000000000000000e+00 1.000000000000000000e+00 0.000000000000000000e+00 0.000000000000000000e+00 0.000000000000000000e+00
4.250000000000000000e+02 1.699975793642738431e-02 0.000000000000000000e+00 1.000000000000000000e+00 0.000000000000000000e+00 0.000000000000000000e+00 0.000000000000000000e+00
4.500000000000000000e+02 1.799974369739376634e-02 0.000000000000000000e+00 1.000000000000000000e+00 0.000000000000000000e+00 0.000000000000000000e+00 0.000000000000000000e+00
4.750000000000000000e+02 1.899972945836014837e-02 0.000000000000000000e+00 1.000000000000000000e+00 0.000000000000000000e+00 0.000000000000000000e+00 0.000000000000000000e+00
5.000000000000000000e+02 1.999971521932630836e-02 0.000000000000000000e+00 1.000000000000000000e+00 0.000000000000000000e+00 0.000000000000000000e+00 0.000000000000000000e+00
5.250000000000000000e+02 2.099970098029269039e-02 0.000000000000000000e+00 1.000000000000000000e+00 0.000000000000000000e+00 0.000000000000000000e+00 0.000000000000000000e+00
5.500000000000000000e+02 2.199968674125907242e-02 0.000000000000000000e+00 1.000000000000000000e+00 0.000000000000000000e+00 0.000000000000000000e+00 0.000000000000000000e+00
5.750000000000000000e+02 2.299967250222545445e-02 0.000000000000000000e+00 1.000000000000000000e+00 0.000000000000000000e+00 0.000000000000000000e+00 0.000000000000000000e+00
6.000000000000000000e+02 2.399965826319161444e-02 0.000000000000000000e+00 1.000000000000000000e+00 0.000000000000000000e+00 0.000000000000000000e+00 0.000000000000000000e+00
6.250000000000000000e+02 2.499964402415799647e-02 0.000000000000000000e+00 1.000000000000000000e+00 0.000000000000000000e+00 0.000000000000000000e+00 0.000000000000000000e+00
6.500000000000000000e+02 2.599962978512437850e-02 0.000000000000000000e+00 1.000000000000000000e+00 0.000000000000000000e+00 0.000000000000000000e+00 0.000000000000000000e+00
6.750000000000000000e+02 2.699961554609076053e-02 0.000000000000000000e+00 1.000000000000000000e+00 0.000000000000000000e+00 0.000000000000000000e+00 0.000000000000000000e+00
7.000000000000000000e+02 2.799960130705692052e-02 0.000000000000000000e+00 1.000000000000000000e+00 0.000000000000000000e+00 0.000000000000000000e+00 0.000000000000000000e+00
7.250000000000000000e+02 2.899958706802330255e-02 0.000000000000000000e+00 1.000000000000000000e+00 0.000000000000000000e+00 0.000000000000000000e+00 0.000000000000000000e+00
7.500000000000000000e+02 2.999957282898968458e-02 0.000000000000000000e+00 1.000000000000000000e+00 0.000000000000000000e+00 0.000000000000000000e+00 0.000000000000000000e+00
7.750000000000000000e+02 3.099955858995584457e-02 0.000000000000000000e+00 1.000000000000000000e+00 0.000000000000000000e+00 0.000000000000000000e+00 0.000000000000000000e+00
8.000000000000000000e+02 3.199954435092222660e-02 0.000000000000000000e+00 1.000000000000000000e+00 0.000000000000000000e+00 0.000000000000000000e+00 0.000000000000000000e+00
8.250000000000000000e+02 3.299953011188860863e-02 0.000000000000000000e+00 1.000000000000000000e+00 0.000000000000000000e+00 0.000000000000000000e+00 0.000000000000000000e+00
8.500000000000000000e+02 3.399951587285499066e-02 0.000000000000000000e+00 1.000000000000000000e+00 0.000000000000000000e+00 0.000000000000000000e+00 0.000000000000000000e+00
8.750000000000000000e+02 3.499950163382115065e-02 0.000000000000000000e+00 1.000000000000000000e+00 0.000000000000000000e+00 0.000000000000000000e+00 0.000000000000000000e+00
9.000000000000000000e+02 3.599948739478753268e-02 0.000000000000000000e+00 1.000000000000000000e+00 0.000000000000000000e+00 0.000000000000000000e+00 0.000000000000000000e+00
9.250000000000000000e+02 3.699947315575391471e-02 0.000000000000000000e+00 1.000000000000000000e+00 0.000000000000000000e+00 0.000000000000000000e+00 0.000000000000000000e+00
9.500000000000000000e+02 3.799945891672007470e-02 0.000000000000000000e+00 1.000000000000000000e+00 0.000000000000000000e+00 0.000000000000000000e+00 0.000000000000000000e+00
9.750000000000000000e+02 3.899944467768645673e-02 0.000000000000000000e+00 1.000000000000000000e+00 0.000000000000000000e+00 0.000000000000000000e+00 0.000000000000000000e+00
1.000000000000000000e+03 3.999943043865283876e-02 0.000000000000000000e+00 1.000000000000000000e+00 0.000000000000000000e+00 0.000000000000000000e+00 0.000000000000000000e+00
1.025000000000000000e+03 4.099941619961922079e-02 0.000000000000000000e+00 1.000000000000000000e+00 0.000000000000000000e+00 0.000000000000000000e+00 0.000000000000000000e+00
1.050000000000000000e+03 4.199940196058538078e-02 0.000000000000000000e+00 1.000000000000000000e+00 0.000000000000000000e+00 0.000000000000000000e+00 0.000000000000000000e+00
1.075000000000000000e+03 4.299938772155176281e-02 0.000000000000000000e+00 1.000000000000000000e+00 0.000000000000000000e+00 0.000000000000000000e+00 0.000000000000000000e+00
1.100000000000000000e+03 4.399937348251814484e-02 0.000000000000000000e+00 1.000000000000000000e+00 0.000000000000000000e+00 0.000000000000000000e+00 0.000000000000000000e+00
1.125000000000000000e+03 4.499935924348452687e-02 0.000000000000000000e+00 1.000000000000000000e+00 0.000000000000000000e+00 0.000000000000000000e+00 0.000000000000000000e+00
1.150000000000000000e+03 4.599934500445068686e-02 0.000000000000000000e+00 1.000000000000000000e+00 0.000000000000000000e+00 0.000000000000000000e+00 0.000000000000000000e+00
1.175000000000000000e+03 4.699933076541706889e-02 3.413746017296313199e-04 9.996586253982703285e-01 0.000000000000000000e+00 0.000000000000000000e+00 0.000000000000000000e+00
1.200000000000000000e+03 4.799931652638345092e-02 0.000000000000000000e+00 1.000000000000000000e+00 0.000000000000000000e+00 0.000000000000000000e+00 0.000000000000000000e+00
1.225000000000000000e+03 4.899930228734961091e-02 0.000000000000000000e+00 1.000000000000000000e+00 0.000000000000000000e+00 0.000000000000000000e+00 0.000000000000000000e+00
1.250000000000000000e+03 4.999928804831599294e-02 0.000000000000000000e+00 1.000000000000000000e+00 0.000000000000000000e+00 0.000000000000000000e+00 0.000000000000000000e+00
1.275000000000000000e+03 5.099927380928237497e-02 0.000000000000000000e+00 1.000000000000000000e+00 0.000000000000000000e+00 0.000000000000000000e+00 0.000000000000000000e+00
1.300000000000000000e+03 5.199925957024875700e-02 0.000000000000000000e+00 1.000000000000000000e+00 0.000000000000000000e+00 0.000000000000000000e+00 0.000000000000000000e+00
1.325000000000000000e+03 5.299924533121491699e-02 0.000000000000000000e+00 1.000000000000000000e+00 0.000000000000000000e+00 0.000000000000000000e+00 0.000000000000000000e+00
1.350000000000000000e+03 5.399923109218129902e-02 0.000000000000000000e+00 1.000000000000000000e+00 0.000000000000000000e+00 0.000000000000000000e+00 0.000000000000000000e+00
1.375000000000000000e+03 5.499921685314768105e-02 0.000000000000000000e+00 1.000000000000000000e+00 0.000000000000000000e+00 0.000000000000000000e+00 0.000000000000000000e+00
1.400000000000000000e+03 5.599920261411406308e-02 0.000000000000000000e+00 1.000000000000000000e+00 0.000000000000000000e+00 0.000000000000000000e+00 0.000000000000000000e+00
1.425000000000000000e+03 5.699918837508022307e-02 0.000000000000000000e+00 1.000000000000000000e+00 0.000000000000000000e+00 0.000000000000000000e+00 0.000000000000000000e+00
1.450000000000000000e+03 5.799917413604660510e-02 0.000000000000000000e+00 1.000000000000000000e+00 0.000000000000000000e+00 0.000000000000000000e+00 0.000000000000000000e+00
1.475000000000000000e+03 5.899915989701298713e-02 0.000000000000000000e+00 1.000000000000000000e+00 0.000000000000000000e+00 0.000000000000000000e+00 0.000000000000000000e+00
1.500000000000000000e+03 5.999914565797914712e-02 0.000000000000000000e+00 1.000000000000000000e+00 0.000000000000000000e+00 0.000000000000000000e+00 0.000000000000000000e+00
1.525000000000000000e+03 6.099913141894552915e-02 0.000000000000000000e+00 1.000000000000000000e+00 0.000000000000000000e+00 0.000000000000000000e+00 0.000000000000000000e+00
1.550000000000000000e+03 6.199911717991191118e-02 0.000000000000000000e+00 1.000000000000000000e+00 0.000000000000000000e+00 0.000000000000000000e+00 0.000000000000000000e+00
1.575000000000000000e+03 6.299910294087829321e-02 0.000000000000000000e+00 1.000000000000000000e+00 0.000000000000000000e+00 0.000000000000000000e+00 0.000000000000000000e+00
1.600000000000000000e+03 6.399908870184445320e-02 0.000000000000000000e+00 1.000000000000000000e+00 0.000000000000000000e+00 0.000000000000000000e+00 0.000000000000000000e+00
1.625000000000000000e+03 6.499907446281083523e-02 1.137915339098771066e-04 9.998862084660901095e-01 0.000000000000000000e+00 0.000000000000000000e+00 0.000000000000000000e+00
1.650000000000000000e+03 6.599906022377721726e-02 0.000000000000000000e+00 1.000000000000000000e+00 0.000000000000000000e+00 0.000000000000000000e+00 0.000000000000000000e+00
1.675000000000000000e+03 6.699904598474337725e-02 0.000000000000000000e+00 1.000000000000000000e+00 0.000000000000000000e+00 0.000000000000000000e+00 0.000000000000000000e+00
1.700000000000000000e+03 6.799903174570975928e-02 0.000000000000000000e+00 1.000000000000000000e+00 0.000000000000000000e+00 0.000000000000000000e+00 0.000000000000000000e+00
1.725000000000000000e+03 6.899901750667614131e-02 0.000000000000000000e+00 1.000000000000000000e+00 0.000000000000000000e+00 0.000000000000000000e+00 0.000000000000000000e+00
1.750000000000000000e+03 6.999900326764252334e-02 2.275830678197542133e-04 9.996586253982703285e-01 0.000000000000000000e+00 1.137915339098771066e-04 0.000000000000000000e+00
1.775000000000000000e+03 7.099898902860868333e-02 0.000000000000000000e+00 1.000000000000000000e+00 0.000000000000000000e+00 0.000000000000000000e+00 0.000000000000000000e+00
1.800000000000000000e+03 7.199897478957506536e-02 0.000000000000000000e+00 1.000000000000000000e+00 0.000000000000000000e+00 0.000000000000000000e+00 0.000000000000000000e+00
1.825000000000000000e+03 7.299896055054144739e-02 0.000000000000000000e+00 1.000000000000000000e+00 0.000000000000000000e+00 0.000000000000000000e+00 0.000000000000000000e+00
1.850000000000000000e+03 7.399894631150782942e-02 5.689576695493854790e-04 9.994310423304506585e-01 0.000000000000000000e+00 0.000000000000000000e+00 0.000000000000000000e+00
1.875000000000000000e+03 7.499893207247398941e-02 1.137915339098771066e-04 9.998862084660901095e-01 0.000000000000000000e+00 0.000000000000000000e+00 0.000000000000000000e+00
1.900000000000000000e+03 7.599891783344037144e-02 0.000000000000000000e+00 1.000000000000000000e+00 0.000000000000000000e+00 0.000000000000000000e+00 0.000000000000000000e+00
1.925000000000000000e+03 7.699890359440675347e-02 2.275830678197542133e-04 9.997724169321802190e-01 0.000000000000000000e+00 0.000000000000000000e+00 0.000000000000000000e+00
1.950000000000000000e+03 7.799888935537291346e-02 0.000000000000000000e+00 1.000000000000000000e+00 0.000000000000000000e+00 0.000000000000000000e+00 0.000000000000000000e+00
1.975000000000000000e+03 7.899887511633929549e-02 0.000000000000000000e+00 1.000000000000000000e+00 0.000000000000000000e+00 0.000000000000000000e+00 0.000000000000000000e+00
2.000000000000000000e+03 7.999886087730567752e-02 6.827492034592626399e-04 9.993172507965407680e-01 0.000000000000000000e+00 0.000000000000000000e+00 0.000000000000000000e+00
2.025000000000000000e+03 8.099884663827205955e-02 0.000000000000000000e+00 1.000000000000000000e+00 0.000000000000000000e+00 0.000000000000000000e+00 0.000000000000000000e+00
2.050000000000000000e+03 8.199883239923821954e-02 2.275830678197542133e-04 9.994310423304506585e-01 0.000000000000000000e+00 3.413746017296313199e-04 0.000000000000000000e+00
2.075000000000000000e+03 8.299881816020460157e-02 0.000000000000000000e+00 1.000000000000000000e+00 0.000000000000000000e+00 0.000000000000000000e+00 0.000000000000000000e+00
2.100000000000000000e+03 8.399880392117098360e-02 0.000000000000000000e+00 1.000000000000000000e+00 0.000000000000000000e+00 0.000000000000000000e+00 0.000000000000000000e+00
2.125000000000000000e+03 8.499878968213714359e-02 1.137915339098771066e-04 9.998862084660901095e-01 0.000000000000000000e+00 0.000000000000000000e+00 0.000000000000000000e+00
2.150000000000000000e+03 8.599877544310352562e-02 7.965407373691396923e-04 9.990896677287209870e-01 0.000000000000000000e+00 1.137915339098771066e-04 0.000000000000000000e+00
2.175000000000000000e+03 8.699876120406990765e-02 5.689576695493854790e-04 9.994310423304506585e-01 0.000000000000000000e+00 0.000000000000000000e+00 0.000000000000000000e+00
2.200000000000000000e+03 8.799874696503628968e-02 1.365498406918525280e-03 9.985207100591716456e-01 0.000000000000000000e+00 1.137915339098771066e-04 0.000000000000000000e+00
2.225000000000000000e+03 8.899873272600244967e-02 5.689576695493854790e-04 9.994310423304506585e-01 0.000000000000000000e+00 0.000000000000000000e+00 0.000000000000000000e+00
2.250000000000000000e+03 8.999871848696883170e-02 4.551661356395084266e-04 9.994310423304506585e-01 0.000000000000000000e+00 1.137915339098771066e-04 0.000000000000000000e+00
2.275000000000000000e+03 9.099870424793521373e-02 6.827492034592626399e-04 9.993172507965407680e-01 0.000000000000000000e+00 0.000000000000000000e+00 0.000000000000000000e+00
2.300000000000000000e+03 9.199869000890159576e-02 3.413746017296313199e-04 9.996586253982703285e-01 0.000000000000000000e+00 0.000000000000000000e+00 0.000000000000000000e+00
2.325000000000000000e+03 9.299867576986775575e-02 6.827492034592626399e-04 9.993172507965407680e-01 0.000000000000000000e+00 0.000000000000000000e+00 0.000000000000000000e+00
2.350000000000000000e+03 9.399866153083413778e-02 1.251706873008648227e-03 9.987482931269913156e-01 0.000000000000000000e+00 0.000000000000000000e+00 0.000000000000000000e+00
2.375000000000000000e+03 9.499864729180051981e-02 6.827492034592626399e-04 9.993172507965407680e-01 0.000000000000000000e+00 0.000000000000000000e+00 0.000000000000000000e+00
2.400000000000000000e+03 9.599863305276667980e-02 1.820664542558033706e-03 9.981793354574419741e-01 0.000000000000000000e+00 0.000000000000000000e+00 0.000000000000000000e+00
2.425000000000000000e+03 9.699861881373306183e-02 5.689576695493854790e-04 9.993172507965407680e-01 0.000000000000000000e+00 1.137915339098771066e-04 0.000000000000000000e+00
2.450000000000000000e+03 9.799860457469944386e-02 3.755120619025944465e-03 9.960172963131542767e-01 0.000000000000000000e+00 2.275830678197542133e-04 0.000000000000000000e+00
2.475000000000000000e+03 9.899859033566582589e-02 2.275830678197541916e-03 9.977241693218024121e-01 0.000000000000000000e+00 0.000000000000000000e+00 0.000000000000000000e+00
2.500000000000000000e+03 9.999857609663198588e-02 1.365498406918525280e-03 9.985207100591716456e-01 0.000000000000000000e+00 1.137915339098771066e-04 0.000000000000000000e+00
2.525000000000000000e+03 1.009985618575983679e-01 2.162039144287664864e-03 9.977241693218024121e-01 0.000000000000000000e+00 1.137915339098771066e-04 0.000000000000000000e+00
2.550000000000000000e+03 1.019985476185647499e-01 2.844788347746927612e-03 9.968138370505233992e-01 0.000000000000000000e+00 3.413746017296313199e-04 0.000000000000000000e+00
2.575000000000000000e+03 1.029985333795311320e-01 3.299954483386436255e-03 9.965862539827037292e-01 0.000000000000000000e+00 1.137915339098771066e-04 0.000000000000000000e+00
2.600000000000000000e+03 1.039985191404972920e-01 3.072371415566681717e-03 9.969276285844332897e-01 0.000000000000000000e+00 0.000000000000000000e+00 0.000000000000000000e+00
2.625000000000000000e+03 1.049985049014636740e-01 1.820664542558033706e-03 9.981793354574419741e-01 0.000000000000000000e+00 0.000000000000000000e+00 0.000000000000000000e+00
2.650000000000000000e+03 1.059984906624300560e-01 3.527537551206190360e-03 9.960172963131542767e-01 0.000000000000000000e+00 4.551661356395084266e-04 0.000000000000000000e+00
2.675000000000000000e+03 1.069984764233962160e-01 7.624032771961766417e-03 9.918070095584888834e-01 0.000000000000000000e+00 5.689576695493854790e-04 0.000000000000000000e+00
2.700000000000000000e+03 1.079984621843625980e-01 6.941283568502503235e-03 9.929449248975875664e-01 0.000000000000000000e+00 1.137915339098771066e-04 0.000000000000000000e+00
2.725000000000000000e+03 1.089984479453289801e-01 7.737824305871643035e-03 9.920345926263085534e-01 0.000000000000000000e+00 2.275830678197542133e-04 0.000000000000000000e+00
2.750000000000000000e+03 1.099984337062953621e-01 6.713700500682749130e-03 9.928311333636777869e-01 0.000000000000000000e+00 4.551661356395084266e-04 0.000000000000000000e+00
2.775000000000000000e+03 1.109984194672615221e-01 8.875739644970414427e-03 9.899863450159308575e-01 0.000000000000000000e+00 1.137915339098770958e-03 0.000000000000000000e+00
2.800000000000000000e+03 1.119984052282279041e-01 7.282658170232134826e-03 9.916932180245789930e-01 0.000000000000000000e+00 1.024123805188893906e-03 0.000000000000000000e+00
2.825000000000000000e+03 1.129983909891942861e-01 1.308602639963586667e-02 9.858898497951752438e-01 0.000000000000000000e+00 1.024123805188893906e-03 0.000000000000000000e+00
2.850000000000000000e+03 1.139983767501604461e-01 1.433773327264451468e-02 9.847519344560764498e-01 0.000000000000000000e+00 9.103322712790168532e-04 0.000000000000000000e+00
2.875000000000000000e+03 1.149983625111268282e-01 2.105143377332726468e-02 9.772416932180245652e-01 0.000000000000000000e+00 1.706873008648156654e-03 0.000000000000000000e+00
2.900000000000000000e+03 1.159983482720932102e-01 1.979972690031861493e-02 9.784934000910332497e-01 0.000000000000000000e+00 1.706873008648156654e-03 0.000000000000000000e+00
2.925000000000000000e+03 1.169983340330595922e-01 1.934456076467910846e-02 9.784934000910332497e-01 0.000000000000000000e+00 2.162039144287664864e-03 0.000000000000000000e+00
2.950000000000000000e+03 1.179983197940257522e-01 3.573054164770141095e-02 9.585798816568047442e-01 0.000000000000000000e+00 5.689576695493855224e-03 0.000000000000000000e+00
2.975000000000000000e+03 1.189983055549921342e-01 4.153390987710514626e-02 9.460628129267182329e-01 0.000000000000000000e+00 1.240327719617660522e-02 0.000000000000000000e+00
3.000000000000000000e+03 1.199982913159585163e-01 5.257168866636321991e-02 9.259217114246700575e-01 0.000000000000000000e+00 2.150659990896677115e-02 0.000000000000000000e+00
3.025000000000000000e+03 1.209982770769248983e-01 7.726445152480655720e-02 8.753982703686845612e-01 0.000000000000000000e+00 4.733727810650887463e-02 0.000000000000000000e+00
3.050000000000000000e+03 1.219982628378910583e-01 1.357532999544833752e-01 7.496586253982703285e-01 0.000000000000000000e+00 1.145880746472462408e-01 0.000000000000000000e+00
3.075000000000000000e+03 1.229982485988574403e-01 2.002730996813837094e-01 5.712335002275830131e-01 1.137915339098771066e-04 2.283796085571233592e-01 0.000000000000000000e+00
3.100000000000000000e+03 1.239982343598238224e-01 2.927856167501137752e-01 3.495675921711424716e-01 2.275830678197542133e-04 3.574192080109239722e-01 0.000000000000000000e+00
3.125000000000000000e+03 1.249982201207899823e-01 3.635639508420573374e-01 1.972007282658170269e-01 1.706873008648156654e-03 4.375284478834774449e-01 0.000000000000000000e+00
3.150000000000000000e+03 1.259982058817563644e-01 3.879153390987710726e-01 1.459945380063723264e-01 2.275830678197541916e-03 4.638142922166590965e-01 0.000000000000000000e+00
3.175000000000000000e+03 1.269981916427227464e-01 3.798361401911697910e-01 1.481565771506599960e-01 2.389622212107419402e-03 4.696176604460627901e-01 0.000000000000000000e+00
3.200000000000000000e+03 1.279981774036891284e-01 3.635639508420573374e-01 1.655666818388711881e-01 3.072371415566681717e-03 4.677969959035047642e-01 0.000000000000000000e+00
3.225000000000000000e+03 1.289981631646552884e-01 3.418297678652708060e-01 1.766044606281292617e-01 6.599908966772872511e-03 4.749658625398270329e-01 0.000000000000000000e+00
3.250000000000000000e+03 1.299981489256216705e-01 3.544606281292672079e-01 1.818388711879836139e-01 1.581702321347291593e-02 4.478834774692762588e-01 0.000000000000000000e+00
3.275000000000000000e+03 1.309981346865880525e-01 3.715293582157487284e-01 1.875284478834774726e-01 2.605826126536185672e-02 4.148839326354119006e-01 0.000000000000000000e+00
3.300000000000000000e+03 1.319981204475542125e-01 3.865498406918525531e-01 1.844560764679107900e-01 4.403732362312243881e-02 3.849567592171142527e-01 0.000000000000000000e+00
3.325000000000000000e+03 1.329981062085205945e-01 3.838188438780154588e-01 2.011834319526627224e-01 6.463359126081019701e-02 3.503641329085115941e-01 0.000000000000000000e+00
3.350000000000000000e+03 1.339980919694869765e-01 3.653846153846153633e-01 2.222348657259899940e-01 9.000910332271279402e-02 3.223714155666818626e-01 0.000000000000000000e+00
3.375000000000000000e+03 1.349980777304533586e-01 3.773327264451524776e-01 2.261037778789257990e-01 1.091260810195721492e-01 2.874374146563495880e-01 0.000000000000000000e+00
3.400000000000000000e+03 1.359980634914195186e-01 3.827947200728265553e-01 2.374829312699135164e-01 1.220983158852981393e-01 2.576240327719617751e-01 0.000000000000000000e+00
3.425000000000000000e+03 1.369980492523859006e-01 3.874601729631315661e-01 2.532999544833864358e-01 1.489531178880291185e-01 2.102867546654528796e-01 0.000000000000000000e+00
3.450000000000000000e+03 1.379980350133522826e-01 3.798361401911697910e-01 2.642239417387346467e-01 1.659080564406008318e-01 1.900318616294947582e-01 0.000000000000000000e+00
3.475000000000000000e+03 1.389980207743186646e-01 3.740327719617660418e-01 2.743513882567136797e-01 1.665908056440600915e-01 1.850250341374601593e-01 0.000000000000000000e+00
3.500000000000000000e+03 1.399980065352848246e-01 3.741465634956759323e-01 2.740100136549840637e-01 1.742148384160218388e-01 1.776285844333181652e-01 0.000000000000000000e+00
3.525000000000000000e+03 1.409979922962512067e-01 3.623122439690487084e-01 2.773099681383704995e-01 1.891215293582157453e-01 1.712562585343650468e-01 0.000000000000000000e+00
3.550000000000000000e+03 1.419979780572175887e-01 3.816568047337278169e-01 2.738962221210741732e-01 1.854802002730996935e-01 1.589667728720983164e-01 0.000000000000000000e+00
3.575000000000000000e+03 1.429979638181837487e-01 3.835912608101957333e-01 2.843650432407828776e-01 1.966317705962676299e-01 1.354119253527537592e-01 0.000000000000000000e+00
3.600000000000000000e+03 1.439979495791501307e-01 3.819981793354574329e-01 2.872098315885298070e-01 2.024351388256713791e-01 1.283568502503413811e-01 0.000000000000000000e+00
3.625000000000000000e+03 1.449979353401165127e-01 3.732362312243969193e-01 2.939235320892125691e-01 2.063040509786071841e-01 1.265361857077833274e-01 0.000000000000000000e+00
3.650000000000000000e+03 1.459979211010828948e-01 3.642467000455166248e-01 3.056440600819299025e-01 2.071005917159763343e-01 1.230086481565771522e-01 0.000000000000000000e+00
3.675000000000000000e+03 1.469979068620490548e-01 3.587847064178424916e-01 3.089440145653163383e-01 2.084660901228948537e-01 1.238051888939462886e-01 0.000000000000000000e+00
3.700000000000000000e+03 1.479978926230154368e-01 3.673190714610832797e-01 3.082612653618570508e-01 2.038006372325898985e-01 1.206190259444697294e-01 0.000000000000000000e+00
3.725000000000000000e+03 1.489978783839818188e-01 3.668639053254437732e-01 3.129267182521620616e-01 2.001593081474738189e-01 1.200500682749203463e-01 0.000000000000000000e+00
3.750000000000000000e+03 1.499978641449482009e-01 3.813154301319982009e-01 3.024578971324533572e-01 2.020937642239417353e-01 1.141329085116067343e-01 0.000000000000000000e+00
3.775000000000000000e+03 1.509978499059143608e-01 3.689121529358215801e-01 3.042785616750113831e-01 2.096040054619936199e-01 1.172052799271734169e-01 0.000000000000000000e+00
3.800000000000000000e+03 1.519978356668807429e-01 3.831360946745562268e-01 3.004096495220755503e-01 2.038006372325898985e-01 1.126536185707783383e-01 0.000000000000000000e+00
3.825000000000000000e+03 1.529978214278471249e-01 3.815430131998179264e-01 3.004096495220755503e-01 2.089212562585343602e-01 1.091260810195721492e-01 0.000000000000000000e+00
3.850000000000000000e+03 1.539978071888132849e-01 3.905325443786982209e-01 3.015475648611743442e-01 2.050523441055985552e-01 1.028675466545289074e-01 0.000000000000000000e+00
3.875000000000000000e+03 1.549977929497796669e-01 3.822257624032772139e-01 3.079198907601274349e-01 2.051661356395084179e-01 1.046882111970869333e-01 0.000000000000000000e+00
3.900000000000000000e+03 1.559977787107460490e-01 3.883705052344105790e-01 3.067819754210286964e-01 2.097177969959035104e-01 9.512972234865725574e-02 0.000000000000000000e+00
3.925000000000000000e+03 1.569977644717124310e-01 3.979289940828402150e-01 3.049613108784706150e-01 2.076695493855257035e-01 8.944014565316341092e-02 0.000000000000000000e+00
3.950000000000000000e+03 1.579977502326785910e-01 3.923532089212562468e-01 3.131543013199817871e-01 2.056213017751479244e-01 8.887118798361401395e-02 0.000000000000000000e+00
3.975000000000000000e+03 1.589977359936449730e-01 3.975876194811105990e-01 3.100819299044151323e-01 2.076695493855257035e-01 8.466090122894856518e-02 0.000000000000000000e+00
4.000000000000000000e+03 1.599977217546113550e-01 3.939462903959945472e-01 3.124715521165225551e-01 2.050523441055985552e-01 8.852981338188438409e-02 0.000000000000000000e+00
4.025000000000000000e+03 1.609977075155775150e-01 3.916704597177970149e-01 3.107646791078743642e-01 2.011834319526627224e-01 9.638142922166591242e-02 0.000000000000000000e+00
4.050000000000000000e+03 1.619976932765438971e-01 3.911015020482476179e-01 3.120163859808830487e-01 2.026627218934911323e-01 9.421939007737824279e-02 0.000000000000000000e+00
4.075000000000000000e+03 1.629976790375102791e-01 3.966772872098315861e-01 3.067819754210286964e-01 1.975421028675466428e-01 9.899863450159307465e-02 0.000000000000000000e+00
4.100000000000000000e+03 1.639976647984766611e-01 3.815430131998179264e-01 3.208921256258534527e-01 1.964041875284478766e-01 1.011606736458807443e-01 0.000000000000000000e+00
4.125000000000000000e+03 1.649976505594428211e-01 3.854119253527537592e-01 3.227127901684114786e-01 1.953800637232590010e-01 9.649522075557578904e-02 0.000000000000000000e+00
4.150000000000000000e+03 1.659976363204092031e-01 3.889394629039599205e-01 3.210059171597632877e-01 1.973145197997268896e-01 9.274010013654984674e-02 0.000000000000000000e+00
4.175000000000000000e+03 1.669976220813755852e-01 3.852981338188438687e-01 3.245334547109695045e-01 1.945835229858898507e-01 9.558488848429676221e-02 0.000000000000000000e+00
4.200000000000000000e+03 1.679976078423419672e-01 3.871187983614018946e-01 3.305644060081929791e-01 1.912835685025034149e-01 9.103322712790168358e-02 0.000000000000000000e+00
4.225000000000000000e+03 1.689975936033081272e-01 3.827947200728265553e-01 3.328402366863905115e-01 1.904870277651342647e-01 9.387801547564861293e-02 0.000000000000000000e+00
4.250000000000000000e+03 1.699975793642745092e-01 3.851843422849339782e-01 3.311333636777423761e-01 1.898042785616750050e-01 9.387801547564861293e-02 0.000000000000000000e+00
4.275000000000000000e+03 1.709975651252408912e-01 3.802913063268092975e-01 3.346609012289485929e-01 1.932180245789713313e-01 9.182976786527081992e-02 0.000000000000000000e+00
4.300000000000000000e+03 1.719975508862070512e-01 3.757396449704141772e-01 3.329540282203004020e-01 1.937869822485207005e-01 9.751934456076467861e-02 0.000000000000000000e+00
4.325000000000000000e+03 1.729975366471734333e-01 3.760810195721438487e-01 3.295402822030040757e-01 1.921939007737824279e-01 1.021847974510696339e-01 0.000000000000000000e+00
4.350000000000000000e+03 1.739975224081398153e-01 3.659535730541647602e-01 3.370505234410559603e-01 1.972007282658170269e-01 9.979517523896222486e-02 0.000000000000000000e+00
4.375000000000000000e+03 1.749975081691061973e-01 3.715293582157487284e-01 3.369367319071461253e-01 1.948111060537096040e-01 9.672280382339554228e-02 0.000000000000000000e+00
4.400000000000000000e+03 1.759974939300723573e-01 3.733500227583067543e-01 3.404642694583522866e-01 1.911697769685935244e-01 9.501593081474737912e-02 0.000000000000000000e+00
4.425000000000000000e+03 1.769974796910387393e-01 3.670914883932635542e-01 3.429676832043696000e-01 1.921939007737824279e-01 9.774692762858443185e-02 0.000000000000000000e+00
4.450000000000000000e+03 1.779974654520051214e-01 3.742603550295858228e-01 3.385298133818843702e-01 1.901456531634046487e-01 9.706417842512517213e-02 0.000000000000000000e+00
4.475000000000000000e+03 1.789974512129712814e-01 3.864360491579426626e-01 3.319299044151114986e-01 1.863905325443787064e-01 9.524351388256713236e-02 0.000000000000000000e+00
4.500000000000000000e+03 1.799974369739376634e-01 3.752844788347746707e-01 3.387573964497041512e-01 1.893491124260354985e-01 9.660901228948566566e-02 0.000000000000000000e+00
4.525000000000000000e+03 1.809974227349040454e-01 3.858670914883932657e-01 3.319299044151114986e-01 1.836595357305416398e-01 9.854346836595356818e-02 0.000000000000000000e+00
4.550000000000000000e+03 1.819974084958704275e-01 3.798361401911697910e-01 3.344333181611288119e-01 1.850250341374601593e-01 1.007055075102412378e-01 0.000000000000000000e+00
4.575000000000000000e+03 1.829973942568365874e-01 3.641329085116067343e-01 3.409194355939917931e-01 1.879836140191169791e-01 1.069640418752844796e-01 0.000000000000000000e+00
4.600000000000000000e+03 1.839973800178029695e-01 3.641329085116067343e-01 3.420573509330905870e-01 1.893491124260354985e-01 1.044606281292671801e-01 0.000000000000000000e+00
4.625000000000000000e+03 1.849973657787693515e-01 3.627674101046882149e-01 3.461538461538461453e-01 1.852526172052799402e-01 1.058261265361857134e-01 0.000000000000000000e+00
4.650000000000000000e+03 1.859973515397357335e-01 3.578743741465634787e-01 3.510468821119708815e-01 1.820664542558033672e-01 1.090122894856622726e-01 0.000000000000000000e+00
4.675000000000000000e+03 1.869973373007018935e-01 3.674328629949931702e-01 3.413746017296312996e-01 1.852526172052799402e-01 1.059399180700955900e-01 0.000000000000000000e+00
4.700000000000000000e+03 1.879973230616682756e-01 3.705052344105598805e-01 3.398953117888028896e-01 1.915111515703231682e-01 9.808830223031406170e-02 0.000000000000000000e+00
4.725000000000000000e+03 1.889973088226346576e-01 3.733500227583067543e-01 3.397815202548930547e-01 1.853664087391898030e-01 1.015020482476103741e-01 0.000000000000000000e+00
4.750000000000000000e+03 1.899972945836008176e-01 3.652708238507055283e-01 3.418297678652708060e-01 1.901456531634046487e-01 1.027537551206190308e-01 0.000000000000000000e+00
4.775000000000000000e+03 1.909972803445671996e-01 3.665225307237141572e-01 3.455848884842967483e-01 1.912835685025034149e-01 9.660901228948566566e-02 0.000000000000000000e+00
4.800000000000000000e+03 1.919972661055335816e-01 3.720983158852981254e-01 3.394401456531633832e-01 1.894629039599453890e-01 9.899863450159307465e-02 0.000000000000000000e+00
4.825000000000000000e+03 1.929972518664999637e-01 3.725534820209376319e-01 3.329540282203004020e-01 1.863905325443787064e-01 1.081019572143832458e-01 0.000000000000000000e+00
4.850000000000000000e+03 1.939972376274661237e-01 3.692535275375511961e-01 3.345471096950387024e-01 1.841147018661811463e-01 1.120846609012289552e-01 0.000000000000000000e+00
4.875000000000000000e+03 1.949972233884325057e-01 3.694811106053709771e-01 3.351160673645880994e-01 1.859353664087392000e-01 1.094674556213017791e-01 0.000000000000000000e+00
4.900000000000000000e+03 1.959972091493988877e-01 3.653846153846153633e-01 3.413746017296312996e-01 1.876422394173873354e-01 1.055985434683659602e-01 0.000000000000000000e+00
4.925000000000000000e+03 1.969971949103652697e-01 3.603777878925807920e-01 3.445607646791079004e-01 1.860491579426490627e-01 1.090122894856622726e-01 0.000000000000000000e+00
4.950000000000000000e+03 1.979971806713314297e-01 3.684569868001820736e-01 3.427401001365498190e-01 1.828629949931725174e-01 1.059399180700955900e-01 0.000000000000000000e+00
4.975000000000000000e+03 1.989971664322978118e-01 3.659535730541647602e-01 3.442193900773782289e-01 1.855939918070095562e-01 1.042330450614474269e-01 0.000000000000000000e+00
5.000000000000000000e+03 1.999971521932641938e-01 3.690259444697314706e-01 3.412608101957214646e-01 1.850250341374601593e-01 1.046882111970869333e-01 0.000000000000000000e+00
5.025000000000000000e+03 2.009971379542303538e-01 3.694811106053709771e-01 3.385298133818843702e-01 1.879836140191169791e-01 1.040054619936276736e-01 0.000000000000000000e+00
5.050000000000000000e+03 2.019971237151967358e-01 3.619708693673190925e-01 3.352298588984979344e-01 1.919663177059626746e-01 1.108329540282202985e-01 0.000000000000000000e+00
5.075000000000000000e+03 2.029971094761631178e-01 3.619708693673190925e-01 3.383022303140646447e-01 1.940145653163404538e-01 1.057123350022758368e-01 0.000000000000000000e+00
5.100000000000000000e+03 2.039970952371294999e-01 3.651570323167956378e-01 3.330678197542102925e-01 1.858215748748293095e-01 1.159535730541647741e-01 0.000000000000000000e+00
5.125000000000000000e+03 2.049970809980956599e-01 3.595812471552116696e-01 3.370505234410559603e-01 1.910559854346836617e-01 1.123122439690487084e-01 0.000000000000000000e+00
5.150000000000000000e+03 2.059970667590620419e-01 3.566226672735548497e-01 3.314747382794719921e-01 1.939007737824305910e-01 1.180018206645425533e-01 0.000000000000000000e+00
5.175000000000000000e+03 2.069970525200284239e-01 3.604915794264906825e-01 3.295402822030040757e-01 1.967455621301775204e-01 1.132225762403277214e-01 0.000000000000000000e+00
5.200000000000000000e+03 2.079970382809945839e-01 3.626536185707783244e-01 3.231679563040509851e-01 1.993627674101046965e-01 1.148156577150659940e-01 0.000000000000000000e+00
5.225000000000000000e+03 2.089970240419609659e-01 3.722121074192080159e-01 3.182749203459262488e-01 1.983386436049157930e-01 1.111743286299499284e-01 0.000000000000000000e+00
5.250000000000000000e+03 2.099970098029273480e-01 3.653846153846153633e-01 3.216886663632225751e-01 2.066454255803368278e-01 1.062812926718252199e-01 0.000000000000000000e+00
5.275000000000000000e+03 2.109969955638937300e-01 3.634501593081474469e-01 3.221438324988620816e-01 2.077833409194355940e-01 1.066226672735548497e-01 0.000000000000000000e+00
5.300000000000000000e+03 2.119969813248598900e-01 3.695949021392808120e-01 3.185025034137460298e-01 2.104005461993627701e-01 1.015020482476103741e-01 0.000000000000000000e+00
5.325000000000000000e+03 2.129969670858262720e-01 3.626536185707783244e-01 3.224852071005916976e-01 2.156349567592171224e-01 9.922621756941284177e-02 0.000000000000000000e+00
5.350000000000000000e+03 2.139969528467926541e-01 3.617432862994993115e-01 3.261265361857078049e-01 2.152935821574874786e-01 9.683659535730541890e-02 0.000000000000000000e+00
5.375000000000000000e+03 2.149969386077590361e-01 3.515020482476103880e-01 3.336367774237596895e-01 2.181383705052344080e-01 9.672280382339554228e-02 0.000000000000000000e+00
5.400000000000000000e+03 2.159969243687251961e-01 3.477469276285844457e-01 3.286299499317250628e-01 2.286071916249431124e-01 9.501593081474737912e-02 0.000000000000000000e+00
5.425000000000000000e+03 2.169969101296915781e-01 3.454710969503869133e-01 3.338643604915794150e-01 2.336140191169776836e-01 8.705052344105598805e-02 0.000000000000000000e+00
5.450000000000000000e+03 2.179968958906579601e-01 3.471779699590350488e-01 3.365953573054164538e-01 2.363450159308147502e-01 7.988165680473373331e-02 0.000000000000000000e+00
5.475000000000000000e+03 2.189968816516241201e-01 3.429676832043696000e-01 3.380746472462448637e-01 2.463586709148839204e-01 7.259899863450158808e-02 0.000000000000000000e+00
5.500000000000000000e+03 2.199968674125905022e-01 3.471779699590350488e-01 3.311333636777423761e-01 2.485207100591715901e-01 7.316795630405098505e-02 0.000000000000000000e+00
5.525000000000000000e+03 2.209968531735568842e-01 3.452435138825671324e-01 3.312471552116522666e-01 2.530723714155666548e-01 7.043695949021393232e-02 0.000000000000000000e+00
5.550000000000000000e+03 2.219968389345232662e-01 3.371643149749658508e-01 3.337505689576695245e-01 2.630860263996358528e-01 6.599908966772871644e-02 0.000000000000000000e+00
5.575000000000000000e+03 2.229968246954894262e-01 3.294264906690942407e-01 3.367091488393263443e-01 2.740100136549840637e-01 5.985434683659535821e-02 0.000000000000000000e+00
5.600000000000000000e+03 2.239968104564558082e-01 3.337505689576695245e-01 3.387573964497041512e-01 2.750341374601729671e-01 5.245789713245334329e-02 0.000000000000000000e+00
5.625000000000000000e+03 2.249967962174221903e-01 3.290851160673645692e-01 3.423987255348202030e-01 2.753755120619025831e-01 5.314064633591260994e-02 0.000000000000000000e+00
5.650000000000000000e+03 2.259967819783883503e-01 3.293126991351843502e-01 3.453573054164770229e-01 2.703686845698680119e-01 5.496131087847064278e-02 0.000000000000000000e+00
5.675000000000000000e+03 2.269967677393547323e-01 3.296540737369139662e-01 3.497951752389621971e-01 2.694583522985889990e-01 5.109239872553481693e-02 0.000000000000000000e+00
