# itime ezz other fcc hcp bcc ico
0.000000000000000000e+00 0.000000000000000000e+00 0.000000000000000000e+00 1.000000000000000000e+00 0.000000000000000000e+00 0.000000000000000000e+00 0.000000000000000000e+00
5.000000000000000000e+01 1.999973690864020881e-03 0.000000000000000000e+00 1.000000000000000000e+00 0.000000000000000000e+00 0.000000000000000000e+00 0.000000000000000000e+00
1.000000000000000000e+02 3.999947381727819717e-03 0.000000000000000000e+00 1.000000000000000000e+00 0.000000000000000000e+00 0.000000000000000000e+00 0.000000000000000000e+00
1.500000000000000000e+02 5.999921072591840598e-03 0.000000000000000000e+00 1.000000000000000000e+00 0.000000000000000000e+00 0.000000000000000000e+00 0.000000000000000000e+00
2.000000000000000000e+02 7.999894763455639435e-03 0.000000000000000000e+00 1.000000000000000000e+00 0.000000000000000000e+00 0.000000000000000000e+00 0.000000000000000000e+00
2.500000000000000000e+02 9.999868454319660316e-03 0.000000000000000000e+00 1.000000000000000000e+00 0.000000000000000000e+00 0.000000000000000000e+00 0.000000000000000000e+00
3.000000000000000000e+02 1.199984214518368120e-02 0.000000000000000000e+00 1.000000000000000000e+00 0.000000000000000000e+00 0.000000000000000000e+00 0.000000000000000000e+00
3.500000000000000000e+02 1.399981583604748003e-02 0.000000000000000000e+00 1.000000000000000000e+00 0.000000000000000000e+00 0.000000000000000000e+00 0.000000000000000000e+00
4.000000000000000000e+02 1.599978952691150091e-02 0.000000000000000000e+00 1.000000000000000000e+00 0.000000000000000000e+00 0.000000000000000000e+00 0.000000000000000000e+00
4.500000000000000000e+02 1.799976321777529975e-02 0.000000000000000000e+00 1.000000000000000000e+00 0.000000000000000000e+00 0.000000000000000000e+00 0.000000000000000000e+00
5.000000000000000000e+02 1.999973690863932063e-02 0.000000000000000000e+00 1.000000000000000000e+00 0.000000000000000000e+00 0.000000000000000000e+00 0.000000000000000000e+00
5.500000000000000000e+02 2.199971059950334151e-02 0.000000000000000000e+00 1.000000000000000000e+00 0.000000000000000000e+00 0.000000000000000000e+00 0.000000000000000000e+00
6.000000000000000000e+02 2.399968429036714035e-02 0.000000000000000000e+00 1.000000000000000000e+00 0.000000000000000000e+00 0.000000000000000000e+00 0.000000000000000000e+00
6.500000000000000000e+02 2.599965798123116123e-02 0.000000000000000000e+00 1.000000000000000000e+00 0.000000000000000000e+00 0.000000000000000000e+00 0.000000000000000000e+00
7.000000000000000000e+02 2.799963167209518211e-02 0.000000000000000000e+00 1.000000000000000000e+00 0.000000000000000000e+00 0.000000000000000000e+00 0.000000000000000000e+00
7.500000000000000000e+02 2.999960536295898095e-02 0.000000000000000000e+00 1.000000000000000000e+00 0.000000000000000000e+00 0.000000000000000000e+00 0.000000000000000000e+00
8.000000000000000000e+02 3.199957905382300183e-02 0.000000000000000000e+00 1.000000000000000000e+00 0.000000000000000000e+00 0.000000000000000000e+00 0.000000000000000000e+00
8.500000000000000000e+02 3.399955274468680066e-02 0.000000000000000000e+00 1.000000000000000000e+00 0.000000000000000000e+00 0.000000000000000000e+00 0.000000000000000000e+00
9.000000000000000000e+02 3.599952643555082155e-02 0.000000000000000000e+00 1.000000000000000000e+00 0.000000000000000000e+00 0.000000000000000000e+00 0.000000000000000000e+00
9.500000000000000000e+02 3.799950012641484243e-02 0.000000000000000000e+00 1.000000000000000000e+00 0.000000000000000000e+00 0.000000000000000000e+00 0.000000000000000000e+00
1.000000000000000000e+03 3.999947381727864126e-02 0.000000000000000000e+00 1.000000000000000000e+00 0.000000000000000000e+00 0.000000000000000000e+00 0.000000000000000000e+00
1.050000000000000000e+03 4.199944750814266214e-02 0.000000000000000000e+00 1.000000000000000000e+00 0.000000000000000000e+00 0.000000000000000000e+00 0.000000000000000000e+00
1.100000000000000000e+03 4.399942119900646098e-02 0.000000000000000000e+00 1.000000000000000000e+00 0.000000000000000000e+00 0.000000000000000000e+00 0.000000000000000000e+00
1.150000000000000000e+03 4.599939488987048186e-02 0.000000000000000000e+00 1.000000000000000000e+00 0.000000000000000000e+00 0.000000000000000000e+00 0.000000000000000000e+00
1.200000000000000000e+03 4.799936858073450274e-02 0.000000000000000000e+00 1.000000000000000000e+00 0.000000000000000000e+00 0.000000000000000000e+00 0.000000000000000000e+00
1.250000000000000000e+03 4.999934227159830158e-02 0.000000000000000000e+00 1.000000000000000000e+00 0.000000000000000000e+00 0.000000000000000000e+00 0.000000000000000000e+00
1.300000000000000000e+03 5.199931596246232246e-02 0.000000000000000000e+00 1.000000000000000000e+00 0.000000000000000000e+00 0.000000000000000000e+00 0.000000000000000000e+00
1.350000000000000000e+03 5.399928965332612130e-02 0.000000000000000000e+00 1.000000000000000000e+00 0.000000000000000000e+00 0.000000000000000000e+00 0.000000000000000000e+00
1.400000000000000000e+03 5.599926334419014218e-02 0.000000000000000000e+00 1.000000000000000000e+00 0.000000000000000000e+00 0.000000000000000000e+00 0.000000000000000000e+00
1.450000000000000000e+03 5.799923703505416306e-02 0.000000000000000000e+00 1.000000000000000000e+00 0.000000000000000000e+00 0.000000000000000000e+00 0.000000000000000000e+00
1.500000000000000000e+03 5.999921072591796189e-02 0.000000000000000000e+00 1.000000000000000000e+00 0.000000000000000000e+00 0.000000000000000000e+00 0.000000000000000000e+00
1.550000000000000000e+03 6.199918441678198278e-02 0.000000000000000000e+00 1.000000000000000000e+00 0.000000000000000000e+00 0.000000000000000000e+00 0.000000000000000000e+00
1.600000000000000000e+03 6.399915810764600366e-02 0.000000000000000000e+00 1.000000000000000000e+00 0.000000000000000000e+00 0.000000000000000000e+00 0.000000000000000000e+00
1.650000000000000000e+03 6.599913179850980249e-02 0.000000000000000000e+00 1.000000000000000000e+00 0.000000000000000000e+00 0.000000000000000000e+00 0.000000000000000000e+00
1.700000000000000000e+03 6.799910548937382337e-02 0.000000000000000000e+00 1.000000000000000000e+00 0.000000000000000000e+00 0.000000000000000000e+00 0.000000000000000000e+00
1.750000000000000000e+03 6.999907918023762221e-02 2.275830678197542133e-04 9.996586253982703285e-01 0.000000000000000000e+00 1.137915339098771066e-04 0.000000000000000000e+00
1.800000000000000000e+03 7.199905287110164309e-02 0.000000000000000000e+00 1.000000000000000000e+00 0.000000000000000000e+00 0.000000000000000000e+00 0.000000000000000000e+00
1.850000000000000000e+03 7.399902656196566397e-02 5.689576695493854790e-04 9.994310423304506585e-01 0.000000000000000000e+00 0.000000000000000000e+00 0.000000000000000000e+00
1.900000000000000000e+03 7.599900025282946281e-02 0.000000000000000000e+00 1.000000000000000000e+00 0.000000000000000000e+00 0.000000000000000000e+00 0.000000000000000000e+00
1.950000000000000000e+03 7.799897394369348369e-02 0.000000000000000000e+00 1.000000000000000000e+00 0.000000000000000000e+00 0.000000000000000000e+00 0.000000000000000000e+00
2.000000000000000000e+03 7.999894763455728253e-02 6.827492034592626399e-04 9.993172507965407680e-01 0.000000000000000000e+00 0.000000000000000000e+00 0.000000000000000000e+00
2.050000000000000000e+03 8.199892132542130341e-02 2.275830678197542133e-04 9.994310423304506585e-01 0.000000000000000000e+00 3.413746017296313199e-04 0.000000000000000000e+00
2.100000000000000000e+03 8.399889501628532429e-02 0.000000000000000000e+00 1.000000000000000000e+00 0.000000000000000000e+00 0.000000000000000000e+00 0.000000000000000000e+00
2.150000000000000000e+03 8.599886870714912313e-02 7.965407373691396923e-04 9.990896677287209870e-01 0.000000000000000000e+00 1.137915339098771066e-04 0.000000000000000000e+00
2.200000000000000000e+03 8.799884239801314401e-02 1.365498406918525280e-03 9.985207100591716456e-01 0.000000000000000000e+00 1.137915339098771066e-04 0.000000000000000000e+00
2.250000000000000000e+03 8.999881608887694284e-02 4.551661356395084266e-04 9.994310423304506585e-01 0.000000000000000000e+00 1.137915339098771066e-04 0.000000000000000000e+00
2.300000000000000000e+03 9.199878977974096372e-02 3.413746017296313199e-04 9.996586253982703285e-01 0.000000000000000000e+00 0.000000000000000000e+00 0.000000000000000000e+00
2.350000000000000000e+03 9.399876347060498460e-02 1.251706873008648227e-03 9.987482931269913156e-01 0.000000000000000000e+00 0.000000000000000000e+00 0.000000000000000000e+00
2.400000000000000000e+03 9.599873716146878344e-02 1.820664542558033706e-03 9.981793354574419741e-01 0.000000000000000000e+00 0.000000000000000000e+00 0.000000000000000000e+00
2.450000000000000000e+03 9.799871085233280432e-02 3.755120619025944465e-03 9.960172963131542767e-01 0.000000000000000000e+00 2.275830678197542133e-04 0.000000000000000000e+00
2.500000000000000000e+03 9.999868454319660316e-02 1.365498406918525280e-03 9.985207100591716456e-01 0.000000000000000000e+00 1.137915339098771066e-04 0.000000000000000000e+00
2.550000000000000000e+03 1.019986582340606240e-01 2.844788347746927612e-03 9.968138370505233992e-01 0.000000000000000000e+00 3.413746017296313199e-04 0.000000000000000000e+00
2.600000000000000000e+03 1.039986319249246449e-01 3.072371415566681717e-03 9.969276285844332897e-01 0.000000000000000000e+00 0.000000000000000000e+00 0.000000000000000000e+00
2.650000000000000000e+03 1.059986056157884438e-01 3.527537551206190360e-03 9.960172963131542767e-01 0.000000000000000000e+00 4.551661356395084266e-04 0.000000000000000000e+00
2.700000000000000000e+03 1.079985793066524646e-01 6.941283568502503235e-03 9.929449248975875664e-01 0.000000000000000000e+00 1.137915339098771066e-04 0.000000000000000000e+00
2.750000000000000000e+03 1.099985529975164855e-01 6.713700500682749130e-03 9.928311333636777869e-01 0.000000000000000000e+00 4.551661356395084266e-04 0.000000000000000000e+00
2.800000000000000000e+03 1.119985266883802844e-01 7.282658170232134826e-03 9.916932180245789930e-01 0.000000000000000000e+00 1.024123805188893906e-03 0.000000000000000000e+00
2.850000000000000000e+03 1.139985003792443052e-01 1.433773327264451468e-02 9.847519344560764498e-01 0.000000000000000000e+00 9.103322712790168532e-04 0.000000000000000000e+00
2.900000000000000000e+03 1.159984740701081041e-01 1.979972690031861493e-02 9.784934000910332497e-01 0.000000000000000000e+00 1.706873008648156654e-03 0.000000000000000000e+00
2.950000000000000000e+03 1.179984477609721250e-01 3.573054164770141095e-02 9.585798816568047442e-01 0.000000000000000000e+00 5.689576695493855224e-03 0.000000000000000000e+00
3.000000000000000000e+03 1.199984214518361458e-01 5.257168866636321991e-02 9.259217114246700575e-01 0.000000000000000000e+00 2.150659990896677115e-02 0.000000000000000000e+00
3.050000000000000000e+03 1.219983951426999447e-01 1.357532999544833752e-01 7.496586253982703285e-01 0.000000000000000000e+00 1.145880746472462408e-01 0.000000000000000000e+00
3.100000000000000000e+03 1.239983688335639656e-01 2.927856167501137752e-01 3.495675921711424716e-01 2.275830678197542133e-04 3.574192080109239722e-01 0.000000000000000000e+00
3.150000000000000000e+03 1.259983425244277644e-01 3.879153390987710726e-01 1.459945380063723264e-01 2.275830678197541916e-03 4.638142922166590965e-01 0.000000000000000000e+00
3.200000000000000000e+03 1.279983162152917853e-01 3.635639508420573374e-01 1.655666818388711881e-01 3.072371415566681717e-03 4.677969959035047642e-01 0.000000000000000000e+00
3.250000000000000000e+03 1.299982899061558062e-01 3.544606281292672079e-01 1.818388711879836139e-01 1.581702321347291593e-02 4.478834774692762588e-01 0.000000000000000000e+00
3.300000000000000000e+03 1.319982635970196050e-01 3.865498406918525531e-01 1.844560764679107900e-01 4.403732362312243881e-02 3.849567592171142527e-01 0.000000000000000000e+00
3.350000000000000000e+03 1.339982372878836259e-01 3.653846153846153633e-01 2.222348657259899940e-01 9.000910332271279402e-02 3.223714155666818626e-01 0.000000000000000000e+00
3.400000000000000000e+03 1.359982109787474247e-01 3.827947200728265553e-01 2.374829312699135164e-01 1.220983158852981393e-01 2.576240327719617751e-01 0.000000000000000000e+00
3.450000000000000000e+03 1.379981846696114456e-01 3.798361401911697910e-01 2.642239417387346467e-01 1.659080564406008318e-01 1.900318616294947582e-01 0.000000000000000000e+00
3.500000000000000000e+03 1.399981583604754665e-01 3.741465634956759323e-01 2.740100136549840637e-01 1.742148384160218388e-01 1.776285844333181652e-01 0.000000000000000000e+00
3.550000000000000000e+03 1.419981320513392653e-01 3.816568047337278169e-01 2.738962221210741732e-01 1.854802002730996935e-01 1.589667728720983164e-01 0.000000000000000000e+00
3.600000000000000000e+03 1.439981057422032862e-01 3.819981793354574329e-01 2.872098315885298070e-01 2.024351388256713791e-01 1.283568502503413811e-01 0.000000000000000000e+00
3.650000000000000000e+03 1.459980794330673071e-01 3.642467000455166248e-01 3.056440600819299025e-01 2.071005917159763343e-01 1.230086481565771522e-01 0.000000000000000000e+00
3.700000000000000000e+03 1.479980531239311059e-01 3.673190714610832797e-01 3.082612653618570508e-01 2.038006372325898985e-01 1.206190259444697294e-01 0.000000000000000000e+00
3.750000000000000000e+03 1.499980268147951268e-01 3.813154301319982009e-01 3.024578971324533572e-01 2.020937642239417353e-01 1.141329085116067343e-01 0.000000000000000000e+00
3.800000000000000000e+03 1.519980005056589256e-01 3.831360946745562268e-01 3.004096495220755503e-01 2.038006372325898985e-01 1.126536185707783383e-01 0.000000000000000000e+00
3.850000000000000000e+03 1.539979741965229465e-01 3.905325443786982209e-01 3.015475648611743442e-01 2.050523441055985552e-01 1.028675466545289074e-01 0.000000000000000000e+00
3.900000000000000000e+03 1.559979478873869674e-01 3.883705052344105790e-01 3.067819754210286964e-01 2.097177969959035104e-01 9.512972234865725574e-02 0.000000000000000000e+00
3.950000000000000000e+03 1.579979215782507662e-01 3.923532089212562468e-01 3.131543013199817871e-01 2.056213017751479244e-01 8.887118798361401395e-02 0.000000000000000000e+00
4.000000000000000000e+03 1.599978952691147871e-01 3.939462903959945472e-01 3.124715521165225551e-01 2.050523441055985552e-01 8.852981338188438409e-02 0.000000000000000000e+00
4.050000000000000000e+03 1.619978689599785859e-01 3.911015020482476179e-01 3.120163859808830487e-01 2.026627218934911323e-01 9.421939007737824279e-02 0.000000000000000000e+00
4.100000000000000000e+03 1.639978426508426068e-01 3.815430131998179264e-01 3.208921256258534527e-01 1.964041875284478766e-01 1.011606736458807443e-01 0.000000000000000000e+00
4.150000000000000000e+03 1.659978163417066277e-01 3.889394629039599205e-01 3.210059171597632877e-01 1.973145197997268896e-01 9.274010013654984674e-02 0.000000000000000000e+00
4.200000000000000000e+03 1.679977900325704265e-01 3.871187983614018946e-01 3.305644060081929791e-01 1.912835685025034149e-01 9.103322712790168358e-02 0.000000000000000000e+00
4.250000000000000000e+03 1.699977637234344474e-01 3.851843422849339782e-01 3.311333636777423761e-01 1.898042785616750050e-01 9.387801547564861293e-02 0.000000000000000000e+00
4.300000000000000000e+03 1.719977374142982463e-01 3.757396449704141772e-01 3.329540282203004020e-01 1.937869822485207005e-01 9.751934456076467861e-02 0.000000000000000000e+00
4.350000000000000000e+03 1.739977111051622671e-01 3.659535730541647602e-01 3.370505234410559603e-01 1.972007282658170269e-01 9.979517523896222486e-02 0.000000000000000000e+00
4.400000000000000000e+03 1.759976847960262880e-01 3.733500227583067543e-01 3.404642694583522866e-01 1.911697769685935244e-01 9.501593081474737912e-02 0.000000000000000000e+00
4.450000000000000000e+03 1.779976584868900868e-01 3.742603550295858228e-01 3.385298133818843702e-01 1.901456531634046487e-01 9.706417842512517213e-02 0.000000000000000000e+00
4.500000000000000000e+03 1.799976321777541077e-01 3.752844788347746707e-01 3.387573964497041512e-01 1.893491124260354985e-01 9.660901228948566566e-02 0.000000000000000000e+00
4.550000000000000000e+03 1.819976058686181286e-01 3.798361401911697910e-01 3.344333181611288119e-01 1.850250341374601593e-01 1.007055075102412378e-01 0.000000000000000000e+00
4.600000000000000000e+03 1.839975795594819274e-01 3.641329085116067343e-01 3.420573509330905870e-01 1.893491124260354985e-01 1.044606281292671801e-01 0.000000000000000000e+00
4.650000000000000000e+03 1.859975532503459483e-01 3.578743741465634787e-01 3.510468821119708815e-01 1.820664542558033672e-01 1.090122894856622726e-01 0.000000000000000000e+00
4.700000000000000000e+03 1.879975269412097472e-01 3.705052344105598805e-01 3.398953117888028896e-01 1.915111515703231682e-01 9.808830223031406170e-02 0.000000000000000000e+00
4.750000000000000000e+03 1.899975006320737680e-01 3.652708238507055283e-01 3.418297678652708060e-01 1.901456531634046487e-01 1.027537551206190308e-01 0.000000000000000000e+00
4.800000000000000000e+03 1.919974743229377889e-01 3.720983158852981254e-01 3.394401456531633832e-01 1.894629039599453890e-01 9.899863450159307465e-02 0.000000000000000000e+00
4.850000000000000000e+03 1.939974480138015878e-01 3.692535275375511961e-01 3.345471096950387024e-01 1.841147018661811463e-01 1.120846609012289552e-01 0.000000000000000000e+00
4.900000000000000000e+03 1.959974217046656086e-01 3.653846153846153633e-01 3.413746017296312996e-01 1.876422394173873354e-01 1.055985434683659602e-01 0.000000000000000000e+00
4.950000000000000000e+03 1.979973953955294075e-01 3.684569868001820736e-01 3.427401001365498190e-01 1.828629949931725174e-01 1.059399180700955900e-01 0.000000000000000000e+00
5.000000000000000000e+03 1.999973690863934284e-01 3.690259444697314706e-01 3.412608101957214646e-01 1.850250341374601593e-01 1.046882111970869333e-01 0.000000000000000000e+00
5.050000000000000000e+03 2.019973427772574492e-01 3.619708693673190925e-01 3.352298588984979344e-01 1.919663177059626746e-01 1.108329540282202985e-01 0.000000000000000000e+00
5.100000000000000000e+03 2.039973164681212481e-01 3.651570323167956378e-01 3.330678197542102925e-01 1.858215748748293095e-01 1.159535730541647741e-01 0.000000000000000000e+00
5.150000000000000000e+03 2.059972901589852690e-01 3.566226672735548497e-01 3.314747382794719921e-01 1.939007737824305910e-01 1.180018206645425533e-01 0.000000000000000000e+00
5.200000000000000000e+03 2.079972638498490678e-01 3.626536185707783244e-01 3.231679563040509851e-01 1.993627674101046965e-01 1.148156577150659940e-01 0.000000000000000000e+00
5.250000000000000000e+03 2.099972375407130887e-01 3.653846153846153633e-01 3.216886663632225751e-01 2.066454255803368278e-01 1.062812926718252199e-01 0.000000000000000000e+00
5.300000000000000000e+03 2.119972112315771096e-01 3.695949021392808120e-01 3.185025034137460298e-01 2.104005461993627701e-01 1.015020482476103741e-01 0.000000000000000000e+00
5.350000000000000000e+03 2.139971849224409084e-01 3.617432862994993115e-01 3.261265361857078049e-01 2.152935821574874786e-01 9.683659535730541890e-02 0.000000000000000000e+00
5.400000000000000000e+03 2.159971586133049293e-01 3.477469276285844457e-01 3.286299499317250628e-01 2.286071916249431124e-01 9.501593081474737912e-02 0.000000000000000000e+00
5.450000000000000000e+03 2.179971323041687281e-01 3.471779699590350488e-01 3.365953573054164538e-01 2.363450159308147502e-01 7.988165680473373331e-02 0.000000000000000000e+00
5.500000000000000000e+03 2.199971059950327490e-01 3.471779699590350488e-01 3.311333636777423761e-01 2.485207100591715901e-01 7.316795630405098505e-02 0.000000000000000000e+00
5.550000000000000000e+03 2.219970796858967699e-01 3.371643149749658508e-01 3.337505689576695245e-01 2.630860263996358528e-01 6.599908966772871644e-02 0.000000000000000000e+00
5.600000000000000000e+03 2.239970533767605687e-01 3.337505689576695245e-01 3.387573964497041512e-01 2.750341374601729671e-01 5.245789713245334329e-02 0.000000000000000000e+00
5.650000000000000000e+03 2.259970270676245896e-01 3.293126991351843502e-01 3.453573054164770229e-01 2.703686845698680119e-01 5.496131087847064278e-02 0.000000000000000000e+00
5.700000000000000000e+03 2.279970007584886105e-01 3.282885753299954468e-01 3.541192535275375364e-01 2.651342740100136597e-01 5.245789713245334329e-02 0.000000000000000000e+00
5.750000000000000000e+03 2.299969744493524093e-01 3.180473372781065233e-01 3.771051433773327521e-01 2.627446517979062368e-01 4.210286754665452935e-02 0.000000000000000000e+00
5.800000000000000000e+03 2.319969481402164302e-01 3.100819299044151323e-01 3.953117888029130667e-01 2.525034137460173134e-01 4.210286754665452935e-02 0.000000000000000000e+00
5.850000000000000000e+03 2.339969218310802290e-01 2.902822030040965173e-01 4.347974510696404060e-01 2.331588529813381772e-01 4.176149294492489950e-02 0.000000000000000000e+00
5.900000000000000000e+03 2.359968955219442499e-01 2.718479745106964218e-01 4.737141556668184039e-01 2.173418297678652578e-01 3.709604005461993731e-02 0.000000000000000000e+00
5.950000000000000000e+03 2.379968692128082708e-01 2.654756486117432757e-01 4.946517979062357573e-01 2.071005917159763343e-01 3.277196176604460498e-02 0.000000000000000000e+00
6.000000000000000000e+03 2.399968429036720696e-01 2.504551661356395065e-01 5.211652253072371899e-01 2.010696404187528319e-01 2.730996813837050646e-02 0.000000000000000000e+00
6.050000000000000000e+03 2.419968165945360905e-01 2.448793809740555383e-01 5.430131998179335007e-01 1.883249886208466228e-01 2.378243058716431393e-02 0.000000000000000000e+00
6.100000000000000000e+03 2.439967902853998893e-01 2.302002730996813851e-01 5.644060081929904715e-01 1.828629949931725174e-01 2.253072371415566766e-02 0.000000000000000000e+00
6.150000000000000000e+03 2.459967639762639102e-01 2.177969959035047920e-01 6.050295857988166048e-01 1.607874374146563423e-01 1.638598088302230249e-02 0.000000000000000000e+00
6.200000000000000000e+03 2.479967376671279311e-01 1.995903504779244497e-01 6.359808830223031562e-01 1.500910332271279124e-01 1.433773327264451468e-02 0.000000000000000000e+00
6.250000000000000000e+03 2.499967113579917299e-01 1.877560309512972259e-01 6.612426035502958488e-01 1.381429221665907980e-01 1.285844333181611343e-02 0.000000000000000000e+00
6.300000000000000000e+03 2.519966850488557508e-01 1.738734638142922229e-01 6.909421939007738267e-01 1.259672280382339582e-01 9.217114246700046018e-03 0.000000000000000000e+00
6.350000000000000000e+03 2.539966587397195497e-01 1.639736003641329154e-01 7.028903049613108855e-01 1.251706873008648080e-01 7.965407373691398007e-03 0.000000000000000000e+00
6.400000000000000000e+03 2.559966324305835705e-01 1.594219390077378229e-01 7.135867091488393710e-01 1.208466090122894826e-01 6.144742831133363434e-03 0.000000000000000000e+00
6.450000000000000000e+03 2.579966061214475914e-01 1.505461993627674189e-01 7.313381884387801790e-01 1.104915794264906687e-01 7.624032771961766417e-03 0.000000000000000000e+00
6.500000000000000000e+03 2.599965798123113903e-01 1.545289030496131144e-01 7.382794720072826111e-01 1.017296313154301274e-01 5.461993627674101119e-03 0.000000000000000000e+00
6.550000000000000000e+03 2.619965535031754111e-01 1.426945835229858905e-01 7.552344105598542967e-01 9.638142922166591242e-02 5.689576695493855224e-03 0.000000000000000000e+00
6.600000000000000000e+03 2.639965271940394320e-01 1.367774237596722786e-01 7.645653163404643182e-01 9.365043240782885969e-02 5.006827492034592909e-03 0.000000000000000000e+00
6.650000000000000000e+03 2.659965008849032309e-01 1.312016385980883104e-01 7.715065999089667503e-01 9.137460172963131344e-02 5.917159763313609329e-03 0.000000000000000000e+00
6.700000000000000000e+03 2.679964745757672517e-01 1.313154301319981732e-01 7.711652253072371899e-01 9.262630860263997012e-02 4.893035958124715423e-03 0.000000000000000000e+00
6.750000000000000000e+03 2.699964482666310506e-01 1.283568502503413811e-01 7.721893491124259823e-01 9.478834774692762588e-02 4.665452890304961318e-03 0.000000000000000000e+00
6.800000000000000000e+03 2.719964219574950715e-01 1.315430131998179264e-01 7.671825216203914666e-01 9.672280382339554228e-02 4.551661356395083832e-03 0.000000000000000000e+00
6.850000000000000000e+03 2.739963956483590923e-01 1.297223486572599005e-01 7.732134729176148857e-01 9.399180700955848955e-02 3.072371415566681717e-03 0.000000000000000000e+00
6.900000000000000000e+03 2.759963693392228912e-01 1.281292671825216278e-01 7.744651797906235702e-01 9.399180700955848955e-02 3.413746017296313308e-03 0.000000000000000000e+00
6.950000000000000000e+03 2.779963430300869121e-01 1.230086481565771522e-01 7.807237141556667703e-01 9.365043240782885969e-02 2.617205279927173507e-03 0.000000000000000000e+00
7.000000000000000000e+03 2.799963167209507109e-01 1.199362767410104696e-01 7.840236686390532617e-01 9.308147473827947660e-02 2.958579881656804664e-03 0.000000000000000000e+00
7.050000000000000000e+03 2.819962904118147318e-01 1.202776513427400995e-01 7.850477924442421651e-01 9.171597633136094330e-02 2.958579881656804664e-03 0.000000000000000000e+00
7.100000000000000000e+03 2.839962641026787526e-01 1.235776058261265353e-01 7.822030040964952358e-01 9.126081019572143682e-02 2.958579881656804664e-03 0.000000000000000000e+00
7.150000000000000000e+03 2.859962377935425515e-01 1.243741465634956717e-01 7.836822940373235902e-01 9.035047792444242387e-02 1.593081474738279385e-03 0.000000000000000000e+00
7.200000000000000000e+03 2.879962114844065724e-01 1.202776513427400995e-01 7.852753755120619461e-01 9.217114246700044977e-02 2.275830678197541916e-03 0.000000000000000000e+00
7.250000000000000000e+03 2.899961851752703712e-01 1.240327719617660418e-01 7.822030040964952358e-01 9.194355939918069653e-02 1.820664542558033706e-03 0.000000000000000000e+00
7.300000000000000000e+03 2.919961588661343921e-01 1.218707328174783860e-01 7.832271279016841392e-01 9.251251706873007963e-02 2.389622212107419402e-03 0.000000000000000000e+00
7.350000000000000000e+03 2.939961325569984130e-01 1.231224396904870289e-01 7.808375056895766608e-01 9.342284934000910646e-02 2.617205279927173507e-03 0.000000000000000000e+00
7.400000000000000000e+03 2.959961062478622118e-01 1.248293126991351781e-01 7.738962221210742287e-01 9.911242603550296515e-02 2.162039144287664864e-03 0.000000000000000000e+00
7.450000000000000000e+03 2.979960799387262327e-01 1.284706417842512438e-01 7.674101046882112476e-01 1.017296313154301274e-01 2.389622212107419402e-03 0.000000000000000000e+00
7.500000000000000000e+03 2.999960536295900315e-01 1.232362312243969055e-01 7.696859353664087244e-01 1.050295857988165632e-01 2.048247610377787811e-03 0.000000000000000000e+00
7.550000000000000000e+03 3.019960273204540524e-01 1.236913973600364119e-01 7.677514792899408080e-01 1.053709604005461931e-01 3.186162949476558769e-03 0.000000000000000000e+00
7.600000000000000000e+03 3.039960010113180733e-01 1.248293126991351781e-01 7.645653163404643182e-01 1.082157487482931224e-01 2.389622212107419402e-03 0.000000000000000000e+00
7.650000000000000000e+03 3.059959747021818721e-01 1.226672735548475224e-01 7.629722348657259623e-01 1.111743286299499284e-01 3.186162949476558769e-03 0.000000000000000000e+00
7.700000000000000000e+03 3.079959483930458930e-01 1.243741465634956717e-01 7.597860719162494725e-01 1.147018661811561174e-01 1.137915339098770958e-03 0.000000000000000000e+00
7.750000000000000000e+03 3.099959220839099139e-01 1.260810195721438209e-01 7.553482020937641872e-01 1.157259899863450209e-01 2.844788347746927612e-03 0.000000000000000000e+00
7.800000000000000000e+03 3.119958957747737127e-01 1.250568957669549452e-01 7.510241238051889034e-01 1.210741920801092358e-01 2.844788347746927612e-03 0.000000000000000000e+00
7.850000000000000000e+03 3.139958694656377336e-01 1.286982248520709970e-01 7.360036413290851343e-01 1.330223031406463363e-01 2.275830678197541916e-03 0.000000000000000000e+00
7.900000000000000000e+03 3.159958431565015324e-01 1.317705962676376796e-01 7.167728720983158608e-01 1.500910332271279124e-01 1.365498406918525280e-03 0.000000000000000000e+00
7.950000000000000000e+03 3.179958168473655533e-01 1.343878015475648557e-01 7.022075557578516536e-01 1.612426035502958488e-01 2.162039144287664864e-03 0.000000000000000000e+00
8.000000000000000000e+03 3.199957905382295742e-01 1.362084660901228816e-01 6.927628584433318526e-01 1.686390532544378706e-01 2.389622212107419402e-03 0.000000000000000000e+00
8.050000000000000000e+03 3.219957642290933730e-01 1.375739644970414288e-01 6.900318616294948137e-01 1.702321347291761433e-01 2.162039144287664864e-03 0.000000000000000000e+00
8.100000000000000000e+03 3.239957379199573939e-01 1.393946290395994547e-01 6.899180700955849233e-01 1.693218024578971304e-01 1.365498406918525280e-03 0.000000000000000000e+00
8.150000000000000000e+03 3.259957116108211927e-01 1.388256713700500578e-01 6.885525716886663483e-01 1.712562585343650468e-01 1.365498406918525280e-03 0.000000000000000000e+00
8.200000000000000000e+03 3.279956853016852136e-01 1.395084205735093175e-01 6.880974055530268974e-01 1.704597177969958965e-01 1.934456076467910759e-03 0.000000000000000000e+00
8.250000000000000000e+03 3.299956589925492345e-01 1.417842512517068776e-01 6.877560309512972259e-01 1.680700955848884737e-01 2.389622212107419402e-03 0.000000000000000000e+00
8.300000000000000000e+03 3.319956326834130333e-01 1.477014110150204895e-01 6.802457897132453413e-01 1.710286754665452935e-01 1.024123805188893906e-03 0.000000000000000000e+00
8.350000000000000000e+03 3.339956063742770542e-01 1.482703686845698587e-01 6.738734638142922506e-01 1.758079198907601393e-01 2.048247610377787811e-03 0.000000000000000000e+00
8.400000000000000000e+03 3.359955800651408531e-01 1.494082840236686527e-01 6.736458807464724696e-01 1.754665452890304955e-01 1.479289940828402332e-03 0.000000000000000000e+00
8.450000000000000000e+03 3.379955537560048739e-01 1.471324533454710926e-01 6.754665452890304955e-01 1.753527537551206328e-01 2.048247610377787811e-03 0.000000000000000000e+00
8.500000000000000000e+03 3.399955274468688948e-01 1.495220755575785154e-01 6.744424214838415921e-01 1.736458807464724696e-01 2.389622212107419402e-03 0.000000000000000000e+00
8.550000000000000000e+03 3.419955011377326937e-01 1.549840691852526209e-01 6.679563040509786109e-01 1.758079198907601393e-01 1.251706873008648227e-03 0.000000000000000000e+00
8.600000000000000000e+03 3.439954748285967145e-01 1.586253982703686727e-01 6.646563495675921196e-01 1.738734638142922229e-01 2.844788347746927612e-03 0.000000000000000000e+00
8.650000000000000000e+03 3.459954485194607354e-01 1.623805188893946427e-01 6.610150204824760678e-01 1.747837960855712358e-01 1.820664542558033706e-03 0.000000000000000000e+00
8.700000000000000000e+03 3.479954222103245343e-01 1.636322257624032717e-01 6.557806099226217711e-01 1.785389167045971781e-01 2.048247610377787811e-03 0.000000000000000000e+00
8.750000000000000000e+03 3.499953959011885551e-01 1.721665908056440597e-01 6.447428311333637252e-01 1.804733727810650945e-01 2.617205279927173507e-03 0.000000000000000000e+00
8.800000000000000000e+03 3.519953695920523540e-01 1.768320436959490149e-01 6.370050068274920596e-01 1.835457441966317771e-01 2.617205279927173507e-03 0.000000000000000000e+00
8.850000000000000000e+03 3.539953432829163749e-01 1.841147018661811463e-01 6.290395994538006130e-01 1.830905780609922706e-01 3.755120619025944465e-03 0.000000000000000000e+00
8.900000000000000000e+03 3.559953169737803957e-01 1.875284478834774726e-01 6.261948111060536837e-01 1.832043695949021334e-01 3.072371415566681717e-03 0.000000000000000000e+00
8.950000000000000000e+03 3.579952906646441946e-01 1.910559854346836617e-01 6.299499317250796260e-01 1.745562130177514826e-01 4.437869822485207214e-03 0.000000000000000000e+00
9.000000000000000000e+03 3.599952643555082155e-01 1.902594446973145115e-01 6.378015475648611821e-01 1.671597633136094607e-01 4.779244424214838804e-03 0.000000000000000000e+00
9.050000000000000000e+03 3.619952380463720143e-01 1.883249886208466228e-01 6.459945380063722986e-01 1.629494765589440120e-01 2.730996813837050560e-03 0.000000000000000000e+00
9.100000000000000000e+03 3.639952117372360352e-01 1.918525261720528119e-01 6.416704597177970149e-01 1.636322257624032717e-01 2.844788347746927612e-03 0.000000000000000000e+00
9.150000000000000000e+03 3.659951854281000561e-01 1.986800182066454368e-01 6.408739189804278924e-01 1.585116067364588099e-01 1.934456076467910759e-03 0.000000000000000000e+00
9.200000000000000000e+03 3.679951591189638549e-01 2.031178880291306388e-01 6.363222576240327166e-01 1.566909421939007840e-01 3.868912152935821518e-03 0.000000000000000000e+00
9.250000000000000000e+03 3.699951328098278758e-01 2.057350933090578149e-01 6.324533454710969949e-01 1.571461083295402905e-01 4.665452890304961318e-03 0.000000000000000000e+00
9.300000000000000000e+03 3.719951065006916746e-01 2.089212562585343602e-01 6.348429676832043622e-01 1.505461993627674189e-01 5.689576695493855224e-03 0.000000000000000000e+00
9.350000000000000000e+03 3.739950801915556955e-01 2.175694128356850388e-01 6.309740555302685294e-01 1.457669549385525731e-01 5.689576695493855224e-03 0.000000000000000000e+00
9.400000000000000000e+03 3.759950538824197164e-01 2.212107419208010906e-01 6.244879380974055483e-01 1.458807464724624359e-01 8.420573509330906217e-03 0.000000000000000000e+00
9.450000000000000000e+03 3.779950275732835152e-01 2.316795630405097950e-01 6.186845698680017991e-01 1.447428311333636697e-01 4.893035958124715423e-03 0.000000000000000000e+00
9.500000000000000000e+03 3.799950012641475361e-01 2.331588529813381772e-01 6.145880746472462963e-01 1.429221665908056438e-01 9.330905780609922637e-03 0.000000000000000000e+00
9.550000000000000000e+03 3.819949749550113349e-01 2.345243513882567243e-01 6.126536185707783799e-01 1.446290395994538069e-01 8.192990441511151245e-03 0.000000000000000000e+00
9.600000000000000000e+03 3.839949486458753558e-01 2.322485207100591642e-01 6.236913973600364258e-01 1.346153846153846090e-01 9.444697314519799256e-03 0.000000000000000000e+00
9.650000000000000000e+03 3.859949223367393767e-01 2.405553026854801990e-01 6.154984069185253093e-01 1.343878015475648557e-01 9.558488848429677609e-03 0.000000000000000000e+00
9.700000000000000000e+03 3.879948960276031755e-01 2.469276285844333174e-01 6.065088757396449592e-01 1.381429221665907980e-01 8.420573509330906217e-03 0.000000000000000000e+00
9.750000000000000000e+03 3.899948697184674185e-01 2.504551661356395065e-01 6.041192535275375919e-01 1.382567137005006885e-01 7.168866636322257339e-03 0.000000000000000000e+00
9.800000000000000000e+03 3.919948434093312173e-01 2.427173418297678686e-01 6.011606736458807720e-01 1.477014110150204895e-01 8.420573509330906217e-03 0.000000000000000000e+00
9.850000000000000000e+03 3.939948171001947941e-01 2.497724169321802468e-01 5.889849795175239322e-01 1.549840691852526209e-01 6.258534365043240920e-03 0.000000000000000000e+00
9.900000000000000000e+03 3.959947907910590370e-01 2.509103322712790130e-01 5.801092398725534727e-01 1.618115612198452458e-01 7.168866636322257339e-03 0.000000000000000000e+00
9.950000000000000000e+03 3.979947644819230579e-01 2.488620846609012338e-01 5.733955393718707105e-01 1.706873008648156498e-01 7.055075102412380721e-03 0.000000000000000000e+00
1.000000000000000000e+04 3.999947381727868567e-01 2.503413746017296160e-01 5.626991351843423361e-01 1.816112881201638607e-01 5.348202093764223633e-03 0.000000000000000000e+00
1.005000000000000000e+04 4.019947118636506556e-01 2.521620391442876419e-01 5.592853891670459543e-01 1.822940373236231204e-01 6.258534365043240920e-03 0.000000000000000000e+00
1.010000000000000000e+04 4.039946855545146764e-01 2.560309512972234747e-01 5.542785616750113276e-01 1.837733272644515303e-01 5.917159763313609329e-03 0.000000000000000000e+00
1.015000000000000000e+04 4.059946592453789194e-01 2.503413746017296160e-01 5.597405553026855163e-01 1.861629494765589532e-01 3.755120619025944465e-03 0.000000000000000000e+00
1.020000000000000000e+04 4.079946329362424962e-01 2.536413290851160518e-01 5.624715521165225551e-01 1.809285389167046010e-01 2.958579881656804664e-03 0.000000000000000000e+00
1.025000000000000000e+04 4.099946066271062950e-01 2.526172052799271484e-01 5.667956304050978389e-01 1.767182521620391522e-01 3.868912152935821518e-03 0.000000000000000000e+00
1.030000000000000000e+04 4.119945803179705379e-01 2.535275375512062168e-01 5.703231679563040002e-01 1.731907146108329631e-01 2.958579881656804664e-03 0.000000000000000000e+00
1.035000000000000000e+04 4.139945540088345588e-01 2.542102867546654488e-01 5.633818843878015681e-01 1.791078743741465751e-01 3.299954483386436255e-03 0.000000000000000000e+00
1.040000000000000000e+04 4.159945276996983576e-01 2.634274010013655243e-01 5.531406463359126446e-01 1.789940828402366846e-01 4.437869822485207214e-03 0.000000000000000000e+00
1.045000000000000000e+04 4.179945013905621565e-01 2.670687300864815761e-01 5.459717796995903205e-01 1.825216203914428736e-01 4.437869822485207214e-03 0.000000000000000000e+00
1.050000000000000000e+04 4.199944750814261774e-01 2.693445607646791085e-01 5.407373691397360238e-01 1.835457441966317771e-01 6.372325898953117539e-03 0.000000000000000000e+00
1.055000000000000000e+04 4.219944487722901982e-01 2.808375056895767163e-01 5.370960400546199720e-01 1.750113791533909890e-01 7.055075102412380721e-03 0.000000000000000000e+00
1.060000000000000000e+04 4.239944224631539971e-01 2.790168411470186349e-01 5.380063723258989850e-01 1.754665452890304955e-01 7.510241238051888930e-03 0.000000000000000000e+00
1.065000000000000000e+04 4.259943961540177959e-01 2.727583067819754348e-01 5.334547109695039202e-01 1.867319071461083224e-01 7.055075102412380721e-03 0.000000000000000000e+00
1.070000000000000000e+04 4.279943698448820388e-01 2.723031406463359283e-01 5.454028220300409791e-01 1.764906690942193990e-01 5.803368229403732710e-03 0.000000000000000000e+00
1.075000000000000000e+04 4.299943435357460597e-01 2.616067364588074429e-01 5.550751024123805610e-01 1.768320436959490149e-01 6.486117432862995025e-03 0.000000000000000000e+00
1.080000000000000000e+04 4.319943172266098586e-01 2.633136094674556338e-01 5.590578060992261733e-01 1.721665908056440597e-01 5.461993627674101119e-03 0.000000000000000000e+00
1.085000000000000000e+04 4.339942909174736574e-01 2.614929449248976079e-01 5.630405097860718966e-01 1.697769685935366368e-01 5.689576695493855224e-03 0.000000000000000000e+00
1.090000000000000000e+04 4.359942646083376783e-01 2.596722803823395265e-01 5.704369594902138907e-01 1.640873918980427781e-01 5.803368229403732710e-03 0.000000000000000000e+00
1.095000000000000000e+04 4.379942382992016991e-01 2.562585343650432557e-01 5.777196176604461053e-01 1.604460628129267263e-01 5.575785161583977738e-03 0.000000000000000000e+00
1.100000000000000000e+04 4.399942119900654980e-01 2.587619481110605135e-01 5.810195721438324856e-01 1.539599453800637174e-01 6.258534365043240920e-03 0.000000000000000000e+00
1.105000000000000000e+04 4.419941856809292968e-01 2.606964041875284299e-01 5.829540282203004020e-01 1.502048247610377751e-01 6.144742831133363434e-03 0.000000000000000000e+00
1.110000000000000000e+04 4.439941593717933177e-01 2.609239872553482109e-01 5.898953117888029452e-01 1.431497496586253970e-01 6.030951297223486815e-03 0.000000000000000000e+00
1.115000000000000000e+04 4.459941330626575606e-01 2.601274465179790885e-01 6.000227583067819781e-01 1.343878015475648557e-01 5.461993627674101119e-03 0.000000000000000000e+00
1.120000000000000000e+04 4.479941067535213595e-01 2.578516158397815006e-01 6.060537096040055083e-01 1.307464724624488039e-01 5.348202093764223633e-03 0.000000000000000000e+00
1.125000000000000000e+04 4.499940804443851583e-01 2.577378243058716656e-01 6.102639963586709015e-01 1.285844333181611343e-01 3.413746017296313308e-03 0.000000000000000000e+00
1.130000000000000000e+04 4.519940541352491792e-01 2.572826581702321591e-01 6.126536185707783799e-01 1.241465634956759184e-01 5.917159763313609329e-03 0.000000000000000000e+00
1.135000000000000000e+04 4.539940278261132001e-01 2.551206190259444617e-01 6.177742375967227861e-01 1.233500227583067821e-01 3.755120619025944465e-03 0.000000000000000000e+00
