# itime ezz other fcc hcp bcc ico
0.000000000000000000e+00 0.000000000000000000e+00 0.000000000000000000e+00 1.000000000000000000e+00 0.000000000000000000e+00 0.000000000000000000e+00 0.000000000000000000e+00
2.500000000000000000e+02 1.000002906797914370e-02 0.000000000000000000e+00 1.000000000000000000e+00 0.000000000000000000e+00 0.000000000000000000e+00 0.000000000000000000e+00
5.000000000000000000e+02 2.000005813595806536e-02 0.000000000000000000e+00 1.000000000000000000e+00 0.000000000000000000e+00 0.000000000000000000e+00 0.000000000000000000e+00
7.500000000000000000e+02 3.000008720393720907e-02 0.000000000000000000e+00 1.000000000000000000e+00 0.000000000000000000e+00 0.000000000000000000e+00 0.000000000000000000e+00
1.000000000000000000e+03 4.000011627191613073e-02 0.000000000000000000e+00 1.000000000000000000e+00 0.000000000000000000e+00 0.000000000000000000e+00 0.000000000000000000e+00
1.250000000000000000e+03 5.000014533989527443e-02 0.000000000000000000e+00 1.000000000000000000e+00 0.000000000000000000e+00 0.000000000000000000e+00 0.000000000000000000e+00
1.500000000000000000e+03 6.000017440787419609e-02 0.000000000000000000e+00 1.000000000000000000e+00 0.000000000000000000e+00 0.000000000000000000e+00 0.000000000000000000e+00
1.750000000000000000e+03 7.000020347585333980e-02 0.000000000000000000e+00 1.000000000000000000e+00 0.000000000000000000e+00 0.000000000000000000e+00 0.000000000000000000e+00
2.000000000000000000e+03 8.000023254383248350e-02 1.137915339098771066e-04 9.998862084660901095e-01 0.000000000000000000e+00 0.000000000000000000e+00 0.000000000000000000e+00
2.250000000000000000e+03 9.000026161181140516e-02 1.934456076467910759e-03 9.980655439235320836e-01 0.000000000000000000e+00 0.000000000000000000e+00 0.000000000000000000e+00
2.500000000000000000e+03 1.000002906797905489e-01 2.048247610377787811e-03 9.979517523896221931e-01 0.000000000000000000e+00 0.000000000000000000e+00 0.000000000000000000e+00
2.750000000000000000e+03 1.100003197477694705e-01 1.149294492489758707e-02 9.882794720072826111e-01 0.000000000000000000e+00 2.275830678197542133e-04 0.000000000000000000e+00
3.000000000000000000e+03 1.200003488157486142e-01 8.215748748293126569e-02 8.651570323167956378e-01 0.000000000000000000e+00 5.268548020027309653e-02 0.000000000000000000e+00
3.250000000000000000e+03 1.300003778837275359e-01 3.944014565316340537e-01 1.540737369139736079e-01 0.000000000000000000e+00 4.515248065543923661e-01 0.000000000000000000e+00
3.500000000000000000e+03 1.400004069517066796e-01 4.538006372325898985e-01 2.058488848429676776e-01 1.999317250796540657e-01 1.404187528447883582e-01 0.000000000000000000e+00
3.750000000000000000e+03 1.500004360196858233e-01 3.668639053254437732e-01 2.692307692307692180e-01 2.971096950386891145e-01 6.679563040509786664e-02 0.000000000000000000e+00
4.000000000000000000e+03 1.600004650876647450e-01 3.854119253527537592e-01 2.660446062812926726e-01 2.834547109695038647e-01 6.508875739644970349e-02 0.000000000000000000e+00
4.250000000000000000e+03 1.700004941556438887e-01 4.053254437869822646e-01 2.429449248975876219e-01 2.617205279927173334e-01 9.000910332271279402e-02 0.000000000000000000e+00
4.500000000000000000e+03 1.800005232236228103e-01 4.132908511606736557e-01 2.451069640418752915e-01 2.745789713245334607e-01 6.702321347291761988e-02 0.000000000000000000e+00
4.750000000000000000e+03 1.900005522916019540e-01 4.143149749658625591e-01 2.631998179335457433e-01 2.658170232134728916e-01 5.666818388711879900e-02 0.000000000000000000e+00
5.000000000000000000e+03 2.000005813595808757e-01 3.966772872098315861e-01 3.001820664542558248e-01 2.560309512972234747e-01 4.710969503868912139e-02 0.000000000000000000e+00
5.250000000000000000e+03 2.100006104275600194e-01 3.796085571233500100e-01 3.516158397815202785e-01 2.366863905325443662e-01 3.208921256258534527e-02 0.000000000000000000e+00
5.500000000000000000e+03 2.200006394955389410e-01 3.476331360946745552e-01 3.882567137005006885e-01 2.490896677287209870e-01 1.502048247610377786e-02 0.000000000000000000e+00
5.750000000000000000e+03 2.300006685635180848e-01 3.149749658625398130e-01 4.045289030496130867e-01 2.670687300864815761e-01 1.342740100136549826e-02 0.000000000000000000e+00
6.000000000000000000e+03 2.400006976314972285e-01 2.935821574874829532e-01 4.352526172052799125e-01 2.619481110605371144e-01 9.217114246700046018e-03 0.000000000000000000e+00
6.250000000000000000e+03 2.500007266994761501e-01 2.956304050978607045e-01 4.360491579426490905e-01 2.604688211197087044e-01 7.851615839781519654e-03 0.000000000000000000e+00
6.500000000000000000e+03 2.600007557674552938e-01 3.002958579881656598e-01 4.275147928994083024e-01 2.644515248065543722e-01 7.737824305871643035e-03 0.000000000000000000e+00
6.750000000000000000e+03 2.700007848354342155e-01 3.000682749203459343e-01 4.235320892125625791e-01 2.670687300864815761e-01 9.330905780609922637e-03 0.000000000000000000e+00
7.000000000000000000e+03 2.800008139034133592e-01 3.022303140646335762e-01 4.162494310423304755e-01 2.738962221210741732e-01 7.624032771961766417e-03 0.000000000000000000e+00
7.250000000000000000e+03 2.900008429713922808e-01 3.073509330905780379e-01 4.140873918980427781e-01 2.703686845698680119e-01 8.192990441511151245e-03 0.000000000000000000e+00
7.500000000000000000e+03 3.000008720393714245e-01 3.147473827947200875e-01 4.184114701866181174e-01 2.560309512972234747e-01 1.081019572143832562e-02 0.000000000000000000e+00
7.750000000000000000e+03 3.100009011073505683e-01 3.144060081929904160e-01 4.334319526627218866e-01 2.407828857532999522e-01 1.137915339098771045e-02 0.000000000000000000e+00
8.000000000000000000e+03 3.200009301753294899e-01 3.219162494310423561e-01 4.425352753755120716e-01 2.245106964041875264e-01 1.103777878925807886e-02 0.000000000000000000e+00
8.250000000000000000e+03 3.300009592433086336e-01 3.312471552116522666e-01 4.336595357305416676e-01 2.232589895311788697e-01 1.183431952662721866e-02 0.000000000000000000e+00
8.500000000000000000e+03 3.400009883112875553e-01 3.381884387801547542e-01 4.294492489758762188e-01 2.226900318616295005e-01 9.672280382339554228e-03 0.000000000000000000e+00
8.750000000000000000e+03 3.500010173792666990e-01 3.582157487482931502e-01 4.006599908966773094e-01 2.292899408284023721e-01 1.183431952662721866e-02 0.000000000000000000e+00
9.000000000000000000e+03 3.600010464472456206e-01 3.748293126991351643e-01 3.775603095129722586e-01 2.365725989986345035e-01 1.103777878925807886e-02 0.000000000000000000e+00
9.250000000000000000e+03 3.700010755152247643e-01 3.825671370050068298e-01 3.673190714610832797e-01 2.390760127446517891e-01 1.103777878925807886e-02 0.000000000000000000e+00
9.500000000000000000e+03 3.800011045832039080e-01 3.858670914883932657e-01 3.639053254437870089e-01 2.379380974055530229e-01 1.228948566226672687e-02 0.000000000000000000e+00
9.750000000000000000e+03 3.900011336511830518e-01 4.046426945835229771e-01 3.487710514337733492e-01 2.344105598543468338e-01 1.217569412835685025e-02 0.000000000000000000e+00
1.000000000000000000e+04 4.000011627191619734e-01 3.941738734638142727e-01 3.668639053254437732e-01 2.266727355484751960e-01 1.228948566226672687e-02 0.000000000000000000e+00
1.025000000000000000e+04 4.100011917871411171e-01 3.840464269458352398e-01 3.850705507510241432e-01 2.193900773782430647e-01 1.149294492489758707e-02 0.000000000000000000e+00
1.050000000000000000e+04 4.200012208551200388e-01 3.814292216659080359e-01 4.011151570323168158e-01 2.044833864360491582e-01 1.297223486572599005e-02 0.000000000000000000e+00
1.075000000000000000e+04 4.300012499230991825e-01 3.739189804278561513e-01 4.325216203914428736e-01 1.818388711879836139e-01 1.172052799271734204e-02 0.000000000000000000e+00
1.100000000000000000e+04 4.400012789910783262e-01 3.684569868001820736e-01 4.519799726900318726e-01 1.679563040509786109e-01 1.160673645880746542e-02 0.000000000000000000e+00
1.125000000000000000e+04 4.500013080590572478e-01 3.345471096950387024e-01 4.806554392353208915e-01 1.728493400091033194e-01 1.194811106053709528e-02 0.000000000000000000e+00
1.150000000000000000e+04 4.600013371270363915e-01 3.116750113791533772e-01 4.970414201183431802e-01 1.811561219845243542e-01 1.012744651797906244e-02 0.000000000000000000e+00
1.175000000000000000e+04 4.700013661950153132e-01 3.024578971324533572e-01 5.029585798816568198e-01 1.858215748748293095e-01 8.761948111060537808e-03 0.000000000000000000e+00
1.200000000000000000e+04 4.800013952629944569e-01 3.063268092853891900e-01 4.943104233045061413e-01 1.906008192990441552e-01 8.761948111060537808e-03 0.000000000000000000e+00
1.225000000000000000e+04 4.900014243309733786e-01 3.089440145653163383e-01 4.815657715065999045e-01 2.014110150204824756e-01 8.079198907601274626e-03 0.000000000000000000e+00
1.250000000000000000e+04 5.000014533989525223e-01 3.166818388711880039e-01 4.774692762858443462e-01 1.972007282658170269e-01 8.648156577150659455e-03 0.000000000000000000e+00
1.275000000000000000e+04 5.100014824669316660e-01 3.167956304050978389e-01 4.807692307692307820e-01 1.968593536640873831e-01 5.575785161583977738e-03 0.000000000000000000e+00
1.300000000000000000e+04 5.200015115349105876e-01 3.124715521165225551e-01 4.806554392353208915e-01 2.030040964952207483e-01 3.868912152935821518e-03 0.000000000000000000e+00
1.325000000000000000e+04 5.300015406028897313e-01 3.096267637687756258e-01 4.610832954028220576e-01 2.223486572598998567e-01 6.941283568502503235e-03 0.000000000000000000e+00
1.350000000000000000e+04 5.400015696708686530e-01 3.177059626763768518e-01 4.568730086481565533e-01 2.192762858443331742e-01 6.144742831133363434e-03 0.000000000000000000e+00
1.375000000000000000e+04 5.500015987388477967e-01 3.182749203459262488e-01 4.457214383249886169e-01 2.284934000910332219e-01 7.510241238051888930e-03 0.000000000000000000e+00
1.400000000000000000e+04 5.600016278068267184e-01 3.293126991351843502e-01 4.358215748748293095e-01 2.288347746927628656e-01 6.030951297223486815e-03 0.000000000000000000e+00
1.425000000000000000e+04 5.700016568748058621e-01 3.433090578060992160e-01 4.373008648156577194e-01 2.111970869367319203e-01 8.192990441511151245e-03 0.000000000000000000e+00
1.450000000000000000e+04 5.800016859427850058e-01 3.442193900773782289e-01 4.413973600364132777e-01 2.076695493855257035e-01 6.713700500682749130e-03 0.000000000000000000e+00
1.475000000000000000e+04 5.900017150107639274e-01 3.365953573054164538e-01 4.489076012744651623e-01 2.082385070550751005e-01 6.258534365043240920e-03 0.000000000000000000e+00
1.500000000000000000e+04 6.000017440787430711e-01 3.317023213472917731e-01 4.624487938097405770e-01 1.937869822485207005e-01 1.194811106053709528e-02 1.137915339098771066e-04
1.525000000000000000e+04 6.100017731467219928e-01 3.474055530268548297e-01 4.375284478834774449e-01 2.063040509786071841e-01 8.761948111060537808e-03 0.000000000000000000e+00
1.550000000000000000e+04 6.200018022147011365e-01 3.417159763313609711e-01 4.532316795630405015e-01 1.959490213928083702e-01 9.103322712790167665e-03 0.000000000000000000e+00
1.575000000000000000e+04 6.300018312826800582e-01 3.318161128812016636e-01 4.712107419208010906e-01 1.865043240782885692e-01 1.046882111970869403e-02 0.000000000000000000e+00
1.600000000000000000e+04 6.400018603506592019e-01 3.370505234410559603e-01 4.799726900318616041e-01 1.730769230769230727e-01 9.899863450159307465e-03 0.000000000000000000e+00
1.625000000000000000e+04 6.500018894186383456e-01 3.253299954483386269e-01 5.098998634501593630e-01 1.581702321347291662e-01 6.599908966772872511e-03 0.000000000000000000e+00
1.650000000000000000e+04 6.600019184866172672e-01 3.076923076923077094e-01 5.262858443331815961e-01 1.583978152025489194e-01 7.624032771961766417e-03 0.000000000000000000e+00
1.675000000000000000e+04 6.700019475545964109e-01 3.115612198452434867e-01 5.203686845698679564e-01 1.596495220755575761e-01 8.420573509330906217e-03 0.000000000000000000e+00
1.700000000000000000e+04 6.800019766225753326e-01 3.076923076923077094e-01 5.237824305871643382e-01 1.597633136094674666e-01 8.761948111060537808e-03 0.000000000000000000e+00
1.725000000000000000e+04 6.900020056905544763e-01 3.128129267182521711e-01 5.245789713245334607e-01 1.535047792444242110e-01 9.103322712790167665e-03 0.000000000000000000e+00
1.750000000000000000e+04 7.000020347585333980e-01 3.167956304050978389e-01 5.229858898497952158e-01 1.500910332271279124e-01 1.012744651797906244e-02 0.000000000000000000e+00
1.775000000000000000e+04 7.100020638265125417e-01 3.169094219390077294e-01 5.355029585798816161e-01 1.391670459717797015e-01 8.420573509330906217e-03 0.000000000000000000e+00
1.800000000000000000e+04 7.200020928944914633e-01 3.227127901684114786e-01 5.463131543013199920e-01 1.248293126991351781e-01 6.144742831133363434e-03 0.000000000000000000e+00
1.825000000000000000e+04 7.300021219624706070e-01 3.088302230314064478e-01 5.810195721438324856e-01 1.036640873918980438e-01 6.486117432862995025e-03 0.000000000000000000e+00
1.850000000000000000e+04 7.400021510304497507e-01 3.073509330905780379e-01 5.834091943559399640e-01 1.021847974510696339e-01 7.055075102412380721e-03 0.000000000000000000e+00
1.875000000000000000e+04 7.500021800984286724e-01 2.996131087847064278e-01 6.011606736458807720e-01 9.387801547564861293e-02 5.348202093764223633e-03 0.000000000000000000e+00
1.900000000000000000e+04 7.600022091664078161e-01 2.954028220300409791e-01 6.062812926718251783e-01 9.353664087391898307e-02 4.779244424214838804e-03 0.000000000000000000e+00
1.925000000000000000e+04 7.700022382343867378e-01 2.999544833864360438e-01 6.011606736458807720e-01 9.433318161128811941e-02 4.551661356395083832e-03 0.000000000000000000e+00
1.950000000000000000e+04 7.800022673023658815e-01 2.891442876649977234e-01 6.145880746472462963e-01 9.103322712790168358e-02 5.234410559854347014e-03 0.000000000000000000e+00
1.975000000000000000e+04 7.900022963703448031e-01 2.843650432407828776e-01 6.117432862994993670e-01 1.000227583067819781e-01 3.868912152935821518e-03 0.000000000000000000e+00
2.000000000000000000e+04 8.000023254383239468e-01 2.815202548930359483e-01 5.933090578060992160e-01 1.197086936731907164e-01 5.461993627674101119e-03 0.000000000000000000e+00
2.025000000000000000e+04 8.100023545063030905e-01 2.851615839781520001e-01 5.848884842967683184e-01 1.257396449704142050e-01 4.210286754665453109e-03 0.000000000000000000e+00
2.050000000000000000e+04 8.200023835742820122e-01 2.849340009103322746e-01 5.752162039144287364e-01 1.317705962676376796e-01 8.079198907601274626e-03 0.000000000000000000e+00
2.075000000000000000e+04 8.300024126422611559e-01 2.766272189349112676e-01 5.804506144742831442e-01 1.360946745562130189e-01 6.827492034592626616e-03 0.000000000000000000e+00
2.100000000000000000e+04 8.400024417102400776e-01 2.823167956304050707e-01 5.772644515248065433e-01 1.339326354119253493e-01 6.486117432862995025e-03 0.000000000000000000e+00
2.125000000000000000e+04 8.500024707782192213e-01 2.834547109695038647e-01 5.791989076012744597e-01 1.306326809285389134e-01 6.713700500682749130e-03 0.000000000000000000e+00
2.150000000000000000e+04 8.600024998461981429e-01 2.870960400546199165e-01 5.764679107874374209e-01 1.298361401911697632e-01 6.599908966772872511e-03 0.000000000000000000e+00
2.175000000000000000e+04 8.700025289141772866e-01 2.816340464269458388e-01 6.248293126991352198e-01 8.807464724624487762e-02 5.461993627674101119e-03 0.000000000000000000e+00
2.200000000000000000e+04 8.800025579821564303e-01 2.745789713245334607e-01 6.368912152935821691e-01 8.318161128812016913e-02 5.348202093764223633e-03 0.000000000000000000e+00
2.225000000000000000e+04 8.900025870501353520e-01 2.505689576695493970e-01 6.376877560309512916e-01 1.078743741465634925e-01 3.868912152935821518e-03 0.000000000000000000e+00
2.250000000000000000e+04 9.000026161181144957e-01 2.505689576695493970e-01 6.406463359126081114e-01 1.048020027309968100e-01 3.982703686845699004e-03 0.000000000000000000e+00
2.275000000000000000e+04 9.100026451860934174e-01 2.515930814747383004e-01 6.338188438780154588e-01 1.114019116977696816e-01 3.186162949476558769e-03 0.000000000000000000e+00
2.300000000000000000e+04 9.200026742540725611e-01 2.488620846609012338e-01 6.203914428766499345e-01 1.266499772416932179e-01 4.096495220755575623e-03 0.000000000000000000e+00
2.325000000000000000e+04 9.300027033220514827e-01 2.432862994993172379e-01 6.206190259444697155e-01 1.327947200728265831e-01 3.299954483386436255e-03 0.000000000000000000e+00
2.350000000000000000e+04 9.400027323900306264e-01 2.496586253982703563e-01 6.177742375967227861e-01 1.308602639963586667e-01 1.706873008648156654e-03 0.000000000000000000e+00
2.375000000000000000e+04 9.500027614580097701e-01 2.553482020937642427e-01 6.190259444697314706e-01 1.231224396904870289e-01 2.503413746017296455e-03 0.000000000000000000e+00
2.400000000000000000e+04 9.600027905259886918e-01 2.506827492034592875e-01 6.686390532544378429e-01 7.669549385525717411e-02 3.982703686845699004e-03 0.000000000000000000e+00
2.425000000000000000e+04 9.700028195939678355e-01 2.578516158397815006e-01 6.523668639053253893e-01 8.739189804278561791e-02 2.389622212107419402e-03 0.000000000000000000e+00
2.450000000000000000e+04 9.800028486619467571e-01 2.686618115612198210e-01 6.430359581247154788e-01 8.670914883932635819e-02 1.593081474738279385e-03 0.000000000000000000e+00
2.475000000000000000e+04 9.900028777299259009e-01 2.624032771961766208e-01 6.593081474738279324e-01 7.453345471096950448e-02 3.755120619025944465e-03 0.000000000000000000e+00
2.500000000000000000e+04 1.000002906797905045e+00 2.653618570778333852e-01 6.519116977696859383e-01 8.067819754210286964e-02 2.048247610377787811e-03 0.000000000000000000e+00
