# itime ezz other fcc hcp bcc ico
0.000000000000000000e+00 0.000000000000000000e+00 0.000000000000000000e+00 1.000000000000000000e+00 0.000000000000000000e+00 0.000000000000000000e+00 0.000000000000000000e+00
2.500000000000000000e+02 1.000003329309495648e-02 0.000000000000000000e+00 1.000000000000000000e+00 0.000000000000000000e+00 0.000000000000000000e+00 0.000000000000000000e+00
5.000000000000000000e+02 2.000006658619013500e-02 0.000000000000000000e+00 1.000000000000000000e+00 0.000000000000000000e+00 0.000000000000000000e+00 0.000000000000000000e+00
7.500000000000000000e+02 3.000009987928509148e-02 0.000000000000000000e+00 1.000000000000000000e+00 0.000000000000000000e+00 0.000000000000000000e+00 0.000000000000000000e+00
1.000000000000000000e+03 4.000013317238004795e-02 0.000000000000000000e+00 1.000000000000000000e+00 0.000000000000000000e+00 0.000000000000000000e+00 0.000000000000000000e+00
1.250000000000000000e+03 5.000016646547500443e-02 0.000000000000000000e+00 1.000000000000000000e+00 0.000000000000000000e+00 0.000000000000000000e+00 0.000000000000000000e+00
1.500000000000000000e+03 6.000019975857018295e-02 0.000000000000000000e+00 1.000000000000000000e+00 0.000000000000000000e+00 0.000000000000000000e+00 0.000000000000000000e+00
1.750000000000000000e+03 7.000023305166513943e-02 2.275830678197542133e-04 9.996586253982703285e-01 0.000000000000000000e+00 1.137915339098771066e-04 0.000000000000000000e+00
2.000000000000000000e+03 8.000026634476009590e-02 6.827492034592626399e-04 9.993172507965407680e-01 0.000000000000000000e+00 0.000000000000000000e+00 0.000000000000000000e+00
2.250000000000000000e+03 9.000029963785505238e-02 4.551661356395084266e-04 9.994310423304506585e-01 0.000000000000000000e+00 1.137915339098771066e-04 0.000000000000000000e+00
2.500000000000000000e+03 1.000003329309502309e-01 1.365498406918525280e-03 9.985207100591716456e-01 0.000000000000000000e+00 1.137915339098771066e-04 0.000000000000000000e+00
2.750000000000000000e+03 1.100003662240451874e-01 6.713700500682749130e-03 9.928311333636777869e-01 0.000000000000000000e+00 4.551661356395084266e-04 0.000000000000000000e+00
3.000000000000000000e+03 1.200003995171401439e-01 5.257168866636321991e-02 9.259217114246700575e-01 0.000000000000000000e+00 2.150659990896677115e-02 0.000000000000000000e+00
3.250000000000000000e+03 1.300004328102351003e-01 3.544606281292672079e-01 1.818388711879836139e-01 1.581702321347291593e-02 4.478834774692762588e-01 0.000000000000000000e+00
3.500000000000000000e+03 1.400004661033302789e-01 3.741465634956759323e-01 2.740100136549840637e-01 1.742148384160218388e-01 1.776285844333181652e-01 0.000000000000000000e+00
3.750000000000000000e+03 1.500004993964252353e-01 3.813154301319982009e-01 3.024578971324533572e-01 2.020937642239417353e-01 1.141329085116067343e-01 0.000000000000000000e+00
4.000000000000000000e+03 1.600005326895201918e-01 3.939462903959945472e-01 3.124715521165225551e-01 2.050523441055985552e-01 8.852981338188438409e-02 0.000000000000000000e+00
4.250000000000000000e+03 1.700005659826151483e-01 3.851843422849339782e-01 3.311333636777423761e-01 1.898042785616750050e-01 9.387801547564861293e-02 0.000000000000000000e+00
4.500000000000000000e+03 1.800005992757103268e-01 3.752844788347746707e-01 3.387573964497041512e-01 1.893491124260354985e-01 9.660901228948566566e-02 0.000000000000000000e+00
4.750000000000000000e+03 1.900006325688052833e-01 3.652708238507055283e-01 3.418297678652708060e-01 1.901456531634046487e-01 1.027537551206190308e-01 0.000000000000000000e+00
5.000000000000000000e+03 2.000006658619002398e-01 3.690259444697314706e-01 3.412608101957214646e-01 1.850250341374601593e-01 1.046882111970869333e-01 0.000000000000000000e+00
5.250000000000000000e+03 2.100006991549951962e-01 3.653846153846153633e-01 3.216886663632225751e-01 2.066454255803368278e-01 1.062812926718252199e-01 0.000000000000000000e+00
5.500000000000000000e+03 2.200007324480903748e-01 3.471779699590350488e-01 3.311333636777423761e-01 2.485207100591715901e-01 7.316795630405098505e-02 0.000000000000000000e+00
5.750000000000000000e+03 2.300007657411853312e-01 3.180473372781065233e-01 3.771051433773327521e-01 2.627446517979062368e-01 4.210286754665452935e-02 0.000000000000000000e+00
6.000000000000000000e+03 2.400007990342802877e-01 2.504551661356395065e-01 5.211652253072371899e-01 2.010696404187528319e-01 2.730996813837050646e-02 0.000000000000000000e+00
6.250000000000000000e+03 2.500008323273752442e-01 1.877560309512972259e-01 6.612426035502958488e-01 1.381429221665907980e-01 1.285844333181611343e-02 0.000000000000000000e+00
6.500000000000000000e+03 2.600008656204704227e-01 1.545289030496131144e-01 7.382794720072826111e-01 1.017296313154301274e-01 5.461993627674101119e-03 0.000000000000000000e+00
6.750000000000000000e+03 2.700008989135653792e-01 1.283568502503413811e-01 7.721893491124259823e-01 9.478834774692762588e-02 4.665452890304961318e-03 0.000000000000000000e+00
7.000000000000000000e+03 2.800009322066603357e-01 1.199362767410104696e-01 7.840236686390532617e-01 9.308147473827947660e-02 2.958579881656804664e-03 0.000000000000000000e+00
7.250000000000000000e+03 2.900009654997552921e-01 1.240327719617660418e-01 7.822030040964952358e-01 9.194355939918069653e-02 1.820664542558033706e-03 0.000000000000000000e+00
7.500000000000000000e+03 3.000009987928504707e-01 1.232362312243969055e-01 7.696859353664087244e-01 1.050295857988165632e-01 2.048247610377787811e-03 0.000000000000000000e+00
7.750000000000000000e+03 3.100010320859454271e-01 1.260810195721438209e-01 7.553482020937641872e-01 1.157259899863450209e-01 2.844788347746927612e-03 0.000000000000000000e+00
8.000000000000000000e+03 3.200010653790403836e-01 1.362084660901228816e-01 6.927628584433318526e-01 1.686390532544378706e-01 2.389622212107419402e-03 0.000000000000000000e+00
8.250000000000000000e+03 3.300010986721353401e-01 1.417842512517068776e-01 6.877560309512972259e-01 1.680700955848884737e-01 2.389622212107419402e-03 0.000000000000000000e+00
8.500000000000000000e+03 3.400011319652305186e-01 1.495220755575785154e-01 6.744424214838415921e-01 1.736458807464724696e-01 2.389622212107419402e-03 0.000000000000000000e+00
8.750000000000000000e+03 3.500011652583254751e-01 1.721665908056440597e-01 6.447428311333637252e-01 1.804733727810650945e-01 2.617205279927173507e-03 0.000000000000000000e+00
9.000000000000000000e+03 3.600011985514204316e-01 1.902594446973145115e-01 6.378015475648611821e-01 1.671597633136094607e-01 4.779244424214838804e-03 0.000000000000000000e+00
9.250000000000000000e+03 3.700012318445156101e-01 2.057350933090578149e-01 6.324533454710969949e-01 1.571461083295402905e-01 4.665452890304961318e-03 0.000000000000000000e+00
9.500000000000000000e+03 3.800012651376105666e-01 2.331588529813381772e-01 6.145880746472462963e-01 1.429221665908056438e-01 9.330905780609922637e-03 0.000000000000000000e+00
9.750000000000000000e+03 3.900012984307055230e-01 2.504551661356395065e-01 6.041192535275375919e-01 1.382567137005006885e-01 7.168866636322257339e-03 0.000000000000000000e+00
1.000000000000000000e+04 4.000013317238004795e-01 2.503413746017296160e-01 5.626991351843423361e-01 1.816112881201638607e-01 5.348202093764223633e-03 0.000000000000000000e+00
1.025000000000000000e+04 4.100013650168956580e-01 2.526172052799271484e-01 5.667956304050978389e-01 1.767182521620391522e-01 3.868912152935821518e-03 0.000000000000000000e+00
1.050000000000000000e+04 4.200013983099906145e-01 2.693445607646791085e-01 5.407373691397360238e-01 1.835457441966317771e-01 6.372325898953117539e-03 0.000000000000000000e+00
1.075000000000000000e+04 4.300014316030855710e-01 2.616067364588074429e-01 5.550751024123805610e-01 1.768320436959490149e-01 6.486117432862995025e-03 0.000000000000000000e+00
1.100000000000000000e+04 4.400014648961805275e-01 2.587619481110605135e-01 5.810195721438324856e-01 1.539599453800637174e-01 6.258534365043240920e-03 0.000000000000000000e+00
1.125000000000000000e+04 4.500014981892757060e-01 2.577378243058716656e-01 6.102639963586709015e-01 1.285844333181611343e-01 3.413746017296313308e-03 0.000000000000000000e+00
1.150000000000000000e+04 4.600015314823706625e-01 2.558033682294037492e-01 6.187983614019116896e-01 1.205052344105598527e-01 4.893035958124715423e-03 0.000000000000000000e+00
1.175000000000000000e+04 4.700015647754656190e-01 2.542102867546654488e-01 6.294947655894401750e-01 1.128812016385980915e-01 3.413746017296313308e-03 0.000000000000000000e+00
1.200000000000000000e+04 4.800015980685605754e-01 2.564861174328629811e-01 6.267637687756031362e-01 1.112881201638598050e-01 5.461993627674101119e-03 0.000000000000000000e+00
1.225000000000000000e+04 4.900016313616557539e-01 2.620619025944469493e-01 6.219845243513882904e-01 1.111743286299499284e-01 4.779244424214838804e-03 0.000000000000000000e+00
1.250000000000000000e+04 5.000016646547507104e-01 2.553482020937642427e-01 6.434911242603550408e-01 9.717796995903504875e-02 3.982703686845699004e-03 0.000000000000000000e+00
1.275000000000000000e+04 5.100016979478456669e-01 2.546654528903049552e-01 6.413290851160673434e-01 1.003641329085116080e-01 3.641329085116067413e-03 0.000000000000000000e+00
1.300000000000000000e+04 5.200017312409406234e-01 2.562585343650432557e-01 6.420118343195265753e-01 9.877105143377332142e-02 2.958579881656804664e-03 0.000000000000000000e+00
1.325000000000000000e+04 5.300017645340358019e-01 2.567137005006827621e-01 6.416704597177970149e-01 9.911242603550296515e-02 2.503413746017296455e-03 0.000000000000000000e+00
1.350000000000000000e+04 5.400017978271307584e-01 2.517068730086481354e-01 6.469048702776513116e-01 9.751934456076467861e-02 3.868912152935821518e-03 0.000000000000000000e+00
1.375000000000000000e+04 5.500018311202257149e-01 2.514792899408284099e-01 6.466772872098316416e-01 9.683659535730541890e-02 5.006827492034592909e-03 0.000000000000000000e+00
1.400000000000000000e+04 5.600018644133206713e-01 2.592171142467000200e-01 6.430359581247154788e-01 9.456076467910787264e-02 3.186162949476558769e-03 0.000000000000000000e+00
1.425000000000000000e+04 5.700018977064158499e-01 2.659308147473827821e-01 6.334774692762858983e-01 9.615384615384615918e-02 4.437869822485207214e-03 0.000000000000000000e+00
1.450000000000000000e+04 5.800019309995108063e-01 2.770823850705507740e-01 6.070778334091943007e-01 1.107191624943104219e-01 5.120619025944469528e-03 0.000000000000000000e+00
1.475000000000000000e+04 5.900019642926057628e-01 3.154301319981793195e-01 5.286754665452890745e-01 1.469048702776513393e-01 8.989531178880291046e-03 0.000000000000000000e+00
1.500000000000000000e+04 6.000019975857007193e-01 3.276058261265361593e-01 4.934000910332271284e-01 1.719390077378243065e-01 7.055075102412380721e-03 0.000000000000000000e+00
1.525000000000000000e+04 6.100020308787958978e-01 3.214610832954028496e-01 5.053482020937641872e-01 1.651115157032316816e-01 8.079198907601274626e-03 0.000000000000000000e+00
1.550000000000000000e+04 6.200020641718908543e-01 3.205507510241237812e-01 5.364132908511606290e-01 1.348429676832043622e-01 8.192990441511151245e-03 0.000000000000000000e+00
1.575000000000000000e+04 6.300020974649858108e-01 3.042785616750113831e-01 5.629267182521620061e-01 1.263086026399635742e-01 6.486117432862995025e-03 0.000000000000000000e+00
1.600000000000000000e+04 6.400021307580807672e-01 2.852753755120618906e-01 5.993400091033227461e-01 1.096950386891215323e-01 5.689576695493855224e-03 0.000000000000000000e+00
1.625000000000000000e+04 6.500021640511759458e-01 2.768548020027309930e-01 5.954710969503869133e-01 1.228948566226672756e-01 4.779244424214838804e-03 0.000000000000000000e+00
1.650000000000000000e+04 6.600021973442709022e-01 2.594446973145198010e-01 5.884160218479744797e-01 1.461083295402822169e-01 6.030951297223486815e-03 0.000000000000000000e+00
1.675000000000000000e+04 6.700022306373658587e-01 2.529585798816568198e-01 5.854574419663176599e-01 1.590805644060081792e-01 2.503413746017296455e-03 0.000000000000000000e+00
1.700000000000000000e+04 6.800022639304608152e-01 2.507965407373691225e-01 5.870505234410560158e-01 1.595357305416477134e-01 2.617205279927173507e-03 0.000000000000000000e+00
1.725000000000000000e+04 6.900022972235559937e-01 2.456759217114246607e-01 5.962676376877560358e-01 1.557806099226217433e-01 2.275830678197541916e-03 0.000000000000000000e+00
1.750000000000000000e+04 7.000023305166509502e-01 2.498862084660901095e-01 5.927401001365498745e-01 1.549840691852526209e-01 2.389622212107419402e-03 0.000000000000000000e+00
1.775000000000000000e+04 7.100023638097459067e-01 2.628584433318161273e-01 6.083295402822029851e-01 1.241465634956759184e-01 4.665452890304961318e-03 0.000000000000000000e+00
1.800000000000000000e+04 7.200023971028410852e-01 2.684342284934000955e-01 6.396222121074192080e-01 8.705052344105598805e-02 4.893035958124715423e-03 0.000000000000000000e+00
1.825000000000000000e+04 7.300024303959360417e-01 2.398725534820209393e-01 6.981110605370960398e-01 6.042330450614474130e-02 1.593081474738279385e-03 0.000000000000000000e+00
1.850000000000000000e+04 7.400024636890309981e-01 2.366863905325443662e-01 6.898042785616750328e-01 7.157487482931269851e-02 1.934456076467910759e-03 0.000000000000000000e+00
1.875000000000000000e+04 7.500024969821259546e-01 2.355484751934456000e-01 6.936731907146108655e-01 6.941283568502502888e-02 1.365498406918525280e-03 0.000000000000000000e+00
1.900000000000000000e+04 7.600025302752211331e-01 2.369139736003641195e-01 6.875284478834774449e-01 7.385070550751024476e-02 1.706873008648156654e-03 0.000000000000000000e+00
1.925000000000000000e+04 7.700025635683160896e-01 2.370277651342740100e-01 6.850250341374601870e-01 7.612653618570777714e-02 1.820664542558033706e-03 0.000000000000000000e+00
1.950000000000000000e+04 7.800025968614110461e-01 2.480655439235320836e-01 6.367774237596722786e-01 1.132225762403277214e-01 1.934456076467910759e-03 0.000000000000000000e+00
1.975000000000000000e+04 7.900026301545060026e-01 2.576240327719617751e-01 6.009330905780609910e-01 1.395084205735093175e-01 1.934456076467910759e-03 0.000000000000000000e+00
2.000000000000000000e+04 8.000026634476011811e-01 2.796995903504779224e-01 5.663404642694583879e-01 1.510013654984069253e-01 2.958579881656804664e-03 0.000000000000000000e+00
2.025000000000000000e+04 8.100026967406961376e-01 2.801547564861174289e-01 6.048020027309968238e-01 1.103777878925807920e-01 4.665452890304961318e-03 0.000000000000000000e+00
2.050000000000000000e+04 8.200027300337910940e-01 2.778789258079198965e-01 6.605598543468366168e-01 5.791989076012744875e-02 3.641329085116067413e-03 0.000000000000000000e+00
2.075000000000000000e+04 8.300027633268860505e-01 2.849340009103322746e-01 6.429221665908056993e-01 7.020937642239417908e-02 1.934456076467910759e-03 0.000000000000000000e+00
2.100000000000000000e+04 8.400027966199812290e-01 2.749203459262630767e-01 6.185707783340919086e-01 1.040054619936276736e-01 2.503413746017296455e-03 0.000000000000000000e+00
2.125000000000000000e+04 8.500028299130761855e-01 2.816340464269458388e-01 5.865953573054164538e-01 1.291533909877105035e-01 2.617205279927173507e-03 0.000000000000000000e+00
2.150000000000000000e+04 8.600028632061711420e-01 2.782203004096495125e-01 5.802230314064633632e-01 1.380291306326809353e-01 3.527537551206190360e-03 0.000000000000000000e+00
2.175000000000000000e+04 8.700028964992660985e-01 2.649066909421938787e-01 5.745334547109695045e-01 1.578288575329995502e-01 2.730996813837050560e-03 0.000000000000000000e+00
2.200000000000000000e+04 8.800029297923612770e-01 2.583067819754210070e-01 5.733955393718707105e-01 1.648839326354119283e-01 3.413746017296313308e-03 0.000000000000000000e+00
2.225000000000000000e+04 8.900029630854562335e-01 2.539827036868457233e-01 5.791989076012744597e-01 1.637460172963131622e-01 3.072371415566681717e-03 0.000000000000000000e+00
2.250000000000000000e+04 9.000029963785511899e-01 2.526172052799271484e-01 5.883022303140645892e-01 1.570323167956304000e-01 2.048247610377787811e-03 0.000000000000000000e+00
2.275000000000000000e+04 9.100030296716461464e-01 2.501137915339098905e-01 6.004779244424214291e-01 1.455393718707328199e-01 3.868912152935821518e-03 0.000000000000000000e+00
2.300000000000000000e+04 9.200030629647413249e-01 2.378243058716431602e-01 6.255120619025944517e-01 1.338188438780154865e-01 2.844788347746927612e-03 0.000000000000000000e+00
2.325000000000000000e+04 9.300030962578362814e-01 2.420345926263086089e-01 6.051433773327264953e-01 1.504324078288575284e-01 2.389622212107419402e-03 0.000000000000000000e+00
2.350000000000000000e+04 9.400031295509312379e-01 2.507965407373691225e-01 5.757851615839781889e-01 1.701183431952662806e-01 3.299954483386436255e-03 0.000000000000000000e+00
2.375000000000000000e+04 9.500031628440261944e-01 2.562585343650432557e-01 5.469959035047792240e-01 1.928766499772416876e-01 3.868912152935821518e-03 0.000000000000000000e+00
2.400000000000000000e+04 9.600031961371213729e-01 2.493172507965407403e-01 5.616750113791534327e-01 1.850250341374601593e-01 3.982703686845699004e-03 0.000000000000000000e+00
2.425000000000000000e+04 9.700032294302163294e-01 2.520482476103778069e-01 5.639508420573509095e-01 1.803595812471552040e-01 3.641329085116067413e-03 0.000000000000000000e+00
2.450000000000000000e+04 9.800032627233112859e-01 2.489758761948110966e-01 6.090122894856622171e-01 1.374601729631315383e-01 4.551661356395083832e-03 0.000000000000000000e+00
2.475000000000000000e+04 9.900032960164062423e-01 2.459035047792444140e-01 6.291533909877105035e-01 1.213017751479289891e-01 3.641329085116067413e-03 0.000000000000000000e+00
2.500000000000000000e+04 1.000003329309501421e+00 2.422621756941283622e-01 6.376877560309512916e-01 1.180018206645425533e-01 2.048247610377787811e-03 0.000000000000000000e+00
