# itime ezz other fcc hcp bcc ico
0.000000000000000000e+00 0.000000000000000000e+00 0.000000000000000000e+00 1.000000000000000000e+00 0.000000000000000000e+00 0.000000000000000000e+00 0.000000000000000000e+00
2.500000000000000000e+01 9.999713250201658354e-04 0.000000000000000000e+00 1.000000000000000000e+00 0.000000000000000000e+00 0.000000000000000000e+00 0.000000000000000000e+00
5.000000000000000000e+01 1.999942650040109626e-03 0.000000000000000000e+00 1.000000000000000000e+00 0.000000000000000000e+00 0.000000000000000000e+00 0.000000000000000000e+00
7.500000000000000000e+01 2.999913975060275462e-03 0.000000000000000000e+00 1.000000000000000000e+00 0.000000000000000000e+00 0.000000000000000000e+00 0.000000000000000000e+00
1.000000000000000000e+02 3.999885300080219253e-03 0.000000000000000000e+00 1.000000000000000000e+00 0.000000000000000000e+00 0.000000000000000000e+00 0.000000000000000000e+00
1.250000000000000000e+02 4.999856625100385088e-03 0.000000000000000000e+00 1.000000000000000000e+00 0.000000000000000000e+00 0.000000000000000000e+00 0.000000000000000000e+00
1.500000000000000000e+02 5.999827950120328879e-03 0.000000000000000000e+00 1.000000000000000000e+00 0.000000000000000000e+00 0.000000000000000000e+00 0.000000000000000000e+00
1.750000000000000000e+02 6.999799275140494714e-03 0.000000000000000000e+00 1.000000000000000000e+00 0.000000000000000000e+00 0.000000000000000000e+00 0.000000000000000000e+00
2.000000000000000000e+02 7.999770600160438505e-03 0.000000000000000000e+00 1.000000000000000000e+00 0.000000000000000000e+00 0.000000000000000000e+00 0.000000000000000000e+00
2.250000000000000000e+02 8.999741925180604341e-03 0.000000000000000000e+00 1.000000000000000000e+00 0.000000000000000000e+00 0.000000000000000000e+00 0.000000000000000000e+00
2.500000000000000000e+02 9.999713250200548131e-03 0.000000000000000000e+00 1.000000000000000000e+00 0.000000000000000000e+00 0.000000000000000000e+00 0.000000000000000000e+00
2.750000000000000000e+02 1.099968457522071397e-02 0.000000000000000000e+00 1.000000000000000000e+00 0.000000000000000000e+00 0.000000000000000000e+00 0.000000000000000000e+00
3.000000000000000000e+02 1.199965590024065776e-02 0.000000000000000000e+00 1.000000000000000000e+00 0.000000000000000000e+00 0.000000000000000000e+00 0.000000000000000000e+00
3.250000000000000000e+02 1.299962722526082359e-02 0.000000000000000000e+00 1.000000000000000000e+00 0.000000000000000000e+00 0.000000000000000000e+00 0.000000000000000000e+00
3.500000000000000000e+02 1.399959855028076738e-02 0.000000000000000000e+00 1.000000000000000000e+00 0.000000000000000000e+00 0.000000000000000000e+00 0.000000000000000000e+00
3.750000000000000000e+02 1.499956987530093322e-02 0.000000000000000000e+00 1.000000000000000000e+00 0.000000000000000000e+00 0.000000000000000000e+00 0.000000000000000000e+00
4.000000000000000000e+02 1.599954120032087701e-02 0.000000000000000000e+00 1.000000000000000000e+00 0.000000000000000000e+00 0.000000000000000000e+00 0.000000000000000000e+00
4.250000000000000000e+02 1.699951252534104285e-02 0.000000000000000000e+00 1.000000000000000000e+00 0.000000000000000000e+00 0.000000000000000000e+00 0.000000000000000000e+00
4.500000000000000000e+02 1.799948385036098664e-02 0.000000000000000000e+00 1.000000000000000000e+00 0.000000000000000000e+00 0.000000000000000000e+00 0.000000000000000000e+00
4.750000000000000000e+02 1.899945517538115247e-02 0.000000000000000000e+00 1.000000000000000000e+00 0.000000000000000000e+00 0.000000000000000000e+00 0.000000000000000000e+00
5.000000000000000000e+02 1.999942650040131831e-02 0.000000000000000000e+00 1.000000000000000000e+00 0.000000000000000000e+00 0.000000000000000000e+00 0.000000000000000000e+00
5.250000000000000000e+02 2.099939782542126210e-02 0.000000000000000000e+00 1.000000000000000000e+00 0.000000000000000000e+00 0.000000000000000000e+00 0.000000000000000000e+00
5.500000000000000000e+02 2.199936915044142793e-02 0.000000000000000000e+00 1.000000000000000000e+00 0.000000000000000000e+00 0.000000000000000000e+00 0.000000000000000000e+00
5.750000000000000000e+02 2.299934047546137172e-02 0.000000000000000000e+00 1.000000000000000000e+00 0.000000000000000000e+00 0.000000000000000000e+00 0.000000000000000000e+00
6.000000000000000000e+02 2.399931180048153756e-02 0.000000000000000000e+00 1.000000000000000000e+00 0.000000000000000000e+00 0.000000000000000000e+00 0.000000000000000000e+00
6.250000000000000000e+02 2.499928312550148135e-02 0.000000000000000000e+00 1.000000000000000000e+00 0.000000000000000000e+00 0.000000000000000000e+00 0.000000000000000000e+00
6.500000000000000000e+02 2.599925445052164719e-02 0.000000000000000000e+00 1.000000000000000000e+00 0.000000000000000000e+00 0.000000000000000000e+00 0.000000000000000000e+00
6.750000000000000000e+02 2.699922577554159098e-02 0.000000000000000000e+00 1.000000000000000000e+00 0.000000000000000000e+00 0.000000000000000000e+00 0.000000000000000000e+00
7.000000000000000000e+02 2.799919710056175681e-02 0.000000000000000000e+00 1.000000000000000000e+00 0.000000000000000000e+00 0.000000000000000000e+00 0.000000000000000000e+00
7.250000000000000000e+02 2.899916842558170060e-02 0.000000000000000000e+00 1.000000000000000000e+00 0.000000000000000000e+00 0.000000000000000000e+00 0.000000000000000000e+00
7.500000000000000000e+02 2.999913975060186644e-02 0.000000000000000000e+00 1.000000000000000000e+00 0.000000000000000000e+00 0.000000000000000000e+00 0.000000000000000000e+00
7.750000000000000000e+02 3.099911107562181023e-02 0.000000000000000000e+00 1.000000000000000000e+00 0.000000000000000000e+00 0.000000000000000000e+00 0.000000000000000000e+00
8.000000000000000000e+02 3.199908240064197607e-02 0.000000000000000000e+00 1.000000000000000000e+00 0.000000000000000000e+00 0.000000000000000000e+00 0.000000000000000000e+00
8.250000000000000000e+02 3.299905372566191986e-02 0.000000000000000000e+00 1.000000000000000000e+00 0.000000000000000000e+00 0.000000000000000000e+00 0.000000000000000000e+00
8.500000000000000000e+02 3.399902505068208569e-02 0.000000000000000000e+00 1.000000000000000000e+00 0.000000000000000000e+00 0.000000000000000000e+00 0.000000000000000000e+00
8.750000000000000000e+02 3.499899637570202948e-02 0.000000000000000000e+00 1.000000000000000000e+00 0.000000000000000000e+00 0.000000000000000000e+00 0.000000000000000000e+00
9.000000000000000000e+02 3.599896770072219532e-02 0.000000000000000000e+00 1.000000000000000000e+00 0.000000000000000000e+00 0.000000000000000000e+00 0.000000000000000000e+00
9.250000000000000000e+02 3.699893902574236115e-02 0.000000000000000000e+00 1.000000000000000000e+00 0.000000000000000000e+00 0.000000000000000000e+00 0.000000000000000000e+00
9.500000000000000000e+02 3.799891035076230494e-02 0.000000000000000000e+00 1.000000000000000000e+00 0.000000000000000000e+00 0.000000000000000000e+00 0.000000000000000000e+00
9.750000000000000000e+02 3.899888167578247078e-02 0.000000000000000000e+00 1.000000000000000000e+00 0.000000000000000000e+00 0.000000000000000000e+00 0.000000000000000000e+00
1.000000000000000000e+03 3.999885300080241457e-02 0.000000000000000000e+00 1.000000000000000000e+00 0.000000000000000000e+00 0.000000000000000000e+00 0.000000000000000000e+00
1.025000000000000000e+03 4.099882432582258041e-02 0.000000000000000000e+00 1.000000000000000000e+00 0.000000000000000000e+00 0.000000000000000000e+00 0.000000000000000000e+00
1.050000000000000000e+03 4.199879565084252420e-02 0.000000000000000000e+00 1.000000000000000000e+00 0.000000000000000000e+00 0.000000000000000000e+00 0.000000000000000000e+00
1.075000000000000000e+03 4.299876697586269003e-02 0.000000000000000000e+00 1.000000000000000000e+00 0.000000000000000000e+00 0.000000000000000000e+00 0.000000000000000000e+00
1.100000000000000000e+03 4.399873830088263382e-02 0.000000000000000000e+00 1.000000000000000000e+00 0.000000000000000000e+00 0.000000000000000000e+00 0.000000000000000000e+00
1.125000000000000000e+03 4.499870962590279966e-02 0.000000000000000000e+00 1.000000000000000000e+00 0.000000000000000000e+00 0.000000000000000000e+00 0.000000000000000000e+00
1.150000000000000000e+03 4.599868095092274345e-02 0.000000000000000000e+00 1.000000000000000000e+00 0.000000000000000000e+00 0.000000000000000000e+00 0.000000000000000000e+00
1.175000000000000000e+03 4.699865227594290928e-02 0.000000000000000000e+00 1.000000000000000000e+00 0.000000000000000000e+00 0.000000000000000000e+00 0.000000000000000000e+00
1.200000000000000000e+03 4.799862360096285308e-02 0.000000000000000000e+00 1.000000000000000000e+00 0.000000000000000000e+00 0.000000000000000000e+00 0.000000000000000000e+00
1.225000000000000000e+03 4.899859492598301891e-02 0.000000000000000000e+00 1.000000000000000000e+00 0.000000000000000000e+00 0.000000000000000000e+00 0.000000000000000000e+00
1.250000000000000000e+03 4.999856625100296270e-02 0.000000000000000000e+00 1.000000000000000000e+00 0.000000000000000000e+00 0.000000000000000000e+00 0.000000000000000000e+00
1.275000000000000000e+03 5.099853757602312854e-02 0.000000000000000000e+00 1.000000000000000000e+00 0.000000000000000000e+00 0.000000000000000000e+00 0.000000000000000000e+00
1.300000000000000000e+03 5.199850890104307233e-02 0.000000000000000000e+00 1.000000000000000000e+00 0.000000000000000000e+00 0.000000000000000000e+00 0.000000000000000000e+00
1.325000000000000000e+03 5.299848022606323816e-02 0.000000000000000000e+00 1.000000000000000000e+00 0.000000000000000000e+00 0.000000000000000000e+00 0.000000000000000000e+00
1.350000000000000000e+03 5.399845155108318195e-02 0.000000000000000000e+00 1.000000000000000000e+00 0.000000000000000000e+00 0.000000000000000000e+00 0.000000000000000000e+00
1.375000000000000000e+03 5.499842287610334779e-02 2.275830678197542133e-04 9.997724169321802190e-01 0.000000000000000000e+00 0.000000000000000000e+00 0.000000000000000000e+00
1.400000000000000000e+03 5.599839420112351362e-02 0.000000000000000000e+00 1.000000000000000000e+00 0.000000000000000000e+00 0.000000000000000000e+00 0.000000000000000000e+00
1.425000000000000000e+03 5.699836552614345742e-02 0.000000000000000000e+00 1.000000000000000000e+00 0.000000000000000000e+00 0.000000000000000000e+00 0.000000000000000000e+00
1.450000000000000000e+03 5.799833685116362325e-02 0.000000000000000000e+00 1.000000000000000000e+00 0.000000000000000000e+00 0.000000000000000000e+00 0.000000000000000000e+00
1.475000000000000000e+03 5.899830817618356704e-02 0.000000000000000000e+00 1.000000000000000000e+00 0.000000000000000000e+00 0.000000000000000000e+00 0.000000000000000000e+00
1.500000000000000000e+03 5.999827950120373288e-02 0.000000000000000000e+00 1.000000000000000000e+00 0.000000000000000000e+00 0.000000000000000000e+00 0.000000000000000000e+00
1.525000000000000000e+03 6.099825082622367667e-02 0.000000000000000000e+00 1.000000000000000000e+00 0.000000000000000000e+00 0.000000000000000000e+00 0.000000000000000000e+00
1.550000000000000000e+03 6.199822215124384250e-02 0.000000000000000000e+00 1.000000000000000000e+00 0.000000000000000000e+00 0.000000000000000000e+00 0.000000000000000000e+00
1.575000000000000000e+03 6.299819347626378629e-02 1.137915339098771066e-04 9.998862084660901095e-01 0.000000000000000000e+00 0.000000000000000000e+00 0.000000000000000000e+00
1.600000000000000000e+03 6.399816480128395213e-02 0.000000000000000000e+00 1.000000000000000000e+00 0.000000000000000000e+00 0.000000000000000000e+00 0.000000000000000000e+00
1.625000000000000000e+03 6.499813612630389592e-02 2.275830678197542133e-04 9.997724169321802190e-01 0.000000000000000000e+00 0.000000000000000000e+00 0.000000000000000000e+00
1.650000000000000000e+03 6.599810745132406176e-02 0.000000000000000000e+00 1.000000000000000000e+00 0.000000000000000000e+00 0.000000000000000000e+00 0.000000000000000000e+00
1.675000000000000000e+03 6.699807877634400555e-02 0.000000000000000000e+00 1.000000000000000000e+00 0.000000000000000000e+00 0.000000000000000000e+00 0.000000000000000000e+00
1.700000000000000000e+03 6.799805010136417138e-02 0.000000000000000000e+00 1.000000000000000000e+00 0.000000000000000000e+00 0.000000000000000000e+00 0.000000000000000000e+00
1.725000000000000000e+03 6.899802142638411517e-02 0.000000000000000000e+00 1.000000000000000000e+00 0.000000000000000000e+00 0.000000000000000000e+00 0.000000000000000000e+00
1.750000000000000000e+03 6.999799275140428101e-02 0.000000000000000000e+00 1.000000000000000000e+00 0.000000000000000000e+00 0.000000000000000000e+00 0.000000000000000000e+00
1.775000000000000000e+03 7.099796407642422480e-02 4.551661356395084266e-04 9.995448338643604380e-01 0.000000000000000000e+00 0.000000000000000000e+00 0.000000000000000000e+00
1.800000000000000000e+03 7.199793540144439064e-02 0.000000000000000000e+00 1.000000000000000000e+00 0.000000000000000000e+00 0.000000000000000000e+00 0.000000000000000000e+00
1.825000000000000000e+03 7.299790672646433443e-02 4.551661356395084266e-04 9.995448338643604380e-01 0.000000000000000000e+00 0.000000000000000000e+00 0.000000000000000000e+00
1.850000000000000000e+03 7.399787805148450026e-02 0.000000000000000000e+00 1.000000000000000000e+00 0.000000000000000000e+00 0.000000000000000000e+00 0.000000000000000000e+00
1.875000000000000000e+03 7.499784937650466610e-02 6.827492034592626399e-04 9.993172507965407680e-01 0.000000000000000000e+00 0.000000000000000000e+00 0.000000000000000000e+00
1.900000000000000000e+03 7.599782070152460989e-02 0.000000000000000000e+00 1.000000000000000000e+00 0.000000000000000000e+00 0.000000000000000000e+00 0.000000000000000000e+00
1.925000000000000000e+03 7.699779202654477572e-02 5.689576695493854790e-04 9.993172507965407680e-01 0.000000000000000000e+00 1.137915339098771066e-04 0.000000000000000000e+00
1.950000000000000000e+03 7.799776335156471951e-02 9.103322712790168532e-04 9.990896677287209870e-01 0.000000000000000000e+00 0.000000000000000000e+00 0.000000000000000000e+00
1.975000000000000000e+03 7.899773467658488535e-02 4.551661356395084266e-04 9.995448338643604380e-01 0.000000000000000000e+00 0.000000000000000000e+00 0.000000000000000000e+00
2.000000000000000000e+03 7.999770600160482914e-02 0.000000000000000000e+00 1.000000000000000000e+00 0.000000000000000000e+00 0.000000000000000000e+00 0.000000000000000000e+00
2.025000000000000000e+03 8.099767732662499498e-02 2.275830678197542133e-04 9.997724169321802190e-01 0.000000000000000000e+00 0.000000000000000000e+00 0.000000000000000000e+00
2.050000000000000000e+03 8.199764865164493877e-02 0.000000000000000000e+00 1.000000000000000000e+00 0.000000000000000000e+00 0.000000000000000000e+00 0.000000000000000000e+00
2.075000000000000000e+03 8.299761997666510460e-02 4.551661356395084266e-04 9.995448338643604380e-01 0.000000000000000000e+00 0.000000000000000000e+00 0.000000000000000000e+00
2.100000000000000000e+03 8.399759130168504839e-02 5.689576695493854790e-04 9.994310423304506585e-01 0.000000000000000000e+00 0.000000000000000000e+00 0.000000000000000000e+00
2.125000000000000000e+03 8.499756262670521423e-02 4.551661356395084266e-04 9.995448338643604380e-01 0.000000000000000000e+00 0.000000000000000000e+00 0.000000000000000000e+00
2.150000000000000000e+03 8.599753395172515802e-02 5.689576695493854790e-04 9.994310423304506585e-01 0.000000000000000000e+00 0.000000000000000000e+00 0.000000000000000000e+00
2.175000000000000000e+03 8.699750527674532385e-02 1.137915339098771066e-04 9.998862084660901095e-01 0.000000000000000000e+00 0.000000000000000000e+00 0.000000000000000000e+00
2.200000000000000000e+03 8.799747660176526765e-02 4.551661356395084266e-04 9.995448338643604380e-01 0.000000000000000000e+00 0.000000000000000000e+00 0.000000000000000000e+00
2.225000000000000000e+03 8.899744792678543348e-02 5.689576695493854790e-04 9.994310423304506585e-01 0.000000000000000000e+00 0.000000000000000000e+00 0.000000000000000000e+00
2.250000000000000000e+03 8.999741925180537727e-02 4.551661356395084266e-04 9.995448338643604380e-01 0.000000000000000000e+00 0.000000000000000000e+00 0.000000000000000000e+00
2.275000000000000000e+03 9.099739057682554311e-02 1.137915339098771066e-04 9.998862084660901095e-01 0.000000000000000000e+00 0.000000000000000000e+00 0.000000000000000000e+00
2.300000000000000000e+03 9.199736190184570894e-02 3.413746017296313199e-04 9.995448338643604380e-01 0.000000000000000000e+00 1.137915339098771066e-04 0.000000000000000000e+00
2.325000000000000000e+03 9.299733322686565273e-02 9.103322712790168532e-04 9.990896677287209870e-01 0.000000000000000000e+00 0.000000000000000000e+00 0.000000000000000000e+00
2.350000000000000000e+03 9.399730455188581857e-02 1.479289940828402332e-03 9.982931269913518646e-01 0.000000000000000000e+00 2.275830678197542133e-04 0.000000000000000000e+00
2.375000000000000000e+03 9.499727587690576236e-02 1.251706873008648227e-03 9.987482931269913156e-01 0.000000000000000000e+00 0.000000000000000000e+00 0.000000000000000000e+00
2.400000000000000000e+03 9.599724720192592820e-02 2.275830678197542133e-04 9.997724169321802190e-01 0.000000000000000000e+00 0.000000000000000000e+00 0.000000000000000000e+00
2.425000000000000000e+03 9.699721852694587199e-02 2.503413746017296455e-03 9.973827947200728516e-01 0.000000000000000000e+00 1.137915339098771066e-04 0.000000000000000000e+00
2.450000000000000000e+03 9.799718985196603782e-02 2.617205279927173507e-03 9.973827947200728516e-01 0.000000000000000000e+00 0.000000000000000000e+00 0.000000000000000000e+00
2.475000000000000000e+03 9.899716117698598161e-02 3.186162949476558769e-03 9.968138370505233992e-01 0.000000000000000000e+00 0.000000000000000000e+00 0.000000000000000000e+00
2.500000000000000000e+03 9.999713250200614745e-02 2.048247610377787811e-03 9.979517523896221931e-01 0.000000000000000000e+00 0.000000000000000000e+00 0.000000000000000000e+00
2.525000000000000000e+03 1.009971038270260912e-01 3.982703686845699004e-03 9.959035047792443862e-01 0.000000000000000000e+00 1.137915339098771066e-04 0.000000000000000000e+00
2.550000000000000000e+03 1.019970751520462571e-01 2.503413746017296455e-03 9.974965862539827421e-01 0.000000000000000000e+00 0.000000000000000000e+00 0.000000000000000000e+00
2.575000000000000000e+03 1.029970464770662009e-01 4.324078288575329727e-03 9.955621301775148257e-01 0.000000000000000000e+00 1.137915339098771066e-04 0.000000000000000000e+00
2.600000000000000000e+03 1.039970178020863667e-01 3.868912152935821518e-03 9.960172963131542767e-01 0.000000000000000000e+00 1.137915339098771066e-04 0.000000000000000000e+00
2.625000000000000000e+03 1.049969891271063105e-01 3.299954483386436255e-03 9.964724624487938387e-01 0.000000000000000000e+00 2.275830678197542133e-04 0.000000000000000000e+00
2.650000000000000000e+03 1.059969604521264763e-01 4.210286754665453109e-03 9.956759217114247162e-01 0.000000000000000000e+00 1.137915339098771066e-04 0.000000000000000000e+00
2.675000000000000000e+03 1.069969317771464201e-01 4.665452890304961318e-03 9.952207555757851543e-01 0.000000000000000000e+00 1.137915339098771066e-04 0.000000000000000000e+00
2.700000000000000000e+03 1.079969031021665860e-01 6.372325898953117539e-03 9.935138825671370189e-01 0.000000000000000000e+00 1.137915339098771066e-04 0.000000000000000000e+00
2.725000000000000000e+03 1.089968744271865297e-01 9.330905780609922637e-03 9.905553026854801990e-01 0.000000000000000000e+00 1.137915339098771066e-04 0.000000000000000000e+00
2.750000000000000000e+03 1.099968457522066956e-01 8.989531178880291046e-03 9.907828857532999800e-01 0.000000000000000000e+00 2.275830678197542133e-04 0.000000000000000000e+00
2.775000000000000000e+03 1.109968170772268614e-01 9.672280382339554228e-03 9.893035958124715146e-01 0.000000000000000000e+00 1.024123805188893906e-03 0.000000000000000000e+00
2.800000000000000000e+03 1.119967884022468052e-01 1.194811106053709528e-02 9.873691397360035982e-01 0.000000000000000000e+00 6.827492034592626399e-04 0.000000000000000000e+00
2.825000000000000000e+03 1.129967597272669710e-01 1.172052799271734204e-02 9.872553482020938187e-01 0.000000000000000000e+00 1.024123805188893906e-03 0.000000000000000000e+00
2.850000000000000000e+03 1.139967310522869148e-01 1.649977241693217911e-02 9.820209376422394110e-01 0.000000000000000000e+00 1.479289940828402332e-03 0.000000000000000000e+00
2.875000000000000000e+03 1.149967023773070807e-01 1.706873008648156567e-02 9.808830223031406170e-01 0.000000000000000000e+00 2.048247610377787811e-03 0.000000000000000000e+00
2.900000000000000000e+03 1.159966737023270245e-01 2.401001365498407064e-02 9.723486572598998290e-01 0.000000000000000000e+00 3.641329085116067413e-03 0.000000000000000000e+00
2.925000000000000000e+03 1.169966450273471903e-01 2.787892580791988956e-02 9.664314974965863003e-01 0.000000000000000000e+00 5.689576695493855224e-03 0.000000000000000000e+00
2.950000000000000000e+03 1.179966163523671341e-01 4.278561675011378906e-02 9.443559399180700975e-01 0.000000000000000000e+00 1.285844333181611343e-02 0.000000000000000000e+00
2.975000000000000000e+03 1.189965876773872999e-01 5.336822940373236318e-02 9.260355029585798370e-01 0.000000000000000000e+00 2.059626763768775473e-02 0.000000000000000000e+00
3.000000000000000000e+03 1.199965590024072437e-01 7.339553937187073829e-02 8.806326809285389690e-01 0.000000000000000000e+00 4.597177969959034827e-02 0.000000000000000000e+00
3.025000000000000000e+03 1.209965303274274095e-01 1.051433773327264398e-01 7.926718252162039402e-01 0.000000000000000000e+00 1.021847974510696339e-01 0.000000000000000000e+00
3.050000000000000000e+03 1.219965016524473533e-01 1.763768775603095085e-01 6.195949021392808120e-01 0.000000000000000000e+00 2.040282203004096517e-01 0.000000000000000000e+00
3.075000000000000000e+03 1.229964729774675192e-01 2.655894401456531662e-01 4.159080564406008040e-01 0.000000000000000000e+00 3.185025034137460298e-01 0.000000000000000000e+00
3.100000000000000000e+03 1.239964443024874630e-01 3.529813381884387979e-01 2.482931269913518368e-01 2.275830678197542133e-04 3.984979517523896120e-01 0.000000000000000000e+00
3.125000000000000000e+03 1.249964156275076288e-01 3.821119708693673234e-01 1.629494765589440120e-01 4.551661356395084266e-04 4.544833864360491305e-01 0.000000000000000000e+00
3.150000000000000000e+03 1.259963869525275726e-01 3.561675011379153433e-01 1.556668183887118806e-01 1.137915339098771066e-04 4.880518889394628856e-01 0.000000000000000000e+00
3.175000000000000000e+03 1.269963582775477384e-01 3.429676832043696000e-01 1.514565316340464318e-01 3.413746017296313199e-04 5.052344105598542967e-01 0.000000000000000000e+00
3.200000000000000000e+03 1.279963296025676822e-01 3.418297678652708060e-01 1.356395084205735124e-01 5.689576695493854790e-04 5.219617660446063123e-01 0.000000000000000000e+00
3.225000000000000000e+03 1.289963009275878481e-01 3.328402366863905115e-01 1.323395539371870766e-01 2.275830678197542133e-04 5.345926263086026031e-01 0.000000000000000000e+00
3.250000000000000000e+03 1.299962722526080139e-01 3.056440600819299025e-01 1.573736913973600438e-01 1.137915339098770958e-03 5.358443331816112876e-01 0.000000000000000000e+00
3.275000000000000000e+03 1.309962435776279577e-01 2.817478379608557293e-01 1.686390532544378706e-01 1.251706873008648227e-03 5.483614019116977989e-01 0.000000000000000000e+00
3.300000000000000000e+03 1.319962149026481235e-01 2.556895766954938587e-01 1.576012744651797970e-01 3.527537551206190360e-03 5.831816112881201830e-01 0.000000000000000000e+00
3.325000000000000000e+03 1.329961862276680673e-01 2.383932635411925294e-01 1.208466090122894826e-01 8.192990441511151245e-03 6.325671370050067743e-01 0.000000000000000000e+00
3.350000000000000000e+03 1.339961575526882331e-01 2.275830678197542090e-01 8.363677742375967561e-02 1.524806554392353283e-02 6.735320892125625791e-01 0.000000000000000000e+00
3.375000000000000000e+03 1.349961288777081769e-01 2.122212107419207960e-01 6.110605370960400795e-02 2.116522530723714129e-02 7.055075102412380339e-01 0.000000000000000000e+00
3.400000000000000000e+03 1.359961002027283428e-01 2.261037778789257990e-01 4.745106964041875125e-02 2.105143377332726468e-02 7.053937187073281434e-01 0.000000000000000000e+00
3.425000000000000000e+03 1.369960715277482866e-01 2.316795630405097950e-01 4.699590350477924477e-02 2.560309512972235024e-02 6.957214383249886724e-01 0.000000000000000000e+00
3.450000000000000000e+03 1.379960428527684524e-01 2.407828857532999522e-01 5.473372781065088954e-02 3.265817023213472836e-02 6.718252162039144437e-01 0.000000000000000000e+00
3.475000000000000000e+03 1.389960141777883962e-01 2.663859808830222886e-01 7.077833409194356218e-02 5.507510241238051940e-02 6.077605826126536437e-01 0.000000000000000000e+00
3.500000000000000000e+03 1.399959855028085620e-01 2.823167956304050707e-01 9.512972234865725574e-02 8.306781975421029252e-02 5.394856622667273394e-01 0.000000000000000000e+00
3.525000000000000000e+03 1.409959568278285058e-01 3.336367774237596895e-01 1.267637687756031084e-01 1.238051888939462886e-01 4.157942649066909691e-01 0.000000000000000000e+00
3.550000000000000000e+03 1.419959281528486716e-01 3.658397815202548697e-01 1.682976786527082269e-01 1.721665908056440597e-01 2.936959490213927881e-01 0.000000000000000000e+00
3.575000000000000000e+03 1.429958994778686154e-01 3.899635867091488239e-01 1.931042330450614408e-01 2.014110150204824756e-01 2.155211652253072319e-01 0.000000000000000000e+00
3.600000000000000000e+03 1.439958708028887813e-01 3.830223031406463363e-01 2.074419663177059503e-01 2.224624487938097472e-01 1.870732817478379661e-01 0.000000000000000000e+00
3.625000000000000000e+03 1.449958421279087251e-01 3.774465179790623681e-01 2.069868001820664438e-01 2.364588074647246130e-01 1.791078743741465751e-01 0.000000000000000000e+00
3.650000000000000000e+03 1.459958134529288909e-01 3.805188893946290229e-01 1.990213928083750528e-01 2.412380518889394587e-01 1.792216659080564378e-01 0.000000000000000000e+00
3.675000000000000000e+03 1.469957847779488347e-01 3.743741465634956578e-01 1.999317250796540657e-01 2.381656804733727761e-01 1.875284478834774726e-01 0.000000000000000000e+00
3.700000000000000000e+03 1.479957561029690005e-01 3.713017751479290030e-01 2.003868912152935722e-01 2.488620846609012338e-01 1.794492489758761911e-01 0.000000000000000000e+00
3.725000000000000000e+03 1.489957274279891664e-01 3.705052344105598805e-01 2.067592171142466906e-01 2.569412835685024876e-01 1.657942649066909413e-01 0.000000000000000000e+00
3.750000000000000000e+03 1.499956987530091101e-01 3.833636777423759523e-01 2.133591260810195622e-01 2.660446062812926726e-01 1.372325898953117851e-01 0.000000000000000000e+00
3.775000000000000000e+03 1.509956700780292760e-01 3.946290395994537792e-01 2.228038233955393632e-01 2.679790623577605890e-01 1.145880746472462408e-01 0.000000000000000000e+00
3.800000000000000000e+03 1.519956414030492198e-01 3.942876649977241632e-01 2.357760582612653533e-01 2.687756030951297115e-01 1.011606736458807443e-01 0.000000000000000000e+00
3.825000000000000000e+03 1.529956127280693856e-01 4.035047792444242387e-01 2.494310423304506030e-01 2.753755120619025831e-01 7.168866636322257513e-02 0.000000000000000000e+00
3.850000000000000000e+03 1.539955840530893294e-01 3.923532089212562468e-01 2.534137460172963263e-01 2.831133363677742487e-01 7.111970869367319203e-02 0.000000000000000000e+00
3.875000000000000000e+03 1.549955553781094952e-01 3.900773782430587144e-01 2.535275375512062168e-01 2.822030040964952358e-01 7.419208010923987462e-02 0.000000000000000000e+00
3.900000000000000000e+03 1.559955267031294390e-01 3.850705507510241432e-01 2.528447883477469293e-01 2.864132908511606845e-01 7.567137005006827066e-02 0.000000000000000000e+00
3.925000000000000000e+03 1.569954980281496049e-01 3.900773782430587144e-01 2.546654528903049552e-01 2.808375056895767163e-01 7.441966317705962786e-02 0.000000000000000000e+00
3.950000000000000000e+03 1.579954693531695487e-01 3.818843878015475424e-01 2.580791989076012816e-01 2.758306781975420896e-01 8.420573509330905870e-02 0.000000000000000000e+00
3.975000000000000000e+03 1.589954406781897145e-01 3.931497496586254248e-01 2.568274920345926526e-01 2.773099681383704995e-01 7.271279016841146470e-02 0.000000000000000000e+00
4.000000000000000000e+03 1.599954120032096583e-01 4.013427401001365413e-01 2.567137005006827621e-01 2.756030951297223641e-01 6.634046426945834629e-02 0.000000000000000000e+00
4.025000000000000000e+03 1.609953833282298241e-01 4.050978607191624836e-01 2.596722803823395265e-01 2.767410104688211026e-01 5.848884842967683184e-02 0.000000000000000000e+00
4.050000000000000000e+03 1.619953546532497679e-01 3.906463359126081114e-01 2.682066454255803145e-01 2.866408739189804100e-01 5.450614474283113631e-02 0.000000000000000000e+00
4.075000000000000000e+03 1.629953259782699337e-01 3.889394629039599205e-01 2.708238507055075184e-01 2.935821574874829532e-01 4.665452890304961492e-02 0.000000000000000000e+00
4.100000000000000000e+03 1.639952973032898775e-01 3.887118798361401950e-01 2.733272644515248317e-01 2.932407828857532817e-01 4.472007282658170546e-02 0.000000000000000000e+00
4.125000000000000000e+03 1.649952686283100434e-01 3.972462448793809831e-01 2.735548475193445572e-01 2.927856167501137752e-01 3.641329085116067066e-02 0.000000000000000000e+00
4.150000000000000000e+03 1.659952399533302092e-01 3.916704597177970149e-01 2.783340919435594030e-01 2.973372781065088954e-01 3.265817023213472836e-02 0.000000000000000000e+00
4.175000000000000000e+03 1.669952112783501530e-01 3.905325443786982209e-01 2.796995903504779224e-01 2.989303595812471404e-01 3.083750568957669552e-02 0.000000000000000000e+00
4.200000000000000000e+03 1.679951826033703188e-01 3.909877105143377274e-01 2.796995903504779224e-01 3.002958579881656598e-01 2.901684114701866268e-02 0.000000000000000000e+00
4.225000000000000000e+03 1.689951539283902626e-01 3.850705507510241432e-01 2.824305871643149612e-01 3.034820209376422606e-01 2.901684114701866268e-02 0.000000000000000000e+00
4.250000000000000000e+03 1.699951252534104285e-01 3.856395084205734847e-01 2.845926263086026586e-01 3.020027309968138507e-01 2.776513427401001294e-02 0.000000000000000000e+00
4.275000000000000000e+03 1.709950965784303722e-01 3.791533909877105035e-01 2.869822485207100815e-01 3.079198907601274349e-01 2.594446973145198010e-02 0.000000000000000000e+00
4.300000000000000000e+03 1.719950679034505381e-01 3.804050978607191880e-01 2.868684569868001910e-01 3.020027309968138507e-01 3.072371415566681890e-02 0.000000000000000000e+00
4.325000000000000000e+03 1.729950392284704819e-01 3.900773782430587144e-01 2.893718707328175044e-01 2.959717796995903760e-01 2.457897132453345374e-02 0.000000000000000000e+00
4.350000000000000000e+03 1.739950105534906477e-01 3.846153846153846367e-01 2.942649066909421851e-01 2.965407373691397175e-01 2.457897132453345374e-02 0.000000000000000000e+00
4.375000000000000000e+03 1.749949818785105915e-01 3.786982248520709970e-01 2.980200273099681274e-01 3.008648156577150568e-01 2.241693218024579104e-02 0.000000000000000000e+00
4.400000000000000000e+03 1.759949532035307573e-01 3.841602184797451303e-01 2.963131543013199920e-01 2.935821574874829532e-01 2.594446973145198010e-02 0.000000000000000000e+00
4.425000000000000000e+03 1.769949245285507011e-01 3.812016385980883104e-01 3.017751479289940697e-01 2.938097405553026786e-01 2.321347291761493084e-02 0.000000000000000000e+00
4.450000000000000000e+03 1.779948958535708670e-01 3.837050523441056238e-01 3.048475193445607800e-01 2.925580336822940497e-01 1.888939462903959851e-02 0.000000000000000000e+00
4.475000000000000000e+03 1.789948671785908108e-01 3.763086026399635742e-01 3.093991807009558448e-01 2.941511151570322946e-01 2.014110150204824826e-02 0.000000000000000000e+00
4.500000000000000000e+03 1.799948385036109766e-01 3.715293582157487284e-01 3.152025489303595940e-01 2.938097405553026786e-01 1.945835229858898507e-02 0.000000000000000000e+00
4.525000000000000000e+03 1.809948098286309204e-01 3.748293126991351643e-01 3.164542558033682229e-01 2.940373236231224596e-01 1.467910787437414627e-02 0.000000000000000000e+00
4.550000000000000000e+03 1.819947811536510862e-01 3.717569412835685094e-01 3.225989986345015881e-01 2.923304506144742687e-01 1.331360946745562164e-02 0.000000000000000000e+00
4.575000000000000000e+03 1.829947524786710300e-01 3.730086481565771384e-01 3.247610377787892855e-01 2.894856622667273394e-01 1.274465179790623508e-02 0.000000000000000000e+00
4.600000000000000000e+03 1.839947238036911958e-01 3.677742375967227861e-01 3.288575329995448437e-01 2.917614929449248717e-01 1.160673645880746542e-02 0.000000000000000000e+00
4.625000000000000000e+03 1.849946951287113617e-01 3.634501593081474469e-01 3.335229858898497990e-01 2.885753299954483264e-01 1.445152480655439303e-02 0.000000000000000000e+00
4.650000000000000000e+03 1.859946664537313055e-01 3.637915339098771184e-01 3.359126081019572219e-01 2.868684569868001910e-01 1.342740100136549826e-02 0.000000000000000000e+00
4.675000000000000000e+03 1.869946377787514713e-01 3.653846153846153633e-01 3.433090578060992160e-01 2.812926718252162228e-01 1.001365498406918582e-02 0.000000000000000000e+00
4.700000000000000000e+03 1.879946091037714151e-01 3.641329085116067343e-01 3.446745562130177354e-01 2.817478379608557293e-01 9.444697314519799256e-03 0.000000000000000000e+00
4.725000000000000000e+03 1.889945804287915809e-01 3.626536185707783244e-01 3.488848429676831842e-01 2.792444242148384159e-01 9.217114246700046018e-03 0.000000000000000000e+00
4.750000000000000000e+03 1.899945517538115247e-01 3.575329995448338627e-01 3.558261265361857273e-01 2.781065088757396220e-01 8.534365043240782836e-03 0.000000000000000000e+00
4.775000000000000000e+03 1.909945230788316906e-01 3.604915794264906825e-01 3.591260810195721631e-01 2.716203914428766408e-01 8.761948111060537808e-03 0.000000000000000000e+00
4.800000000000000000e+03 1.919944944038516343e-01 3.602639963586709015e-01 3.641329085116067343e-01 2.671825216203914666e-01 8.420573509330906217e-03 0.000000000000000000e+00
4.825000000000000000e+03 1.929944657288718002e-01 3.635639508420573374e-01 3.675466545289030607e-01 2.603550295857988139e-01 8.534365043240782836e-03 0.000000000000000000e+00
4.850000000000000000e+03 1.939944370538917440e-01 3.624260355029585989e-01 3.749431042330450548e-01 2.558033682294037492e-01 6.827492034592626616e-03 0.000000000000000000e+00
4.875000000000000000e+03 1.949944083789119098e-01 3.625398270368684339e-01 3.794947655894401195e-01 2.521620391442876419e-01 5.803368229403732710e-03 0.000000000000000000e+00
4.900000000000000000e+03 1.959943797039318536e-01 3.552571688666363303e-01 3.872325898953117851e-01 2.498862084660901095e-01 7.624032771961766417e-03 0.000000000000000000e+00
4.925000000000000000e+03 1.969943510289520194e-01 3.541192535275375364e-01 3.995220755575785154e-01 2.407828857532999522e-01 5.575785161583977738e-03 0.000000000000000000e+00
4.950000000000000000e+03 1.979943223539719632e-01 3.519572143832498945e-01 4.065771506599908935e-01 2.348657259899863403e-01 6.599908966772872511e-03 0.000000000000000000e+00
4.975000000000000000e+03 1.989942936789921291e-01 3.519572143832498945e-01 4.175011379153391045e-01 2.248520710059171701e-01 5.689576695493855224e-03 0.000000000000000000e+00
5.000000000000000000e+03 1.999942650040120729e-01 3.549157942649067143e-01 4.217114246700045532e-01 2.160901228948566288e-01 7.282658170232134826e-03 0.000000000000000000e+00
5.025000000000000000e+03 2.009942363290322387e-01 3.582157487482931502e-01 4.285389167045971504e-01 2.060764679107874309e-01 7.168866636322257339e-03 0.000000000000000000e+00
5.050000000000000000e+03 2.019942076540521825e-01 3.593536640873918886e-01 4.353664087391898030e-01 1.961766044606281234e-01 9.103322712790167665e-03 0.000000000000000000e+00
5.075000000000000000e+03 2.029941789790723483e-01 3.501365498406918686e-01 4.568730086481565533e-01 1.844560764679107900e-01 8.534365043240782836e-03 0.000000000000000000e+00
5.100000000000000000e+03 2.039941503040925141e-01 3.404642694583522866e-01 4.750796540737369233e-01 1.770596267637687682e-01 7.396449704142011444e-03 0.000000000000000000e+00
5.125000000000000000e+03 2.049941216291124579e-01 3.345471096950387024e-01 4.923759672280382249e-01 1.665908056440600915e-01 6.486117432862995025e-03 0.000000000000000000e+00
5.150000000000000000e+03 2.059940929541326238e-01 3.205507510241237812e-01 5.169549385525716856e-01 1.547564861174328676e-01 7.737824305871643035e-03 0.000000000000000000e+00
5.175000000000000000e+03 2.069940642791525676e-01 3.084888484296768318e-01 5.347064178425124936e-01 1.497496586253982687e-01 7.055075102412380721e-03 0.000000000000000000e+00
5.200000000000000000e+03 2.079940356041727334e-01 2.989303595812471404e-01 5.444924897587619661e-01 1.475876194811105990e-01 8.989531178880291046e-03 0.000000000000000000e+00
5.225000000000000000e+03 2.089940069291926772e-01 3.043923532089212736e-01 5.424442421483841592e-01 1.432635411925352875e-01 9.899863450159307465e-03 0.000000000000000000e+00
5.250000000000000000e+03 2.099939782542128430e-01 2.992717341829768118e-01 5.509786071916249472e-01 1.366636322257624159e-01 1.308602639963586667e-02 0.000000000000000000e+00
5.275000000000000000e+03 2.109939495792327868e-01 2.975648611743286209e-01 5.546199362767409990e-01 1.305188893946290507e-01 1.729631315430131891e-02 0.000000000000000000e+00
5.300000000000000000e+03 2.119939209042529527e-01 2.889167045971779424e-01 5.625853436504324456e-01 1.296085571233500100e-01 1.888939462903959851e-02 0.000000000000000000e+00
5.325000000000000000e+03 2.129938922292728964e-01 2.951752389622211981e-01 5.624715521165225551e-01 1.282430587164314906e-01 1.411015020482476144e-02 0.000000000000000000e+00
5.350000000000000000e+03 2.139938635542930623e-01 2.874374146563495880e-01 5.706645425580336717e-01 1.292671825216203940e-01 1.263086026399635846e-02 0.000000000000000000e+00
5.375000000000000000e+03 2.149938348793130061e-01 2.823167956304050707e-01 5.722576240327719166e-01 1.316568047337278169e-01 1.376877560309512985e-02 0.000000000000000000e+00
5.400000000000000000e+03 2.159938062043331719e-01 2.810650887573964418e-01 5.688438780154756458e-01 1.329085116067364458e-01 1.718252162039144229e-02 0.000000000000000000e+00
5.425000000000000000e+03 2.169937775293531157e-01 2.842512517068729871e-01 5.682749203459263043e-01 1.341602184797451025e-01 1.331360946745562164e-02 0.000000000000000000e+00
5.450000000000000000e+03 2.179937488543732815e-01 2.774237596722803900e-01 5.702093764223942207e-01 1.370050068274920319e-01 1.536185707783340945e-02 0.000000000000000000e+00
5.475000000000000000e+03 2.189937201793932253e-01 2.775375512061902805e-01 5.739644970414201630e-01 1.397360036413290985e-01 8.761948111060537808e-03 0.000000000000000000e+00
5.500000000000000000e+03 2.199936915044133912e-01 2.719617660446062568e-01 5.780609922621756658e-01 1.429221665908056438e-01 7.055075102412380721e-03 0.000000000000000000e+00
5.525000000000000000e+03 2.209936628294335570e-01 2.683204369594902050e-01 5.811333636777423761e-01 1.421256258534364936e-01 8.420573509330906217e-03 0.000000000000000000e+00
5.550000000000000000e+03 2.219936341544535008e-01 2.639963586709148657e-01 5.824988620846609511e-01 1.437187073281747940e-01 9.786071916249430847e-03 0.000000000000000000e+00
5.575000000000000000e+03 2.229936054794736666e-01 2.664997724169321791e-01 5.793126991351843502e-01 1.454255803368229294e-01 8.761948111060537808e-03 0.000000000000000000e+00
5.600000000000000000e+03 2.239935768044936104e-01 2.666135639508420696e-01 5.762403277196176399e-01 1.453117888029130667e-01 1.183431952662721866e-02 0.000000000000000000e+00
5.625000000000000000e+03 2.249935481295137762e-01 2.683204369594902050e-01 5.757851615839781889e-01 1.451979972690031762e-01 1.069640418752844727e-02 0.000000000000000000e+00
5.650000000000000000e+03 2.259935194545337200e-01 2.684342284934000955e-01 5.720300409649522466e-01 1.463359126081019701e-01 1.319981793354574502e-02 0.000000000000000000e+00
5.675000000000000000e+03 2.269934907795538859e-01 2.705962676376877374e-01 5.683887118798361948e-01 1.478152025489303523e-01 1.319981793354574502e-02 0.000000000000000000e+00
