# itime ezz other fcc hcp bcc ico
0.000000000000000000e+00 0.000000000000000000e+00 1.934456076467910759e-03 9.980655439235320836e-01 0.000000000000000000e+00 0.000000000000000000e+00 0.000000000000000000e+00
2.500000000000000000e+01 9.999913572940055673e-04 1.024123805188893906e-03 9.989758761948110966e-01 0.000000000000000000e+00 0.000000000000000000e+00 0.000000000000000000e+00
5.000000000000000000e+01 1.999982714588011135e-03 1.251706873008648227e-03 9.987482931269913156e-01 0.000000000000000000e+00 0.000000000000000000e+00 0.000000000000000000e+00
7.500000000000000000e+01 2.999974071882238746e-03 7.965407373691396923e-04 9.992034592626308775e-01 0.000000000000000000e+00 0.000000000000000000e+00 0.000000000000000000e+00
1.000000000000000000e+02 3.999965429176244314e-03 0.000000000000000000e+00 1.000000000000000000e+00 0.000000000000000000e+00 0.000000000000000000e+00 0.000000000000000000e+00
1.250000000000000000e+02 4.999956786470249881e-03 9.103322712790168532e-04 9.990896677287209870e-01 0.000000000000000000e+00 0.000000000000000000e+00 0.000000000000000000e+00
1.500000000000000000e+02 5.999948143764255448e-03 7.965407373691396923e-04 9.992034592626308775e-01 0.000000000000000000e+00 0.000000000000000000e+00 0.000000000000000000e+00
1.750000000000000000e+02 6.999939501058261015e-03 1.479289940828402332e-03 9.985207100591716456e-01 0.000000000000000000e+00 0.000000000000000000e+00 0.000000000000000000e+00
2.000000000000000000e+02 7.999930858352266583e-03 6.827492034592626399e-04 9.993172507965407680e-01 0.000000000000000000e+00 0.000000000000000000e+00 0.000000000000000000e+00
2.250000000000000000e+02 8.999922215646494195e-03 1.820664542558033706e-03 9.980655439235320836e-01 0.000000000000000000e+00 1.137915339098771066e-04 0.000000000000000000e+00
2.500000000000000000e+02 9.999913572940499762e-03 1.137915339098770958e-03 9.988620846609012061e-01 0.000000000000000000e+00 0.000000000000000000e+00 0.000000000000000000e+00
2.750000000000000000e+02 1.099990493023450533e-02 1.365498406918525280e-03 9.986345015930814251e-01 0.000000000000000000e+00 0.000000000000000000e+00 0.000000000000000000e+00
3.000000000000000000e+02 1.199989628752851090e-02 9.103322712790168532e-04 9.989758761948110966e-01 0.000000000000000000e+00 1.137915339098771066e-04 0.000000000000000000e+00
3.250000000000000000e+02 1.299988764482251646e-02 7.965407373691396923e-04 9.992034592626308775e-01 0.000000000000000000e+00 0.000000000000000000e+00 0.000000000000000000e+00
3.500000000000000000e+02 1.399987900211674408e-02 2.503413746017296455e-03 9.974965862539827421e-01 0.000000000000000000e+00 0.000000000000000000e+00 0.000000000000000000e+00
3.750000000000000000e+02 1.499987035941074964e-02 1.934456076467910759e-03 9.980655439235320836e-01 0.000000000000000000e+00 0.000000000000000000e+00 0.000000000000000000e+00
4.000000000000000000e+02 1.599986171670475521e-02 2.275830678197541916e-03 9.977241693218024121e-01 0.000000000000000000e+00 0.000000000000000000e+00 0.000000000000000000e+00
4.250000000000000000e+02 1.699985307399876078e-02 1.137915339098770958e-03 9.987482931269913156e-01 0.000000000000000000e+00 1.137915339098771066e-04 0.000000000000000000e+00
4.500000000000000000e+02 1.799984443129276634e-02 1.820664542558033706e-03 9.981793354574419741e-01 0.000000000000000000e+00 0.000000000000000000e+00 0.000000000000000000e+00
4.750000000000000000e+02 1.899983578858677191e-02 2.048247610377787811e-03 9.979517523896221931e-01 0.000000000000000000e+00 0.000000000000000000e+00 0.000000000000000000e+00
5.000000000000000000e+02 1.999982714588099952e-02 2.275830678197541916e-03 9.977241693218024121e-01 0.000000000000000000e+00 0.000000000000000000e+00 0.000000000000000000e+00
5.250000000000000000e+02 2.099981850317500509e-02 1.820664542558033706e-03 9.981793354574419741e-01 0.000000000000000000e+00 0.000000000000000000e+00 0.000000000000000000e+00
5.500000000000000000e+02 2.199980986046901066e-02 2.958579881656804664e-03 9.970414201183431802e-01 0.000000000000000000e+00 0.000000000000000000e+00 0.000000000000000000e+00
5.750000000000000000e+02 2.299980121776301623e-02 1.934456076467910759e-03 9.980655439235320836e-01 0.000000000000000000e+00 0.000000000000000000e+00 0.000000000000000000e+00
6.000000000000000000e+02 2.399979257505702179e-02 1.024123805188893906e-03 9.989758761948110966e-01 0.000000000000000000e+00 0.000000000000000000e+00 0.000000000000000000e+00
6.250000000000000000e+02 2.499978393235124940e-02 3.299954483386436255e-03 9.965862539827037292e-01 0.000000000000000000e+00 1.137915339098771066e-04 0.000000000000000000e+00
6.500000000000000000e+02 2.599977528964525497e-02 1.365498406918525280e-03 9.986345015930814251e-01 0.000000000000000000e+00 0.000000000000000000e+00 0.000000000000000000e+00
6.750000000000000000e+02 2.699976664693926054e-02 4.551661356395083832e-03 9.953345471096950448e-01 0.000000000000000000e+00 1.137915339098771066e-04 0.000000000000000000e+00
7.000000000000000000e+02 2.799975800423326611e-02 2.275830678197541916e-03 9.974965862539827421e-01 0.000000000000000000e+00 2.275830678197542133e-04 0.000000000000000000e+00
7.250000000000000000e+02 2.899974936152727167e-02 4.551661356395083832e-03 9.952207555757851543e-01 0.000000000000000000e+00 2.275830678197542133e-04 0.000000000000000000e+00
7.500000000000000000e+02 2.999974071882127724e-02 3.982703686845699004e-03 9.955621301775148257e-01 0.000000000000000000e+00 4.551661356395084266e-04 0.000000000000000000e+00
7.750000000000000000e+02 3.099973207611550485e-02 2.844788347746927612e-03 9.971552116522530707e-01 0.000000000000000000e+00 0.000000000000000000e+00 0.000000000000000000e+00
8.000000000000000000e+02 3.199972343340951042e-02 7.510241238051888930e-03 9.923759672280382249e-01 0.000000000000000000e+00 1.137915339098771066e-04 0.000000000000000000e+00
8.250000000000000000e+02 3.299971479070351599e-02 3.755120619025944465e-03 9.961310878470641672e-01 0.000000000000000000e+00 1.137915339098771066e-04 0.000000000000000000e+00
8.500000000000000000e+02 3.399970614799752155e-02 3.868912152935821518e-03 9.960172963131542767e-01 0.000000000000000000e+00 1.137915339098771066e-04 0.000000000000000000e+00
8.750000000000000000e+02 3.499969750529152712e-02 5.006827492034592909e-03 9.946517979062358128e-01 0.000000000000000000e+00 3.413746017296313199e-04 0.000000000000000000e+00
9.000000000000000000e+02 3.599968886258575473e-02 6.599908966772872511e-03 9.934000910332271284e-01 0.000000000000000000e+00 0.000000000000000000e+00 0.000000000000000000e+00
9.250000000000000000e+02 3.699968021987976030e-02 7.282658170232134826e-03 9.924897587619481154e-01 0.000000000000000000e+00 2.275830678197542133e-04 0.000000000000000000e+00
9.500000000000000000e+02 3.799967157717376587e-02 5.006827492034592909e-03 9.948793809740554828e-01 0.000000000000000000e+00 1.137915339098771066e-04 0.000000000000000000e+00
9.750000000000000000e+02 3.899966293446777144e-02 8.761948111060537808e-03 9.908966772872098705e-01 0.000000000000000000e+00 3.413746017296313199e-04 0.000000000000000000e+00
1.000000000000000000e+03 3.999965429176177700e-02 6.599908966772872511e-03 9.931725079654073474e-01 0.000000000000000000e+00 2.275830678197542133e-04 0.000000000000000000e+00
1.025000000000000000e+03 4.099964564905578257e-02 8.192990441511151245e-03 9.916932180245789930e-01 0.000000000000000000e+00 1.137915339098771066e-04 0.000000000000000000e+00
1.050000000000000000e+03 4.199963700635001018e-02 7.168866636322257339e-03 9.921483841602184439e-01 0.000000000000000000e+00 6.827492034592626399e-04 0.000000000000000000e+00
1.075000000000000000e+03 4.299962836364401575e-02 8.534365043240782836e-03 9.910104688211197610e-01 0.000000000000000000e+00 4.551661356395084266e-04 0.000000000000000000e+00
1.100000000000000000e+03 4.399961972093802132e-02 7.396449704142011444e-03 9.923759672280382249e-01 0.000000000000000000e+00 2.275830678197542133e-04 0.000000000000000000e+00
1.125000000000000000e+03 4.499961107823202688e-02 5.348202093764223633e-03 9.944242148384160318e-01 0.000000000000000000e+00 2.275830678197542133e-04 0.000000000000000000e+00
1.150000000000000000e+03 4.599960243552603245e-02 1.319981793354574502e-02 9.863450159308146947e-01 0.000000000000000000e+00 4.551661356395084266e-04 0.000000000000000000e+00
1.175000000000000000e+03 4.699959379282026006e-02 1.228948566226672687e-02 9.873691397360035982e-01 0.000000000000000000e+00 3.413746017296313199e-04 0.000000000000000000e+00
1.200000000000000000e+03 4.799958515011426563e-02 1.183431952662721866e-02 9.877105143377332697e-01 0.000000000000000000e+00 4.551661356395084266e-04 0.000000000000000000e+00
1.225000000000000000e+03 4.899957650740827120e-02 1.297223486572599005e-02 9.863450159308146947e-01 0.000000000000000000e+00 6.827492034592626399e-04 0.000000000000000000e+00
1.250000000000000000e+03 4.999956786470227676e-02 8.079198907601274626e-03 9.915794264906691025e-01 0.000000000000000000e+00 3.413746017296313199e-04 0.000000000000000000e+00
1.275000000000000000e+03 5.099955922199628233e-02 1.376877560309512985e-02 9.856622667273554628e-01 0.000000000000000000e+00 5.689576695493854790e-04 0.000000000000000000e+00
1.300000000000000000e+03 5.199955057929028790e-02 1.411015020482476144e-02 9.852071005917160118e-01 0.000000000000000000e+00 6.827492034592626399e-04 0.000000000000000000e+00
1.325000000000000000e+03 5.299954193658451551e-02 1.945835229858898507e-02 9.799726900318616041e-01 0.000000000000000000e+00 5.689576695493854790e-04 0.000000000000000000e+00
1.350000000000000000e+03 5.399953329387852108e-02 2.002730996813837164e-02 9.790623577605825911e-01 0.000000000000000000e+00 9.103322712790168532e-04 0.000000000000000000e+00
1.375000000000000000e+03 5.499952465117252665e-02 2.025489303595812488e-02 9.788347746927628101e-01 0.000000000000000000e+00 9.103322712790168532e-04 0.000000000000000000e+00
1.400000000000000000e+03 5.599951600846653221e-02 1.979972690031861493e-02 9.791761492944924816e-01 0.000000000000000000e+00 1.024123805188893906e-03 0.000000000000000000e+00
1.425000000000000000e+03 5.699950736576053778e-02 2.730996813837050646e-02 9.716659080564405970e-01 0.000000000000000000e+00 1.024123805188893906e-03 0.000000000000000000e+00
1.450000000000000000e+03 5.799949872305476539e-02 2.412380518889394726e-02 9.746244879380974169e-01 0.000000000000000000e+00 1.251706873008648227e-03 0.000000000000000000e+00
1.475000000000000000e+03 5.899949008034877096e-02 2.093764223941738806e-02 9.784934000910332497e-01 0.000000000000000000e+00 5.689576695493854790e-04 0.000000000000000000e+00
1.500000000000000000e+03 5.999948143764277653e-02 2.696859353664087314e-02 9.716659080564405970e-01 0.000000000000000000e+00 1.365498406918525280e-03 0.000000000000000000e+00
1.525000000000000000e+03 6.099947279493678209e-02 2.514792899408284030e-02 9.741693218024578549e-01 0.000000000000000000e+00 6.827492034592626399e-04 0.000000000000000000e+00
1.550000000000000000e+03 6.199946415223078766e-02 2.867546654528902936e-02 9.697314519799726806e-01 0.000000000000000000e+00 1.593081474738279385e-03 0.000000000000000000e+00
1.575000000000000000e+03 6.299945550952501527e-02 3.607191624943104080e-02 9.616522530723714546e-01 0.000000000000000000e+00 2.275830678197541916e-03 0.000000000000000000e+00
1.600000000000000000e+03 6.399944686681902084e-02 3.493400091033227461e-02 9.626763768775603580e-01 0.000000000000000000e+00 2.389622212107419402e-03 0.000000000000000000e+00
1.625000000000000000e+03 6.499943822411302641e-02 4.335457441966317910e-02 9.544833864360491305e-01 0.000000000000000000e+00 2.162039144287664864e-03 0.000000000000000000e+00
1.650000000000000000e+03 6.599942958140703198e-02 3.857532999544834029e-02 9.589212562585344157e-01 0.000000000000000000e+00 2.503413746017296455e-03 0.000000000000000000e+00
1.675000000000000000e+03 6.699942093870103754e-02 3.857532999544834029e-02 9.597177969959035382e-01 0.000000000000000000e+00 1.706873008648156654e-03 0.000000000000000000e+00
1.700000000000000000e+03 6.799941229599504311e-02 3.959945380063722986e-02 9.582385070550750727e-01 0.000000000000000000e+00 2.162039144287664864e-03 0.000000000000000000e+00
1.725000000000000000e+03 6.899940365328927072e-02 4.176149294492489950e-02 9.558488848429677054e-01 0.000000000000000000e+00 2.389622212107419402e-03 0.000000000000000000e+00
1.750000000000000000e+03 6.999939501058327629e-02 3.914428766499772339e-02 9.567592171142467183e-01 0.000000000000000000e+00 4.096495220755575623e-03 0.000000000000000000e+00
1.775000000000000000e+03 7.099938636787728186e-02 5.040964952207555722e-02 9.464041875284479044e-01 0.000000000000000000e+00 3.186162949476558769e-03 0.000000000000000000e+00
1.800000000000000000e+03 7.199937772517128742e-02 5.006827492034592736e-02 9.461766044606281234e-01 0.000000000000000000e+00 3.755120619025944465e-03 0.000000000000000000e+00
1.825000000000000000e+03 7.299936908246529299e-02 5.860263996358670846e-02 9.377560309512972259e-01 0.000000000000000000e+00 3.641329085116067413e-03 0.000000000000000000e+00
1.850000000000000000e+03 7.399936043975952060e-02 4.779244424214838111e-02 9.479972690031861493e-01 0.000000000000000000e+00 4.210286754665453109e-03 0.000000000000000000e+00
1.875000000000000000e+03 7.499935179705352617e-02 6.053709604005461792e-02 9.344560764679107345e-01 0.000000000000000000e+00 5.006827492034592909e-03 0.000000000000000000e+00
1.900000000000000000e+03 7.599934315434753174e-02 7.089212562585343880e-02 9.236458807464724696e-01 0.000000000000000000e+00 5.461993627674101119e-03 0.000000000000000000e+00
1.925000000000000000e+03 7.699933451164153730e-02 6.770596267637687959e-02 9.281975421028675344e-01 0.000000000000000000e+00 4.096495220755575623e-03 0.000000000000000000e+00
1.950000000000000000e+03 7.799932586893554287e-02 7.624032771961765376e-02 9.193218024578971859e-01 0.000000000000000000e+00 4.437869822485207214e-03 0.000000000000000000e+00
1.975000000000000000e+03 7.899931722622954844e-02 8.659535730541648157e-02 9.064633591260810030e-01 0.000000000000000000e+00 6.941283568502503235e-03 0.000000000000000000e+00
2.000000000000000000e+03 7.999930858352377605e-02 8.318161128812016913e-02 9.101046882111970548e-01 0.000000000000000000e+00 6.713700500682749130e-03 0.000000000000000000e+00
2.025000000000000000e+03 8.099929994081778162e-02 9.911242603550296515e-02 8.942876649977241632e-01 0.000000000000000000e+00 6.599908966772872511e-03 0.000000000000000000e+00
2.050000000000000000e+03 8.199929129811178719e-02 1.003641329085116080e-01 8.893946290395994270e-01 0.000000000000000000e+00 1.024123805188893906e-02 0.000000000000000000e+00
2.075000000000000000e+03 8.299928265540579275e-02 1.086709148839326289e-01 8.779016841147018191e-01 0.000000000000000000e+00 1.342740100136549826e-02 0.000000000000000000e+00
2.100000000000000000e+03 8.399927401269979832e-02 1.207328174783796060e-01 8.666363222576239922e-01 0.000000000000000000e+00 1.263086026399635846e-02 0.000000000000000000e+00
2.125000000000000000e+03 8.499926536999402593e-02 1.062812926718252199e-01 8.810878470641784199e-01 0.000000000000000000e+00 1.263086026399635846e-02 0.000000000000000000e+00
2.150000000000000000e+03 8.599925672728803150e-02 1.177742375967228000e-01 8.658397815202548697e-01 0.000000000000000000e+00 1.638598088302230249e-02 0.000000000000000000e+00
2.175000000000000000e+03 8.699924808458203707e-02 1.317705962676376796e-01 8.492262175694128556e-01 0.000000000000000000e+00 1.900318616294947513e-02 0.000000000000000000e+00
2.200000000000000000e+03 8.799923944187604263e-02 1.387118798361401950e-01 8.404642694583522866e-01 0.000000000000000000e+00 2.082385070550751144e-02 0.000000000000000000e+00
2.225000000000000000e+03 8.899923079917004820e-02 1.630632680928539024e-01 8.087164314974966128e-01 0.000000000000000000e+00 2.822030040964952288e-02 0.000000000000000000e+00
2.250000000000000000e+03 8.999922215646405377e-02 1.859353664087392000e-01 7.833409194355940297e-01 0.000000000000000000e+00 3.072371415566681890e-02 0.000000000000000000e+00
2.275000000000000000e+03 9.099921351375828138e-02 1.874146563495675821e-01 7.752617205279926926e-01 0.000000000000000000e+00 3.732362312243969055e-02 0.000000000000000000e+00
2.300000000000000000e+03 9.199920487105228695e-02 1.946973145197997135e-01 7.687756030951297115e-01 1.137915339098771066e-04 3.641329085116067066e-02 0.000000000000000000e+00
2.325000000000000000e+03 9.299919622834629251e-02 2.084660901228948537e-01 7.465862539827037292e-01 0.000000000000000000e+00 4.494765589440145870e-02 0.000000000000000000e+00
2.350000000000000000e+03 9.399918758564029808e-02 2.347519344560764776e-01 7.067592171142467183e-01 2.275830678197542133e-04 5.826126536185707860e-02 0.000000000000000000e+00
2.375000000000000000e+03 9.499917894293430365e-02 2.479517523896222209e-01 6.766044606281292895e-01 1.137915339098771066e-04 7.532999544833864081e-02 0.000000000000000000e+00
2.400000000000000000e+03 9.599917030022853126e-02 2.749203459262630767e-01 6.409877105143377829e-01 1.137915339098771066e-04 8.397815202548930547e-02 0.000000000000000000e+00
2.425000000000000000e+03 9.699916165752253683e-02 2.886891215293582169e-01 6.150432407828857473e-01 5.689576695493854790e-04 9.569868001820663883e-02 0.000000000000000000e+00
2.450000000000000000e+03 9.799915301481654240e-02 3.048475193445607800e-01 5.769230769230768718e-01 5.689576695493854790e-04 1.176604460628129234e-01 0.000000000000000000e+00
2.475000000000000000e+03 9.899914437211054796e-02 3.182749203459262488e-01 5.377787892580792040e-01 2.048247610377787811e-03 1.418980427856167403e-01 0.000000000000000000e+00
2.500000000000000000e+03 9.999913572940455353e-02 3.444469731451980099e-01 4.868001820664542567e-01 1.820664542558033706e-03 1.669321802457897075e-01 0.000000000000000000e+00
2.525000000000000000e+03 1.009991270866985591e-01 3.507055075102412656e-01 4.640418752844788219e-01 4.096495220755575623e-03 1.811561219845243542e-01 0.000000000000000000e+00
2.550000000000000000e+03 1.019991184439927867e-01 3.483158852981338427e-01 4.448111060537096040e-01 5.234410559854347014e-03 2.016385980883022289e-01 0.000000000000000000e+00
2.575000000000000000e+03 1.029991098012867923e-01 3.720983158852981254e-01 4.107874374146563423e-01 7.282658170232134826e-03 2.098315885298133732e-01 0.000000000000000000e+00
2.600000000000000000e+03 1.039991011585807978e-01 3.800637232589895165e-01 3.875739644970414011e-01 9.899863450159307465e-03 2.224624487938097472e-01 0.000000000000000000e+00
2.625000000000000000e+03 1.049990925158748034e-01 3.755120619025944517e-01 3.730086481565771384e-01 1.490669094219390124e-02 2.365725989986345035e-01 0.000000000000000000e+00
2.650000000000000000e+03 1.059990838731688090e-01 3.845015930814747462e-01 3.545744196631770428e-01 2.002730996813837164e-02 2.408966772872098427e-01 0.000000000000000000e+00
2.675000000000000000e+03 1.069990752304630366e-01 3.879153390987710726e-01 3.381884387801547542e-01 2.059626763768775473e-02 2.532999544833864358e-01 0.000000000000000000e+00
2.700000000000000000e+03 1.079990665877570422e-01 3.900773782430587144e-01 3.215748748293126846e-01 2.571688666363222686e-02 2.626308602639963463e-01 0.000000000000000000e+00
2.725000000000000000e+03 1.089990579450510477e-01 3.890532544378698110e-01 2.983614019116977434e-01 3.254437869822485174e-02 2.800409649522075384e-01 0.000000000000000000e+00
2.750000000000000000e+03 1.099990493023450533e-01 3.972462448793809831e-01 2.844788347746927681e-01 3.299954483386435822e-02 2.852753755120618906e-01 0.000000000000000000e+00
2.775000000000000000e+03 1.109990406596390589e-01 4.029358215748748417e-01 2.728720983158853253e-01 3.334091943559399501e-02 2.908511606736458588e-01 0.000000000000000000e+00
2.800000000000000000e+03 1.119990320169330644e-01 4.016841147018661573e-01 2.565999089667728716e-01 3.436504324078288458e-02 3.073509330905780379e-01 0.000000000000000000e+00
2.825000000000000000e+03 1.129990233742272920e-01 4.109012289485662328e-01 2.463586709148839204e-01 3.994082840236686666e-02 3.027992717341829731e-01 0.000000000000000000e+00
2.850000000000000000e+03 1.139990147315212976e-01 4.129494765589440397e-01 2.373691397360036537e-01 4.949931725079653733e-02 3.001820664542558248e-01 0.000000000000000000e+00
2.875000000000000000e+03 1.149990060888153032e-01 4.235320892125625791e-01 2.254210286754665393e-01 5.382339553937186966e-02 2.972234865725990050e-01 0.000000000000000000e+00
2.900000000000000000e+03 1.159989974461093087e-01 4.169321802457897075e-01 2.232589895311788697e-01 6.042330450614474130e-02 2.993855257168866468e-01 0.000000000000000000e+00
2.925000000000000000e+03 1.169989888034033143e-01 4.280837505689576439e-01 2.185935366408739144e-01 7.191624943104232837e-02 2.814064633591260578e-01 0.000000000000000000e+00
2.950000000000000000e+03 1.179989801606975419e-01 4.360491579426490905e-01 2.042558033682294050e-01 7.737824305871643382e-02 2.823167956304050707e-01 0.000000000000000000e+00
2.975000000000000000e+03 1.189989715179915475e-01 4.384387801547565133e-01 2.000455166135639562e-01 8.409194355939918208e-02 2.774237596722803900e-01 0.000000000000000000e+00
3.000000000000000000e+03 1.199989628752855531e-01 4.510696404187528596e-01 1.873008648156577194e-01 8.864360491579426071e-02 2.729858898497951603e-01 0.000000000000000000e+00
3.025000000000000000e+03 1.209989542325795586e-01 4.501593081474738467e-01 1.845698680018206528e-01 9.126081019572143682e-02 2.740100136549840637e-01 0.000000000000000000e+00
3.050000000000000000e+03 1.219989455898735642e-01 4.518661811561219821e-01 1.836595357305416398e-01 9.934000910332271839e-02 2.651342740100136597e-01 0.000000000000000000e+00
3.075000000000000000e+03 1.229989369471675698e-01 4.571005917159763343e-01 1.728493400091033194e-01 1.010468821119708677e-01 2.690031861629494925e-01 0.000000000000000000e+00
3.100000000000000000e+03 1.239989283044617974e-01 4.542558033682294050e-01 1.695493855257168836e-01 9.729176149294492537e-02 2.789030496131087999e-01 0.000000000000000000e+00
3.125000000000000000e+03 1.249989196617558029e-01 4.516385980883022566e-01 1.653390987710514348e-01 1.007055075102412378e-01 2.823167956304050707e-01 0.000000000000000000e+00
3.150000000000000000e+03 1.259989110190498085e-01 4.704142011834319681e-01 1.521392808375056915e-01 1.055985434683659602e-01 2.718479745106964218e-01 0.000000000000000000e+00
3.175000000000000000e+03 1.269989023763438141e-01 4.682521620391442707e-01 1.528220300409649512e-01 1.077605826126536159e-01 2.711652253072371344e-01 0.000000000000000000e+00
3.200000000000000000e+03 1.279988937336378196e-01 4.663177059626763543e-01 1.480427856167501055e-01 1.109467455621301751e-01 2.746927628584433512e-01 0.000000000000000000e+00
3.225000000000000000e+03 1.289988850909320472e-01 4.552799271734183084e-01 1.446290395994538069e-01 1.216431497496586189e-01 2.784478834774692935e-01 0.000000000000000000e+00
3.250000000000000000e+03 1.299988764482260528e-01 4.624487938097405770e-01 1.277878925807919841e-01 1.258534365043240677e-01 2.839098771051433712e-01 0.000000000000000000e+00
3.275000000000000000e+03 1.309988678055200584e-01 4.761037778789258268e-01 1.191397360036413333e-01 1.213017751479289891e-01 2.834547109695038647e-01 0.000000000000000000e+00
3.300000000000000000e+03 1.319988591628140640e-01 4.701866181156121871e-01 1.169776968593536637e-01 1.191397360036413333e-01 2.936959490213927881e-01 0.000000000000000000e+00
3.325000000000000000e+03 1.329988505201080695e-01 4.812243969048702885e-01 1.075329995448338627e-01 1.143604915794264876e-01 2.968821119708693890e-01 0.000000000000000000e+00
3.350000000000000000e+03 1.339988418774020751e-01 4.811106053709603980e-01 1.022985889849795244e-01 1.215293582157487423e-01 2.950614474283113076e-01 0.000000000000000000e+00
3.375000000000000000e+03 1.349988332346963027e-01 4.922621756941283344e-01 9.581247155211652933e-02 1.235776058261265353e-01 2.883477469276286009e-01 0.000000000000000000e+00
3.400000000000000000e+03 1.359988245919903083e-01 4.822485207100591920e-01 9.729176149294492537e-02 1.297223486572599005e-01 2.907373691397360238e-01 0.000000000000000000e+00
3.425000000000000000e+03 1.369988159492843138e-01 4.864588074647246407e-01 9.934000910332271839e-02 1.339326354119253493e-01 2.802685480200273194e-01 0.000000000000000000e+00
3.450000000000000000e+03 1.379988073065783194e-01 4.923759672280382249e-01 9.786071916249430847e-02 1.376877560309512916e-01 2.720755575785161473e-01 0.000000000000000000e+00
3.475000000000000000e+03 1.389987986638723250e-01 4.945380063723259223e-01 8.887118798361401395e-02 1.372325898953117851e-01 2.793582157487483064e-01 0.000000000000000000e+00
3.500000000000000000e+03 1.399987900211665526e-01 4.968138370505234547e-01 8.227127901684114231e-02 1.445152480655439164e-01 2.763996358670914866e-01 0.000000000000000000e+00
3.525000000000000000e+03 1.409987813784605581e-01 5.040964952207556138e-01 7.760582612653618706e-02 1.454255803368229294e-01 2.728720983158853253e-01 0.000000000000000000e+00
3.550000000000000000e+03 1.419987727357545637e-01 5.038689121529358328e-01 7.589895311788802390e-02 1.422394173873463841e-01 2.779927173418297870e-01 0.000000000000000000e+00
3.575000000000000000e+03 1.429987640930485693e-01 5.137687756030950847e-01 7.544378698224851743e-02 1.463359126081019701e-01 2.644515248065543722e-01 0.000000000000000000e+00
3.600000000000000000e+03 1.439987554503425748e-01 5.135411925352754148e-01 7.601274465179790052e-02 1.477014110150204895e-01 2.627446517979062368e-01 0.000000000000000000e+00
3.625000000000000000e+03 1.449987468076365804e-01 5.236686390532544477e-01 7.271279016841146470e-02 1.475876194811105990e-01 2.560309512972234747e-01 0.000000000000000000e+00
3.650000000000000000e+03 1.459987381649308080e-01 5.244651797906235702e-01 7.601274465179790052e-02 1.535047792444242110e-01 2.460172963131543045e-01 0.000000000000000000e+00
3.675000000000000000e+03 1.469987295222248136e-01 5.306099226217569909e-01 7.544378698224851743e-02 1.440600819299044100e-01 2.498862084660901095e-01 0.000000000000000000e+00
3.700000000000000000e+03 1.479987208795188192e-01 5.326581702321346867e-01 7.339553937187073829e-02 1.455393718707328199e-01 2.484069185252617273e-01 0.000000000000000000e+00
3.725000000000000000e+03 1.489987122368128247e-01 5.450614474283113076e-01 7.362312243969049153e-02 1.451979972690031762e-01 2.361174328629949970e-01 0.000000000000000000e+00
3.750000000000000000e+03 1.499987035941068303e-01 5.527992717341829731e-01 7.487482931269913433e-02 1.490669094219390090e-01 2.232589895311788697e-01 0.000000000000000000e+00
3.775000000000000000e+03 1.509986949514010579e-01 5.483614019116977989e-01 7.111970869367319203e-02 1.494082840236686527e-01 2.311106053709603980e-01 0.000000000000000000e+00
3.800000000000000000e+03 1.519986863086950635e-01 5.366408739189804100e-01 7.123350022758306865e-02 1.515703231679562946e-01 2.405553026854801990e-01 0.000000000000000000e+00
3.825000000000000000e+03 1.529986776659890690e-01 5.532544378698225351e-01 6.873008648156576916e-02 1.503186162949476656e-01 2.276968593536640995e-01 0.000000000000000000e+00
3.850000000000000000e+03 1.539986690232830746e-01 5.581474738279471604e-01 7.009558488848430247e-02 1.504324078288575284e-01 2.213245334547109811e-01 0.000000000000000000e+00
3.875000000000000000e+03 1.549986603805770802e-01 5.562130177514792440e-01 6.850250341374601593e-02 1.556668183887118806e-01 2.196176604460628179e-01 0.000000000000000000e+00
3.900000000000000000e+03 1.559986517378710857e-01 5.609922621756940897e-01 6.645425580336822291e-02 1.597633136094674666e-01 2.127901684114701930e-01 0.000000000000000000e+00
3.925000000000000000e+03 1.569986430951653134e-01 5.562130177514792440e-01 6.975421028675465873e-02 1.631770596267637652e-01 2.108557123350022766e-01 0.000000000000000000e+00
3.950000000000000000e+03 1.579986344524593189e-01 5.713472917614929036e-01 7.214383249886208160e-02 1.612426035502958488e-01 1.952662721893491105e-01 0.000000000000000000e+00
3.975000000000000000e+03 1.589986258097533245e-01 5.678197542102867423e-01 7.214383249886208160e-02 1.628356850250341492e-01 1.972007282658170269e-01 0.000000000000000000e+00
4.000000000000000000e+03 1.599986171670473301e-01 5.606508875739645292e-01 7.567137005006827066e-02 1.684114701866181174e-01 1.952662721893491105e-01 0.000000000000000000e+00
4.025000000000000000e+03 1.609986085243413356e-01 5.680473372781065233e-01 7.441966317705962786e-02 1.675011379153391045e-01 1.900318616294947582e-01 0.000000000000000000e+00
4.050000000000000000e+03 1.619985998816355632e-01 5.697542102867546587e-01 7.373691397360036814e-02 1.775147928994082747e-01 1.789940828402366846e-01 0.000000000000000000e+00
4.075000000000000000e+03 1.629985912389295688e-01 5.730541647701411501e-01 7.350933090578061491e-02 1.725079654073737034e-01 1.809285389167046010e-01 0.000000000000000000e+00
4.100000000000000000e+03 1.639985825962235744e-01 5.665680473372780579e-01 7.191624943104232837e-02 1.793354574419663283e-01 1.821802457897132577e-01 0.000000000000000000e+00
4.125000000000000000e+03 1.649985739535175799e-01 5.820436959490213891e-01 6.838871187983613931e-02 1.785389167045971781e-01 1.710286754665452935e-01 0.000000000000000000e+00
4.150000000000000000e+03 1.659985653108115855e-01 5.879608557123350288e-01 7.100591715976331542e-02 1.731907146108329631e-01 1.678425125170687204e-01 0.000000000000000000e+00
4.175000000000000000e+03 1.669985566681055911e-01 5.827264451524806210e-01 7.134729176149294527e-02 1.781975421028675344e-01 1.677287209831588577e-01 0.000000000000000000e+00
4.200000000000000000e+03 1.679985480253998187e-01 5.878470641784251383e-01 7.259899863450158808e-02 1.877560309512972259e-01 1.517979062357760478e-01 0.000000000000000000e+00
4.225000000000000000e+03 1.689985393826938243e-01 5.988848429676831842e-01 7.373691397360036814e-02 1.879836140191169791e-01 1.393946290395994547e-01 0.000000000000000000e+00
4.250000000000000000e+03 1.699985307399878298e-01 5.923987255348202030e-01 7.248520710059171146e-02 1.916249431042330587e-01 1.434911242603550408e-01 0.000000000000000000e+00
4.275000000000000000e+03 1.709985220972818354e-01 6.053709604005461653e-01 7.111970869367319203e-02 1.910559854346836617e-01 1.324533454710969393e-01 0.000000000000000000e+00
4.300000000000000000e+03 1.719985134545758410e-01 6.007055075102412101e-01 7.203004096495220498e-02 1.890077378243058825e-01 1.382567137005006885e-01 0.000000000000000000e+00
4.325000000000000000e+03 1.729985048118700686e-01 6.079881656804734247e-01 7.441966317705962786e-02 1.867319071461083224e-01 1.308602639963586667e-01 0.000000000000000000e+00
4.350000000000000000e+03 1.739984961691640741e-01 6.074192080109239722e-01 7.180245789713245175e-02 1.919663177059626746e-01 1.288120163859808875e-01 0.000000000000000000e+00
4.375000000000000000e+03 1.749984875264580797e-01 5.999089667728720876e-01 7.521620391442876419e-02 1.954938552571688637e-01 1.293809740555302568e-01 0.000000000000000000e+00
4.400000000000000000e+03 1.759984788837520853e-01 6.086709148839326566e-01 7.328174783796086167e-02 1.966317705962676299e-01 1.214155666818388657e-01 0.000000000000000000e+00
4.425000000000000000e+03 1.769984702410460908e-01 6.117432862994993670e-01 7.441966317705962786e-02 1.989076012744651900e-01 1.149294492489758707e-01 0.000000000000000000e+00
4.450000000000000000e+03 1.779984615983403184e-01 5.951297223486572419e-01 7.794720072826581692e-02 1.989076012744651900e-01 1.280154756486117373e-01 0.000000000000000000e+00
4.475000000000000000e+03 1.789984529556343240e-01 6.170914883932635542e-01 7.237141556668183484e-02 1.958352298588985074e-01 1.147018661811561174e-01 0.000000000000000000e+00
4.500000000000000000e+03 1.799984443129283296e-01 6.087847064178425471e-01 7.441966317705962786e-02 2.034592626308602548e-01 1.133363677742375980e-01 0.000000000000000000e+00
4.525000000000000000e+03 1.809984356702223351e-01 6.141329085116067343e-01 7.271279016841146470e-02 2.081247155211652378e-01 1.050295857988165632e-01 0.000000000000000000e+00
4.550000000000000000e+03 1.819984270275163407e-01 6.076467910787437532e-01 7.783340919435594030e-02 2.097177969959035104e-01 1.048020027309968100e-01 0.000000000000000000e+00
4.575000000000000000e+03 1.829984183848103463e-01 5.971779699590350488e-01 8.192990441511151245e-02 2.158625398270368756e-01 1.050295857988165632e-01 0.000000000000000000e+00
4.600000000000000000e+03 1.839984097421045739e-01 6.078743741465635342e-01 8.272644515248064878e-02 2.107419208010923861e-01 9.865725989986344480e-02 0.000000000000000000e+00
4.625000000000000000e+03 1.849984010993985795e-01 6.073054164770140817e-01 8.352298588984979899e-02 2.168866636322257513e-01 9.228493400091032639e-02 0.000000000000000000e+00
4.650000000000000000e+03 1.859983924566925850e-01 6.145880746472462963e-01 8.101957214383249950e-02 2.166590805644059980e-01 8.773327264451524776e-02 0.000000000000000000e+00
4.675000000000000000e+03 1.869983838139865906e-01 6.220983158852981809e-01 7.897132453345470648e-02 2.147246244879381094e-01 8.420573509330905870e-02 0.000000000000000000e+00
4.700000000000000000e+03 1.879983751712805962e-01 6.159535730541647602e-01 8.227127901684114231e-02 2.158625398270368756e-01 8.591260810195720798e-02 0.000000000000000000e+00
4.725000000000000000e+03 1.889983665285748238e-01 6.244879380974055483e-01 7.874374146563495325e-02 2.141556668183887124e-01 8.261265361857077216e-02 0.000000000000000000e+00
4.750000000000000000e+03 1.899983578858688293e-01 6.202776513427401550e-01 8.238507055075101893e-02 2.151797906235776159e-01 8.215748748293126569e-02 0.000000000000000000e+00
4.775000000000000000e+03 1.909983492431628349e-01 6.350705507510241432e-01 7.897132453345470648e-02 2.073281747837960876e-01 7.862994993172507663e-02 0.000000000000000000e+00
4.800000000000000000e+03 1.919983406004568405e-01 6.292671825216203940e-01 8.113336367774237612e-02 2.151797906235776159e-01 7.430587164314975124e-02 1.137915339098771066e-04
4.825000000000000000e+03 1.929983319577508460e-01 6.230086481565771939e-01 8.579881656804733137e-02 2.195038689121529274e-01 7.168866636322257513e-02 0.000000000000000000e+00
4.850000000000000000e+03 1.939983233150448516e-01 6.251706873008647802e-01 8.204369594902138907e-02 2.147246244879381094e-01 7.783340919435594030e-02 2.275830678197542133e-04
4.875000000000000000e+03 1.949983146723390792e-01 6.351843422849340337e-01 8.204369594902138907e-02 2.151797906235776159e-01 6.759217114246700298e-02 0.000000000000000000e+00
4.900000000000000000e+03 1.959983060296330848e-01 6.382567137005006330e-01 7.817478379608557015e-02 2.166590805644059980e-01 6.690942193900774326e-02 0.000000000000000000e+00
4.925000000000000000e+03 1.969982973869270904e-01 6.296085571233500655e-01 8.352298588984979899e-02 2.210969503868912278e-01 6.565771506599908658e-02 1.137915339098771066e-04
4.950000000000000000e+03 1.979982887442210959e-01 6.357532999544833752e-01 8.363677742375967561e-02 2.174556213017751483e-01 6.304050978607191047e-02 1.137915339098771066e-04
4.975000000000000000e+03 1.989982801015151015e-01 6.341602184797451303e-01 8.295402822030041590e-02 2.162039144287664916e-01 6.656804733727811341e-02 1.137915339098771066e-04
5.000000000000000000e+03 1.999982714588093291e-01 6.351843422849340337e-01 8.591260810195720798e-02 2.205279927173418308e-01 5.814747382794720199e-02 2.275830678197542133e-04
5.025000000000000000e+03 2.009982628161033347e-01 6.313154301319982009e-01 8.431952662721893532e-02 2.271279016841147025e-01 5.723714155666818210e-02 0.000000000000000000e+00
5.050000000000000000e+03 2.019982541733973402e-01 6.379153390987710726e-01 8.431952662721893532e-02 2.248520710059171701e-01 5.291306326809285671e-02 0.000000000000000000e+00
5.075000000000000000e+03 2.029982455306913458e-01 6.280154756486117096e-01 8.648156577150660496e-02 2.320209376422394110e-01 5.348202093764223980e-02 0.000000000000000000e+00
5.100000000000000000e+03 2.039982368879853514e-01 6.312016385980883104e-01 8.511606736458807165e-02 2.261037778789257990e-01 5.757851615839781195e-02 0.000000000000000000e+00
5.125000000000000000e+03 2.049982282452793569e-01 6.367774237596722786e-01 8.363677742375967561e-02 2.228038233955393632e-01 5.678197542102867562e-02 0.000000000000000000e+00
5.150000000000000000e+03 2.059982196025735846e-01 6.359808830223031562e-01 8.500227583067819503e-02 2.210969503868912278e-01 5.791989076012744875e-02 0.000000000000000000e+00
5.175000000000000000e+03 2.069982109598675901e-01 6.352981338188439242e-01 8.852981338188438409e-02 2.216659080564405970e-01 5.450614474283113631e-02 0.000000000000000000e+00
5.200000000000000000e+03 2.079982023171615957e-01 6.383705052344105235e-01 8.978152025489304078e-02 2.223486572598998567e-01 4.949931725079653733e-02 0.000000000000000000e+00
5.225000000000000000e+03 2.089981936744556013e-01 6.408739189804278924e-01 8.852981338188438409e-02 2.188211197086936677e-01 5.177514792899408358e-02 0.000000000000000000e+00
5.250000000000000000e+03 2.099981850317496068e-01 6.436049157942649313e-01 8.670914883932635819e-02 2.231451979972690070e-01 4.654073736913973830e-02 0.000000000000000000e+00
5.275000000000000000e+03 2.109981763890438344e-01 6.492944924897587899e-01 8.386436049157942885e-02 2.205279927173418308e-01 4.631315430131998506e-02 0.000000000000000000e+00
5.300000000000000000e+03 2.119981677463378400e-01 6.451979972690031762e-01 8.557123350022757813e-02 2.201866181156121871e-01 4.904415111515703085e-02 0.000000000000000000e+00
5.325000000000000000e+03 2.129981591036318456e-01 6.432635411925352598e-01 8.716431497496586467e-02 2.177969959035047920e-01 5.177514792899408358e-02 0.000000000000000000e+00
5.350000000000000000e+03 2.139981504609258511e-01 6.436049157942649313e-01 8.409194355939918208e-02 2.221210741920801035e-01 5.018206645425580398e-02 0.000000000000000000e+00
5.375000000000000000e+03 2.149981418182198567e-01 6.555530268548019901e-01 8.409194355939918208e-02 2.163177059626763821e-01 4.403732362312243881e-02 0.000000000000000000e+00
5.400000000000000000e+03 2.159981331755138623e-01 6.376877560309512916e-01 9.228493400091032639e-02 2.247382794720072796e-01 4.528903049613108855e-02 0.000000000000000000e+00
5.425000000000000000e+03 2.169981245328080899e-01 6.522530723714156098e-01 9.035047792444242387e-02 2.147246244879381094e-01 4.255803368229403583e-02 1.137915339098771066e-04
5.450000000000000000e+03 2.179981158901020954e-01 6.560081929904415521e-01 8.887118798361401395e-02 2.144970414201183562e-01 4.050978607191624975e-02 1.137915339098771066e-04
5.475000000000000000e+03 2.189981072473961010e-01 6.595357305416477134e-01 8.659535730541648157e-02 2.147246244879381094e-01 3.914428766499772339e-02 0.000000000000000000e+00
5.500000000000000000e+03 2.199980986046901066e-01 6.562357760582612221e-01 8.727810650887574129e-02 2.192762858443331742e-01 3.720983158852981393e-02 0.000000000000000000e+00
5.525000000000000000e+03 2.209980899619841122e-01 6.539599453800637452e-01 8.909877105143376719e-02 2.195038689121529274e-01 3.732362312243969055e-02 1.137915339098771066e-04
5.550000000000000000e+03 2.219980813192783398e-01 6.554392353208920996e-01 9.137460172963131344e-02 2.172280382339553950e-01 3.595812471552116418e-02 0.000000000000000000e+00
5.575000000000000000e+03 2.229980726765723453e-01 6.549840691852526486e-01 8.898497951752389057e-02 2.203004096495220776e-01 3.573054164770141095e-02 0.000000000000000000e+00
5.600000000000000000e+03 2.239980640338663509e-01 6.573736913973600160e-01 9.069185252617205373e-02 2.167728720983158885e-01 3.516158397815202785e-02 0.000000000000000000e+00
5.625000000000000000e+03 2.249980553911603565e-01 6.667045971779699265e-01 8.477469276285844180e-02 2.134729176149294527e-01 3.504779244424215123e-02 0.000000000000000000e+00
5.650000000000000000e+03 2.259980467484543620e-01 6.680700955848885014e-01 8.727810650887574129e-02 2.092626308602640040e-01 3.538916704597178109e-02 0.000000000000000000e+00
5.675000000000000000e+03 2.269980381057483676e-01 6.696631770596267463e-01 8.477469276285844180e-02 2.101729631315430169e-01 3.538916704597178109e-02 0.000000000000000000e+00
