# itime ezz other fcc hcp bcc ico
0.000000000000000000e+00 0.000000000000000000e+00 0.000000000000000000e+00 1.000000000000000000e+00 0.000000000000000000e+00 0.000000000000000000e+00 0.000000000000000000e+00
2.500000000000000000e+01 9.999703185938901839e-04 0.000000000000000000e+00 1.000000000000000000e+00 0.000000000000000000e+00 0.000000000000000000e+00 0.000000000000000000e+00
5.000000000000000000e+01 1.999940637188002412e-03 0.000000000000000000e+00 1.000000000000000000e+00 0.000000000000000000e+00 0.000000000000000000e+00 0.000000000000000000e+00
7.500000000000000000e+01 2.999910955781892596e-03 0.000000000000000000e+00 1.000000000000000000e+00 0.000000000000000000e+00 0.000000000000000000e+00 0.000000000000000000e+00
1.000000000000000000e+02 3.999881274376004825e-03 0.000000000000000000e+00 1.000000000000000000e+00 0.000000000000000000e+00 0.000000000000000000e+00 0.000000000000000000e+00
1.250000000000000000e+02 4.999851592969895009e-03 0.000000000000000000e+00 1.000000000000000000e+00 0.000000000000000000e+00 0.000000000000000000e+00 0.000000000000000000e+00
1.500000000000000000e+02 5.999821911563785193e-03 0.000000000000000000e+00 1.000000000000000000e+00 0.000000000000000000e+00 0.000000000000000000e+00 0.000000000000000000e+00
1.750000000000000000e+02 6.999792230157897421e-03 0.000000000000000000e+00 1.000000000000000000e+00 0.000000000000000000e+00 0.000000000000000000e+00 0.000000000000000000e+00
2.000000000000000000e+02 7.999762548751787605e-03 0.000000000000000000e+00 1.000000000000000000e+00 0.000000000000000000e+00 0.000000000000000000e+00 0.000000000000000000e+00
2.250000000000000000e+02 8.999732867345899834e-03 0.000000000000000000e+00 1.000000000000000000e+00 0.000000000000000000e+00 0.000000000000000000e+00 0.000000000000000000e+00
2.500000000000000000e+02 9.999703185939790018e-03 0.000000000000000000e+00 1.000000000000000000e+00 0.000000000000000000e+00 0.000000000000000000e+00 0.000000000000000000e+00
2.750000000000000000e+02 1.099967350453368020e-02 0.000000000000000000e+00 1.000000000000000000e+00 0.000000000000000000e+00 0.000000000000000000e+00 0.000000000000000000e+00
3.000000000000000000e+02 1.199964382312779243e-02 0.000000000000000000e+00 1.000000000000000000e+00 0.000000000000000000e+00 0.000000000000000000e+00 0.000000000000000000e+00
3.250000000000000000e+02 1.299961414172168261e-02 0.000000000000000000e+00 1.000000000000000000e+00 0.000000000000000000e+00 0.000000000000000000e+00 0.000000000000000000e+00
3.500000000000000000e+02 1.399958446031579484e-02 0.000000000000000000e+00 1.000000000000000000e+00 0.000000000000000000e+00 0.000000000000000000e+00 0.000000000000000000e+00
3.750000000000000000e+02 1.499955477890968503e-02 0.000000000000000000e+00 1.000000000000000000e+00 0.000000000000000000e+00 0.000000000000000000e+00 0.000000000000000000e+00
4.000000000000000000e+02 1.599952509750357521e-02 0.000000000000000000e+00 1.000000000000000000e+00 0.000000000000000000e+00 0.000000000000000000e+00 0.000000000000000000e+00
4.250000000000000000e+02 1.699949541609768744e-02 0.000000000000000000e+00 1.000000000000000000e+00 0.000000000000000000e+00 0.000000000000000000e+00 0.000000000000000000e+00
4.500000000000000000e+02 1.799946573469157762e-02 0.000000000000000000e+00 1.000000000000000000e+00 0.000000000000000000e+00 0.000000000000000000e+00 0.000000000000000000e+00
4.750000000000000000e+02 1.899943605328568985e-02 0.000000000000000000e+00 1.000000000000000000e+00 0.000000000000000000e+00 0.000000000000000000e+00 0.000000000000000000e+00
5.000000000000000000e+02 1.999940637187958004e-02 0.000000000000000000e+00 1.000000000000000000e+00 0.000000000000000000e+00 0.000000000000000000e+00 0.000000000000000000e+00
5.250000000000000000e+02 2.099937669047347022e-02 0.000000000000000000e+00 1.000000000000000000e+00 0.000000000000000000e+00 0.000000000000000000e+00 0.000000000000000000e+00
5.500000000000000000e+02 2.199934700906758245e-02 0.000000000000000000e+00 1.000000000000000000e+00 0.000000000000000000e+00 0.000000000000000000e+00 0.000000000000000000e+00
5.750000000000000000e+02 2.299931732766147263e-02 0.000000000000000000e+00 1.000000000000000000e+00 0.000000000000000000e+00 0.000000000000000000e+00 0.000000000000000000e+00
6.000000000000000000e+02 2.399928764625558486e-02 0.000000000000000000e+00 1.000000000000000000e+00 0.000000000000000000e+00 0.000000000000000000e+00 0.000000000000000000e+00
6.250000000000000000e+02 2.499925796484947504e-02 0.000000000000000000e+00 1.000000000000000000e+00 0.000000000000000000e+00 0.000000000000000000e+00 0.000000000000000000e+00
6.500000000000000000e+02 2.599922828344336523e-02 0.000000000000000000e+00 1.000000000000000000e+00 0.000000000000000000e+00 0.000000000000000000e+00 0.000000000000000000e+00
6.750000000000000000e+02 2.699919860203747746e-02 0.000000000000000000e+00 1.000000000000000000e+00 0.000000000000000000e+00 0.000000000000000000e+00 0.000000000000000000e+00
7.000000000000000000e+02 2.799916892063136764e-02 0.000000000000000000e+00 1.000000000000000000e+00 0.000000000000000000e+00 0.000000000000000000e+00 0.000000000000000000e+00
7.250000000000000000e+02 2.899913923922547987e-02 0.000000000000000000e+00 1.000000000000000000e+00 0.000000000000000000e+00 0.000000000000000000e+00 0.000000000000000000e+00
7.500000000000000000e+02 2.999910955781937005e-02 0.000000000000000000e+00 1.000000000000000000e+00 0.000000000000000000e+00 0.000000000000000000e+00 0.000000000000000000e+00
7.750000000000000000e+02 3.099907987641326024e-02 0.000000000000000000e+00 1.000000000000000000e+00 0.000000000000000000e+00 0.000000000000000000e+00 0.000000000000000000e+00
8.000000000000000000e+02 3.199905019500737247e-02 0.000000000000000000e+00 1.000000000000000000e+00 0.000000000000000000e+00 0.000000000000000000e+00 0.000000000000000000e+00
8.250000000000000000e+02 3.299902051360126265e-02 0.000000000000000000e+00 1.000000000000000000e+00 0.000000000000000000e+00 0.000000000000000000e+00 0.000000000000000000e+00
8.500000000000000000e+02 3.399899083219537488e-02 0.000000000000000000e+00 1.000000000000000000e+00 0.000000000000000000e+00 0.000000000000000000e+00 0.000000000000000000e+00
8.750000000000000000e+02 3.499896115078926506e-02 0.000000000000000000e+00 1.000000000000000000e+00 0.000000000000000000e+00 0.000000000000000000e+00 0.000000000000000000e+00
9.000000000000000000e+02 3.599893146938315525e-02 0.000000000000000000e+00 1.000000000000000000e+00 0.000000000000000000e+00 0.000000000000000000e+00 0.000000000000000000e+00
9.250000000000000000e+02 3.699890178797726747e-02 0.000000000000000000e+00 1.000000000000000000e+00 0.000000000000000000e+00 0.000000000000000000e+00 0.000000000000000000e+00
9.500000000000000000e+02 3.799887210657115766e-02 0.000000000000000000e+00 1.000000000000000000e+00 0.000000000000000000e+00 0.000000000000000000e+00 0.000000000000000000e+00
9.750000000000000000e+02 3.899884242516526989e-02 0.000000000000000000e+00 1.000000000000000000e+00 0.000000000000000000e+00 0.000000000000000000e+00 0.000000000000000000e+00
1.000000000000000000e+03 3.999881274375916007e-02 0.000000000000000000e+00 1.000000000000000000e+00 0.000000000000000000e+00 0.000000000000000000e+00 0.000000000000000000e+00
1.025000000000000000e+03 4.099878306235305025e-02 0.000000000000000000e+00 1.000000000000000000e+00 0.000000000000000000e+00 0.000000000000000000e+00 0.000000000000000000e+00
1.050000000000000000e+03 4.199875338094716248e-02 0.000000000000000000e+00 1.000000000000000000e+00 0.000000000000000000e+00 0.000000000000000000e+00 0.000000000000000000e+00
1.075000000000000000e+03 4.299872369954105267e-02 0.000000000000000000e+00 1.000000000000000000e+00 0.000000000000000000e+00 0.000000000000000000e+00 0.000000000000000000e+00
1.100000000000000000e+03 4.399869401813494285e-02 0.000000000000000000e+00 1.000000000000000000e+00 0.000000000000000000e+00 0.000000000000000000e+00 0.000000000000000000e+00
1.125000000000000000e+03 4.499866433672905508e-02 0.000000000000000000e+00 1.000000000000000000e+00 0.000000000000000000e+00 0.000000000000000000e+00 0.000000000000000000e+00
1.150000000000000000e+03 4.599863465532294526e-02 0.000000000000000000e+00 1.000000000000000000e+00 0.000000000000000000e+00 0.000000000000000000e+00 0.000000000000000000e+00
1.175000000000000000e+03 4.699860497391705749e-02 0.000000000000000000e+00 1.000000000000000000e+00 0.000000000000000000e+00 0.000000000000000000e+00 0.000000000000000000e+00
1.200000000000000000e+03 4.799857529251094768e-02 0.000000000000000000e+00 1.000000000000000000e+00 0.000000000000000000e+00 0.000000000000000000e+00 0.000000000000000000e+00
1.225000000000000000e+03 4.899854561110483786e-02 0.000000000000000000e+00 1.000000000000000000e+00 0.000000000000000000e+00 0.000000000000000000e+00 0.000000000000000000e+00
1.250000000000000000e+03 4.999851592969895009e-02 0.000000000000000000e+00 1.000000000000000000e+00 0.000000000000000000e+00 0.000000000000000000e+00 0.000000000000000000e+00
1.275000000000000000e+03 5.099848624829284027e-02 0.000000000000000000e+00 1.000000000000000000e+00 0.000000000000000000e+00 0.000000000000000000e+00 0.000000000000000000e+00
1.300000000000000000e+03 5.199845656688695250e-02 3.413746017296313199e-04 9.996586253982703285e-01 0.000000000000000000e+00 0.000000000000000000e+00 0.000000000000000000e+00
1.325000000000000000e+03 5.299842688548084269e-02 0.000000000000000000e+00 1.000000000000000000e+00 0.000000000000000000e+00 0.000000000000000000e+00 0.000000000000000000e+00
1.350000000000000000e+03 5.399839720407473287e-02 0.000000000000000000e+00 1.000000000000000000e+00 0.000000000000000000e+00 0.000000000000000000e+00 0.000000000000000000e+00
1.375000000000000000e+03 5.499836752266884510e-02 0.000000000000000000e+00 1.000000000000000000e+00 0.000000000000000000e+00 0.000000000000000000e+00 0.000000000000000000e+00
1.400000000000000000e+03 5.599833784126273528e-02 0.000000000000000000e+00 1.000000000000000000e+00 0.000000000000000000e+00 0.000000000000000000e+00 0.000000000000000000e+00
1.425000000000000000e+03 5.699830815985684751e-02 0.000000000000000000e+00 1.000000000000000000e+00 0.000000000000000000e+00 0.000000000000000000e+00 0.000000000000000000e+00
1.450000000000000000e+03 5.799827847845073769e-02 3.413746017296313199e-04 9.996586253982703285e-01 0.000000000000000000e+00 0.000000000000000000e+00 0.000000000000000000e+00
1.475000000000000000e+03 5.899824879704462788e-02 0.000000000000000000e+00 1.000000000000000000e+00 0.000000000000000000e+00 0.000000000000000000e+00 0.000000000000000000e+00
1.500000000000000000e+03 5.999821911563874011e-02 0.000000000000000000e+00 1.000000000000000000e+00 0.000000000000000000e+00 0.000000000000000000e+00 0.000000000000000000e+00
1.525000000000000000e+03 6.099818943423263029e-02 0.000000000000000000e+00 1.000000000000000000e+00 0.000000000000000000e+00 0.000000000000000000e+00 0.000000000000000000e+00
1.550000000000000000e+03 6.199815975282674252e-02 0.000000000000000000e+00 1.000000000000000000e+00 0.000000000000000000e+00 0.000000000000000000e+00 0.000000000000000000e+00
1.575000000000000000e+03 6.299813007142063270e-02 0.000000000000000000e+00 1.000000000000000000e+00 0.000000000000000000e+00 0.000000000000000000e+00 0.000000000000000000e+00
1.600000000000000000e+03 6.399810039001452289e-02 0.000000000000000000e+00 1.000000000000000000e+00 0.000000000000000000e+00 0.000000000000000000e+00 0.000000000000000000e+00
1.625000000000000000e+03 6.499807070860863512e-02 0.000000000000000000e+00 1.000000000000000000e+00 0.000000000000000000e+00 0.000000000000000000e+00 0.000000000000000000e+00
1.650000000000000000e+03 6.599804102720252530e-02 0.000000000000000000e+00 1.000000000000000000e+00 0.000000000000000000e+00 0.000000000000000000e+00 0.000000000000000000e+00
1.675000000000000000e+03 6.699801134579663753e-02 0.000000000000000000e+00 1.000000000000000000e+00 0.000000000000000000e+00 0.000000000000000000e+00 0.000000000000000000e+00
1.700000000000000000e+03 6.799798166439052771e-02 0.000000000000000000e+00 1.000000000000000000e+00 0.000000000000000000e+00 0.000000000000000000e+00 0.000000000000000000e+00
1.725000000000000000e+03 6.899795198298441790e-02 4.551661356395084266e-04 9.995448338643604380e-01 0.000000000000000000e+00 0.000000000000000000e+00 0.000000000000000000e+00
1.750000000000000000e+03 6.999792230157853012e-02 2.275830678197542133e-04 9.997724169321802190e-01 0.000000000000000000e+00 0.000000000000000000e+00 0.000000000000000000e+00
1.775000000000000000e+03 7.099789262017242031e-02 1.137915339098771066e-04 9.998862084660901095e-01 0.000000000000000000e+00 0.000000000000000000e+00 0.000000000000000000e+00
1.800000000000000000e+03 7.199786293876653254e-02 4.551661356395084266e-04 9.995448338643604380e-01 0.000000000000000000e+00 0.000000000000000000e+00 0.000000000000000000e+00
1.825000000000000000e+03 7.299783325736042272e-02 0.000000000000000000e+00 1.000000000000000000e+00 0.000000000000000000e+00 0.000000000000000000e+00 0.000000000000000000e+00
1.850000000000000000e+03 7.399780357595431290e-02 4.551661356395084266e-04 9.995448338643604380e-01 0.000000000000000000e+00 0.000000000000000000e+00 0.000000000000000000e+00
1.875000000000000000e+03 7.499777389454842513e-02 4.551661356395084266e-04 9.995448338643604380e-01 0.000000000000000000e+00 0.000000000000000000e+00 0.000000000000000000e+00
1.900000000000000000e+03 7.599774421314231532e-02 3.413746017296313199e-04 9.996586253982703285e-01 0.000000000000000000e+00 0.000000000000000000e+00 0.000000000000000000e+00
1.925000000000000000e+03 7.699771453173642755e-02 0.000000000000000000e+00 1.000000000000000000e+00 0.000000000000000000e+00 0.000000000000000000e+00 0.000000000000000000e+00
1.950000000000000000e+03 7.799768485033031773e-02 0.000000000000000000e+00 1.000000000000000000e+00 0.000000000000000000e+00 0.000000000000000000e+00 0.000000000000000000e+00
1.975000000000000000e+03 7.899765516892420791e-02 2.275830678197542133e-04 9.997724169321802190e-01 0.000000000000000000e+00 0.000000000000000000e+00 0.000000000000000000e+00
2.000000000000000000e+03 7.999762548751832014e-02 0.000000000000000000e+00 1.000000000000000000e+00 0.000000000000000000e+00 0.000000000000000000e+00 0.000000000000000000e+00
2.025000000000000000e+03 8.099759580611221033e-02 5.689576695493854790e-04 9.994310423304506585e-01 0.000000000000000000e+00 0.000000000000000000e+00 0.000000000000000000e+00
2.050000000000000000e+03 8.199756612470632255e-02 0.000000000000000000e+00 1.000000000000000000e+00 0.000000000000000000e+00 0.000000000000000000e+00 0.000000000000000000e+00
2.075000000000000000e+03 8.299753644330021274e-02 1.137915339098771066e-04 9.998862084660901095e-01 0.000000000000000000e+00 0.000000000000000000e+00 0.000000000000000000e+00
2.100000000000000000e+03 8.399750676189410292e-02 1.137915339098771066e-04 9.998862084660901095e-01 0.000000000000000000e+00 0.000000000000000000e+00 0.000000000000000000e+00
2.125000000000000000e+03 8.499747708048821515e-02 4.551661356395084266e-04 9.995448338643604380e-01 0.000000000000000000e+00 0.000000000000000000e+00 0.000000000000000000e+00
2.150000000000000000e+03 8.599744739908210533e-02 6.827492034592626399e-04 9.992034592626308775e-01 0.000000000000000000e+00 1.137915339098771066e-04 0.000000000000000000e+00
2.175000000000000000e+03 8.699741771767621756e-02 6.827492034592626399e-04 9.993172507965407680e-01 0.000000000000000000e+00 0.000000000000000000e+00 0.000000000000000000e+00
2.200000000000000000e+03 8.799738803627010775e-02 1.137915339098770958e-03 9.988620846609012061e-01 0.000000000000000000e+00 0.000000000000000000e+00 0.000000000000000000e+00
2.225000000000000000e+03 8.899735835486399793e-02 7.965407373691396923e-04 9.992034592626308775e-01 0.000000000000000000e+00 0.000000000000000000e+00 0.000000000000000000e+00
2.250000000000000000e+03 8.999732867345811016e-02 4.551661356395084266e-04 9.994310423304506585e-01 0.000000000000000000e+00 1.137915339098771066e-04 0.000000000000000000e+00
2.275000000000000000e+03 9.099729899205200034e-02 4.551661356395084266e-04 9.995448338643604380e-01 0.000000000000000000e+00 0.000000000000000000e+00 0.000000000000000000e+00
2.300000000000000000e+03 9.199726931064611257e-02 1.251706873008648227e-03 9.987482931269913156e-01 0.000000000000000000e+00 0.000000000000000000e+00 0.000000000000000000e+00
2.325000000000000000e+03 9.299723962924000276e-02 6.827492034592626399e-04 9.989758761948110966e-01 0.000000000000000000e+00 3.413746017296313199e-04 0.000000000000000000e+00
2.350000000000000000e+03 9.399720994783389294e-02 2.730996813837050560e-03 9.971552116522530707e-01 0.000000000000000000e+00 1.137915339098771066e-04 0.000000000000000000e+00
2.375000000000000000e+03 9.499718026642800517e-02 1.479289940828402332e-03 9.985207100591716456e-01 0.000000000000000000e+00 0.000000000000000000e+00 0.000000000000000000e+00
2.400000000000000000e+03 9.599715058502189535e-02 7.965407373691396923e-04 9.992034592626308775e-01 0.000000000000000000e+00 0.000000000000000000e+00 0.000000000000000000e+00
2.425000000000000000e+03 9.699712090361600758e-02 2.275830678197541916e-03 9.977241693218024121e-01 0.000000000000000000e+00 0.000000000000000000e+00 0.000000000000000000e+00
2.450000000000000000e+03 9.799709122220989777e-02 5.689576695493854790e-04 9.994310423304506585e-01 0.000000000000000000e+00 0.000000000000000000e+00 0.000000000000000000e+00
2.475000000000000000e+03 9.899706154080378795e-02 2.048247610377787811e-03 9.979517523896221931e-01 0.000000000000000000e+00 0.000000000000000000e+00 0.000000000000000000e+00
2.500000000000000000e+03 9.999703185939790018e-02 2.503413746017296455e-03 9.974965862539827421e-01 0.000000000000000000e+00 0.000000000000000000e+00 0.000000000000000000e+00
2.525000000000000000e+03 1.009970021779917904e-01 3.413746017296313308e-03 9.963586709148839482e-01 0.000000000000000000e+00 2.275830678197542133e-04 0.000000000000000000e+00
2.550000000000000000e+03 1.019969724965859026e-01 3.868912152935821518e-03 9.960172963131542767e-01 0.000000000000000000e+00 1.137915339098771066e-04 0.000000000000000000e+00
2.575000000000000000e+03 1.029969428151797928e-01 1.251706873008648227e-03 9.987482931269913156e-01 0.000000000000000000e+00 0.000000000000000000e+00 0.000000000000000000e+00
2.600000000000000000e+03 1.039969131337736830e-01 3.072371415566681717e-03 9.967000455166135087e-01 0.000000000000000000e+00 2.275830678197542133e-04 0.000000000000000000e+00
2.625000000000000000e+03 1.049968834523677952e-01 3.072371415566681717e-03 9.967000455166135087e-01 0.000000000000000000e+00 2.275830678197542133e-04 0.000000000000000000e+00
2.650000000000000000e+03 1.059968537709616854e-01 2.617205279927173507e-03 9.972690031861629611e-01 0.000000000000000000e+00 1.137915339098771066e-04 0.000000000000000000e+00
2.675000000000000000e+03 1.069968240895557976e-01 5.120619025944469528e-03 9.945380063723259223e-01 0.000000000000000000e+00 3.413746017296313199e-04 0.000000000000000000e+00
2.700000000000000000e+03 1.079967944081496878e-01 7.851615839781519654e-03 9.914656349567592120e-01 0.000000000000000000e+00 6.827492034592626399e-04 0.000000000000000000e+00
2.725000000000000000e+03 1.089967647267435780e-01 3.299954483386436255e-03 9.963586709148839482e-01 0.000000000000000000e+00 3.413746017296313199e-04 0.000000000000000000e+00
2.750000000000000000e+03 1.099967350453376902e-01 7.510241238051888930e-03 9.921483841602184439e-01 0.000000000000000000e+00 3.413746017296313199e-04 0.000000000000000000e+00
2.775000000000000000e+03 1.109967053639315804e-01 8.989531178880291046e-03 9.901001365498406370e-01 0.000000000000000000e+00 9.103322712790168532e-04 0.000000000000000000e+00
2.800000000000000000e+03 1.119966756825256926e-01 1.103777878925807886e-02 9.885070550751023921e-01 0.000000000000000000e+00 4.551661356395084266e-04 0.000000000000000000e+00
2.825000000000000000e+03 1.129966460011195828e-01 1.399635867091488309e-02 9.856622667273554628e-01 0.000000000000000000e+00 3.413746017296313199e-04 0.000000000000000000e+00
2.850000000000000000e+03 1.139966163197134730e-01 1.365498406918525323e-02 9.855484751934455723e-01 0.000000000000000000e+00 7.965407373691396923e-04 0.000000000000000000e+00
2.875000000000000000e+03 1.149965866383075852e-01 1.365498406918525323e-02 9.854346836595356818e-01 0.000000000000000000e+00 9.103322712790168532e-04 0.000000000000000000e+00
2.900000000000000000e+03 1.159965569569014754e-01 1.991351843422849502e-02 9.770141101502047842e-01 0.000000000000000000e+00 3.072371415566681717e-03 0.000000000000000000e+00
2.925000000000000000e+03 1.169965272754955876e-01 2.514792899408284030e-02 9.721210741920801590e-01 0.000000000000000000e+00 2.730996813837050560e-03 0.000000000000000000e+00
2.950000000000000000e+03 1.179964975940894778e-01 3.129267182521620200e-02 9.602867546654528796e-01 0.000000000000000000e+00 8.420573509330906217e-03 0.000000000000000000e+00
2.975000000000000000e+03 1.189964679126833680e-01 5.257168866636321991e-02 9.270596267637687404e-01 0.000000000000000000e+00 2.036868456986800149e-02 0.000000000000000000e+00
3.000000000000000000e+03 1.199964382312774802e-01 9.888484296768319803e-02 8.527537551206190169e-01 0.000000000000000000e+00 4.836140191169777114e-02 0.000000000000000000e+00
3.025000000000000000e+03 1.209964085498713704e-01 1.275603095129722309e-01 7.637687756030950847e-01 0.000000000000000000e+00 1.086709148839326289e-01 0.000000000000000000e+00
3.050000000000000000e+03 1.219963788684652606e-01 1.884387801547564856e-01 5.942193900773782289e-01 3.413746017296313199e-04 2.170004551661356418e-01 0.000000000000000000e+00
3.075000000000000000e+03 1.229963491870593728e-01 2.719617660446062568e-01 3.694811106053709771e-01 2.503413746017296455e-03 3.560537096040054528e-01 0.000000000000000000e+00
3.100000000000000000e+03 1.239963195056532630e-01 3.438780154756486129e-01 1.826354119253527641e-01 5.803368229403732710e-03 4.676832043695949293e-01 0.000000000000000000e+00
3.125000000000000000e+03 1.249962898242473752e-01 3.683431952662721831e-01 9.501593081474737912e-02 9.899863450159307465e-03 5.267410104688211581e-01 0.000000000000000000e+00
3.150000000000000000e+03 1.259962601428412654e-01 3.510468821119708815e-01 6.656804733727811341e-02 2.071005917159763482e-02 5.616750113791534327e-01 0.000000000000000000e+00
3.175000000000000000e+03 1.269962304614351556e-01 3.409194355939917931e-01 7.771961766044606368e-02 3.208921256258534527e-02 5.492717341829768118e-01 0.000000000000000000e+00
3.200000000000000000e+03 1.279962007800292678e-01 3.634501593081474469e-01 1.027537551206190308e-01 4.540282203004096517e-02 4.883932635411925571e-01 0.000000000000000000e+00
3.225000000000000000e+03 1.289961710986231580e-01 3.652708238507055283e-01 1.331360946745562268e-01 6.838871187983613931e-02 4.332043695949021611e-01 0.000000000000000000e+00
3.250000000000000000e+03 1.299961414172172702e-01 3.450159308147474069e-01 1.698907601274465273e-01 9.797451069640418508e-02 3.871187983614018946e-01 0.000000000000000000e+00
3.275000000000000000e+03 1.309961117358111604e-01 3.385298133818843702e-01 2.026627218934911323e-01 1.143604915794264876e-01 3.444469731451980099e-01 0.000000000000000000e+00
3.300000000000000000e+03 1.319960820544050506e-01 3.344333181611288119e-01 2.233727810650887602e-01 1.398497951752389612e-01 3.023441055985434667e-01 0.000000000000000000e+00
3.325000000000000000e+03 1.329960523729991628e-01 3.265817023213473114e-01 2.510241238051889034e-01 1.459945380063723264e-01 2.763996358670914866e-01 0.000000000000000000e+00
3.350000000000000000e+03 1.339960226915930530e-01 3.254437869822485174e-01 2.814064633591260578e-01 1.620391442876649990e-01 2.311106053709603980e-01 0.000000000000000000e+00
3.375000000000000000e+03 1.349959930101871652e-01 3.327264451524806765e-01 2.976786527082385114e-01 1.942421483841602070e-01 1.753527537551206328e-01 0.000000000000000000e+00
3.400000000000000000e+03 1.359959633287810554e-01 3.251024123805189014e-01 3.218024578971324656e-01 2.233727810650887602e-01 1.297223486572599005e-01 0.000000000000000000e+00
3.425000000000000000e+03 1.369959336473749456e-01 3.089440145653163383e-01 3.499089667728720876e-01 2.327036868456986707e-01 1.084433318161128756e-01 0.000000000000000000e+00
3.450000000000000000e+03 1.379959039659690578e-01 2.939235320892125691e-01 3.652708238507055283e-01 2.601274465179790885e-01 8.067819754210286964e-02 0.000000000000000000e+00
3.475000000000000000e+03 1.389958742845629480e-01 3.023441055985434667e-01 3.686845698680017991e-01 2.639963586709148657e-01 6.497496586253982687e-02 0.000000000000000000e+00
3.500000000000000000e+03 1.399958446031570602e-01 2.855029585798816716e-01 3.748293126991351643e-01 2.696859353664087244e-01 6.998179335457442585e-02 0.000000000000000000e+00
3.525000000000000000e+03 1.409958149217509504e-01 2.836822940373236457e-01 3.781292671825216001e-01 2.684342284934000955e-01 6.975421028675465873e-02 0.000000000000000000e+00
3.550000000000000000e+03 1.419957852403448406e-01 2.827719617660446327e-01 3.827947200728265553e-01 2.638825671370050308e-01 7.055075102412380894e-02 0.000000000000000000e+00
3.575000000000000000e+03 1.429957555589389528e-01 2.876649977241693135e-01 3.801775147928994070e-01 2.672963131543013016e-01 6.486117432862995025e-02 0.000000000000000000e+00
3.600000000000000000e+03 1.439957258775328430e-01 2.850477924442421651e-01 3.830223031406463363e-01 2.630860263996358528e-01 6.884387801547564578e-02 0.000000000000000000e+00
3.625000000000000000e+03 1.449956961961269553e-01 2.759444697314519801e-01 3.905325443786982209e-01 2.729858898497951603e-01 6.053709604005461792e-02 0.000000000000000000e+00
3.650000000000000000e+03 1.459956665147208454e-01 2.794720072826581969e-01 4.021392808375056638e-01 2.670687300864815761e-01 5.131998179335457710e-02 0.000000000000000000e+00
3.675000000000000000e+03 1.469956368333147356e-01 2.792444242148384159e-01 4.211424670004551563e-01 2.522758306781975324e-01 4.733727810650887463e-02 0.000000000000000000e+00
3.700000000000000000e+03 1.479956071519088479e-01 2.749203459262630767e-01 4.360491579426490905e-01 2.465862539827036737e-01 4.244424214838415921e-02 0.000000000000000000e+00
3.725000000000000000e+03 1.489955774705027380e-01 2.795857988165680319e-01 4.494765589440145592e-01 2.369139736003641195e-01 3.402366863905325473e-02 0.000000000000000000e+00
3.750000000000000000e+03 1.499955477890968503e-01 2.712790168411470249e-01 4.639280837505689314e-01 2.274692762858443462e-01 3.732362312243969055e-02 0.000000000000000000e+00
3.775000000000000000e+03 1.509955181076907405e-01 2.664997724169321791e-01 4.757624032771961553e-01 2.249658625398270329e-01 3.277196176604460498e-02 0.000000000000000000e+00
3.800000000000000000e+03 1.519954884262846306e-01 2.758306781975420896e-01 4.799726900318616041e-01 2.171142467000455045e-01 2.708238507055074976e-02 0.000000000000000000e+00
3.825000000000000000e+03 1.529954587448787429e-01 2.701411015020482309e-01 4.891898042785616796e-01 2.098315885298133732e-01 3.083750568957669552e-02 0.000000000000000000e+00
3.850000000000000000e+03 1.539954290634726330e-01 2.662721893491124536e-01 5.055757851615839682e-01 1.991351843422849432e-01 2.901684114701866268e-02 0.000000000000000000e+00
3.875000000000000000e+03 1.549953993820667453e-01 2.494310423304506030e-01 5.279927173418297315e-01 1.952662721893491105e-01 2.730996813837050646e-02 0.000000000000000000e+00
3.900000000000000000e+03 1.559953697006606355e-01 2.501137915339098905e-01 5.373236231224396420e-01 1.859353664087392000e-01 2.662721893491124328e-02 0.000000000000000000e+00
3.925000000000000000e+03 1.569953400192545256e-01 2.395311788802912956e-01 5.513199817933546187e-01 1.833181611288120239e-01 2.583067819754210348e-02 0.000000000000000000e+00
3.950000000000000000e+03 1.579953103378486379e-01 2.383932635411925294e-01 5.623577605826126646e-01 1.751251706873008518e-01 2.412380518889394726e-02 0.000000000000000000e+00
3.975000000000000000e+03 1.589952806564425281e-01 2.240555302685480199e-01 5.817023213472917176e-01 1.684114701866181174e-01 2.571688666363222686e-02 1.137915339098771066e-04
4.000000000000000000e+03 1.599952509750366403e-01 2.228038233955393632e-01 5.952435138825671324e-01 1.591943559399180697e-01 2.275830678197542090e-02 0.000000000000000000e+00
4.025000000000000000e+03 1.609952212936305305e-01 2.199590350477924339e-01 6.012744651797906625e-01 1.581702321347291662e-01 2.059626763768775473e-02 0.000000000000000000e+00
4.050000000000000000e+03 1.619951916122244207e-01 2.099453800637232637e-01 6.104915794264906825e-01 1.571461083295402905e-01 2.241693218024579104e-02 0.000000000000000000e+00
4.075000000000000000e+03 1.629951619308185329e-01 2.091488393263541135e-01 6.249431042330451103e-01 1.499772416932180219e-01 1.593081474738279601e-02 0.000000000000000000e+00
4.100000000000000000e+03 1.639951322494124231e-01 1.937869822485207005e-01 6.459945380063722986e-01 1.426945835229858905e-01 1.752389622212107562e-02 0.000000000000000000e+00
4.125000000000000000e+03 1.649951025680065353e-01 1.876422394173873354e-01 6.548702776513427581e-01 1.391670459717797015e-01 1.832043695949021542e-02 0.000000000000000000e+00
4.150000000000000000e+03 1.659950728866004255e-01 1.846836595357305433e-01 6.677287209831588299e-01 1.331360946745562268e-01 1.445152480655439303e-02 0.000000000000000000e+00
4.175000000000000000e+03 1.669950432051943157e-01 1.779699590350477811e-01 6.698907601274465273e-01 1.363222576240327721e-01 1.581702321347291593e-02 0.000000000000000000e+00
4.200000000000000000e+03 1.679950135237884279e-01 1.742148384160218388e-01 6.723941738734637852e-01 1.408739189804278646e-01 1.251706873008648184e-02 0.000000000000000000e+00
4.225000000000000000e+03 1.689949838423823181e-01 1.688666363222576239e-01 6.787664997724169869e-01 1.432635411925352875e-01 9.103322712790167665e-03 0.000000000000000000e+00
4.250000000000000000e+03 1.699949541609764303e-01 1.632908511606736557e-01 6.845698680018206250e-01 1.465634956759217233e-01 5.575785161583977738e-03 0.000000000000000000e+00
4.275000000000000000e+03 1.709949244795703205e-01 1.525944469731451980e-01 6.948111060537096595e-01 1.467910787437414766e-01 5.803368229403732710e-03 0.000000000000000000e+00
4.300000000000000000e+03 1.719948947981642107e-01 1.455393718707328199e-01 6.979972690031861493e-01 1.495220755575785154e-01 6.941283568502503235e-03 0.000000000000000000e+00
4.325000000000000000e+03 1.729948651167583229e-01 1.430359581247155343e-01 7.020937642239417631e-01 1.482703686845698587e-01 6.599908966772872511e-03 0.000000000000000000e+00
4.350000000000000000e+03 1.739948354353522131e-01 1.325671370050068298e-01 7.116522530723714546e-01 1.508875739644970349e-01 4.893035958124715423e-03 0.000000000000000000e+00
4.375000000000000000e+03 1.749948057539463253e-01 1.257396449704142050e-01 7.189349112426035582e-01 1.499772416932180219e-01 5.348202093764223633e-03 0.000000000000000000e+00
4.400000000000000000e+03 1.759947760725402155e-01 1.256258534365043145e-01 7.251934456076467583e-01 1.447428311333636697e-01 4.437869822485207214e-03 0.000000000000000000e+00
4.425000000000000000e+03 1.769947463911341057e-01 1.231224396904870289e-01 7.303140646335912756e-01 1.422394173873463841e-01 4.324078288575329727e-03 0.000000000000000000e+00
4.450000000000000000e+03 1.779947167097282179e-01 1.214155666818388657e-01 7.314519799726900695e-01 1.428083750568957533e-01 4.324078288575329727e-03 0.000000000000000000e+00
4.475000000000000000e+03 1.789946870283221081e-01 1.223258989531178925e-01 7.304278561675011661e-01 1.421256258534364936e-01 5.120619025944469528e-03 0.000000000000000000e+00
4.500000000000000000e+03 1.799946573469162203e-01 1.249431042330450548e-01 7.266727355484752238e-01 1.444014565316340537e-01 3.982703686845699004e-03 0.000000000000000000e+00
4.525000000000000000e+03 1.809946276655101105e-01 1.173190714610832935e-01 7.280382339553936877e-01 1.488393263541192557e-01 5.803368229403732710e-03 0.000000000000000000e+00
4.550000000000000000e+03 1.819945979841040007e-01 1.200500682749203463e-01 7.265589440145653333e-01 1.496358670914884059e-01 3.755120619025944465e-03 0.000000000000000000e+00
4.575000000000000000e+03 1.829945683026981129e-01 1.214155666818388657e-01 7.222348657259899385e-01 1.519116977696859383e-01 4.437869822485207214e-03 0.000000000000000000e+00
4.600000000000000000e+03 1.839945386212920031e-01 1.199362767410104696e-01 7.193900773782430091e-01 1.560081929904415243e-01 4.665452890304961318e-03 0.000000000000000000e+00
4.625000000000000000e+03 1.849945089398861153e-01 1.199362767410104696e-01 7.184797451069639962e-01 1.572598998634501533e-01 4.324078288575329727e-03 0.000000000000000000e+00
4.650000000000000000e+03 1.859944792584800055e-01 1.175466545289030468e-01 7.179107874374146547e-01 1.599908966772872199e-01 4.551661356395083832e-03 0.000000000000000000e+00
4.675000000000000000e+03 1.869944495770738957e-01 1.199362767410104696e-01 7.166590805644059703e-01 1.594219390077378229e-01 3.982703686845699004e-03 0.000000000000000000e+00
4.700000000000000000e+03 1.879944198956680079e-01 1.180018206645425533e-01 7.149522075557578349e-01 1.616977696859353553e-01 5.348202093764223633e-03 0.000000000000000000e+00
4.725000000000000000e+03 1.889943902142618981e-01 1.198224852071005930e-01 7.134729176149294805e-01 1.615839781520254925e-01 5.120619025944469528e-03 0.000000000000000000e+00
4.750000000000000000e+03 1.899943605328560103e-01 1.195949021392808398e-01 7.135867091488393710e-01 1.610150204824760956e-01 5.803368229403732710e-03 0.000000000000000000e+00
4.775000000000000000e+03 1.909943308514499005e-01 1.202776513427400995e-01 7.094902139280837572e-01 1.636322257624032717e-01 6.599908966772872511e-03 0.000000000000000000e+00
4.800000000000000000e+03 1.919943011700437907e-01 1.183431952662721831e-01 7.101729631315429891e-01 1.654528903049612976e-01 6.030951297223486815e-03 0.000000000000000000e+00
4.825000000000000000e+03 1.929942714886379029e-01 1.205052344105598527e-01 7.071005917159762788e-01 1.665908056440600915e-01 5.803368229403732710e-03 0.000000000000000000e+00
4.850000000000000000e+03 1.939942418072317931e-01 1.217569412835685094e-01 7.055075102412380339e-01 1.667045971779699542e-01 6.030951297223486815e-03 0.000000000000000000e+00
4.875000000000000000e+03 1.949942121258259053e-01 1.242603550295857950e-01 7.066454255803368278e-01 1.648839326354119283e-01 4.210286754665453109e-03 0.000000000000000000e+00
4.900000000000000000e+03 1.959941824444197955e-01 1.253982703686845612e-01 7.085798816568047442e-01 1.605598543468365891e-01 5.461993627674101119e-03 0.000000000000000000e+00
4.925000000000000000e+03 1.969941527630136857e-01 1.209604005461993592e-01 7.118798361401911245e-01 1.623805188893946427e-01 4.779244424214838804e-03 0.000000000000000000e+00
4.950000000000000000e+03 1.979941230816077979e-01 1.198224852071005930e-01 7.109695038689121116e-01 1.627218934911242587e-01 6.486117432862995025e-03 0.000000000000000000e+00
4.975000000000000000e+03 1.989940934002016881e-01 1.165225307237141572e-01 7.137005006827491504e-01 1.660218479745106945e-01 3.755120619025944465e-03 0.000000000000000000e+00
5.000000000000000000e+03 1.999940637187955783e-01 1.081019572143832458e-01 7.208693673190714746e-01 1.673873463814292140e-01 3.641329085116067413e-03 0.000000000000000000e+00
5.025000000000000000e+03 2.009940340373896905e-01 1.065088757396449731e-01 7.216659080564405970e-01 1.686390532544378706e-01 3.186162949476558769e-03 0.000000000000000000e+00
5.050000000000000000e+03 2.019940043559835807e-01 1.066226672735548497e-01 7.233727810650887324e-01 1.668183887118798447e-01 3.186162949476558769e-03 0.000000000000000000e+00
5.075000000000000000e+03 2.029939746745776930e-01 1.051433773327264398e-01 7.238279472007282944e-01 1.677287209831588577e-01 3.299954483386436255e-03 0.000000000000000000e+00
5.100000000000000000e+03 2.039939449931715831e-01 1.070778334091943562e-01 7.229176149294492815e-01 1.679563040509786109e-01 2.048247610377787811e-03 0.000000000000000000e+00
5.125000000000000000e+03 2.049939153117654733e-01 1.084433318161128756e-01 7.229176149294492815e-01 1.673873463814292140e-01 1.251706873008648227e-03 0.000000000000000000e+00
5.150000000000000000e+03 2.059938856303595855e-01 1.054847519344560697e-01 7.240555302685480754e-01 1.690942193900773771e-01 1.365498406918525280e-03 0.000000000000000000e+00
5.175000000000000000e+03 2.069938559489534757e-01 1.092398725534820259e-01 7.216659080564405970e-01 1.676149294492489672e-01 1.479289940828402332e-03 0.000000000000000000e+00
5.200000000000000000e+03 2.079938262675475880e-01 1.086709148839326289e-01 7.220072826581702685e-01 1.671597633136094607e-01 2.162039144287664864e-03 0.000000000000000000e+00
5.225000000000000000e+03 2.089937965861414781e-01 1.092398725534820259e-01 7.204142011834319126e-01 1.685252617205279801e-01 1.820664542558033706e-03 0.000000000000000000e+00
5.250000000000000000e+03 2.099937669047353683e-01 1.086709148839326289e-01 7.215521165225307065e-01 1.676149294492489672e-01 2.162039144287664864e-03 0.000000000000000000e+00
5.275000000000000000e+03 2.109937372233294806e-01 1.091260810195721492e-01 7.215521165225307065e-01 1.677287209831588577e-01 1.593081474738279385e-03 0.000000000000000000e+00
5.300000000000000000e+03 2.119937075419233707e-01 1.069640418752844796e-01 7.218934911242603780e-01 1.680700955848884737e-01 3.072371415566681717e-03 0.000000000000000000e+00
5.325000000000000000e+03 2.129936778605174830e-01 1.070778334091943562e-01 7.221210741920801590e-01 1.689804278561675144e-01 1.820664542558033706e-03 0.000000000000000000e+00
5.350000000000000000e+03 2.139936481791113732e-01 1.066226672735548497e-01 7.237141556668184039e-01 1.677287209831588577e-01 1.934456076467910759e-03 0.000000000000000000e+00
5.375000000000000000e+03 2.149936184977052633e-01 1.058261265361857134e-01 7.241693218024578549e-01 1.681838871187983642e-01 1.820664542558033706e-03 0.000000000000000000e+00
5.400000000000000000e+03 2.159935888162993756e-01 1.068502503413746030e-01 7.236003641329085134e-01 1.675011379153391045e-01 2.048247610377787811e-03 0.000000000000000000e+00
5.425000000000000000e+03 2.169935591348932657e-01 1.078743741465634925e-01 7.225762403277196100e-01 1.679563040509786109e-01 1.593081474738279385e-03 0.000000000000000000e+00
5.450000000000000000e+03 2.179935294534873780e-01 1.093536640873919025e-01 7.204142011834319126e-01 1.686390532544378706e-01 1.593081474738279385e-03 0.000000000000000000e+00
5.475000000000000000e+03 2.189934997720812682e-01 1.100364132908511622e-01 7.197314519799726806e-01 1.681838871187983642e-01 2.048247610377787811e-03 0.000000000000000000e+00
5.500000000000000000e+03 2.199934700906751583e-01 1.120846609012289552e-01 7.199590350477924616e-01 1.668183887118798447e-01 1.137915339098770958e-03 0.000000000000000000e+00
5.525000000000000000e+03 2.209934404092692706e-01 1.110605370960400518e-01 7.216659080564405970e-01 1.661356395084205850e-01 1.137915339098770958e-03 0.000000000000000000e+00
5.550000000000000000e+03 2.219934107278631608e-01 1.075329995448338627e-01 7.241693218024578549e-01 1.660218479745106945e-01 2.275830678197541916e-03 0.000000000000000000e+00
5.575000000000000000e+03 2.229933810464572730e-01 1.091260810195721492e-01 7.250796540737368678e-01 1.637460172963131622e-01 2.048247610377787811e-03 0.000000000000000000e+00
5.600000000000000000e+03 2.239933513650511632e-01 1.060537096040054666e-01 7.287209831588530307e-01 1.635184342284934089e-01 1.706873008648156654e-03 0.000000000000000000e+00
5.625000000000000000e+03 2.249933216836450534e-01 1.067364588074647264e-01 7.286071916249431402e-01 1.629494765589440120e-01 1.706873008648156654e-03 0.000000000000000000e+00
5.650000000000000000e+03 2.259932920022391656e-01 1.049157942649066866e-01 7.305416477014110566e-01 1.628356850250341492e-01 1.706873008648156654e-03 0.000000000000000000e+00
5.675000000000000000e+03 2.269932623208330558e-01 1.054847519344560697e-01 7.305416477014110566e-01 1.626081019572143960e-01 1.365498406918525280e-03 0.000000000000000000e+00
