# itime ezz other fcc hcp bcc ico
0.000000000000000000e+00 0.000000000000000000e+00 1.479289940828402332e-03 9.985207100591716456e-01 0.000000000000000000e+00 0.000000000000000000e+00 0.000000000000000000e+00
2.500000000000000000e+02 1.000002699233526471e-02 9.103322712790168532e-04 9.990896677287209870e-01 0.000000000000000000e+00 0.000000000000000000e+00 0.000000000000000000e+00
5.000000000000000000e+02 2.000005398467075146e-02 1.706873008648156654e-03 9.982931269913518646e-01 0.000000000000000000e+00 0.000000000000000000e+00 0.000000000000000000e+00
7.500000000000000000e+02 3.000008097700601617e-02 5.689576695493855224e-03 9.943104233045061413e-01 0.000000000000000000e+00 0.000000000000000000e+00 0.000000000000000000e+00
1.000000000000000000e+03 4.000010796934150292e-02 4.779244424214838804e-03 9.951069640418752638e-01 0.000000000000000000e+00 1.137915339098771066e-04 0.000000000000000000e+00
1.250000000000000000e+03 5.000013496167676763e-02 1.126536185707783383e-02 9.879380974055530507e-01 0.000000000000000000e+00 7.965407373691396923e-04 0.000000000000000000e+00
1.500000000000000000e+03 6.000016195401225438e-02 2.890304961310878606e-02 9.691624943104233392e-01 0.000000000000000000e+00 1.934456076467910759e-03 0.000000000000000000e+00
1.750000000000000000e+03 7.000018894634751909e-02 4.699590350477924477e-02 9.498179335457441752e-01 0.000000000000000000e+00 3.186162949476558769e-03 0.000000000000000000e+00
2.000000000000000000e+03 8.000021593868300585e-02 9.342284934000910646e-02 8.990669094219390090e-01 0.000000000000000000e+00 7.510241238051888930e-03 0.000000000000000000e+00
2.250000000000000000e+03 9.000024293101827055e-02 1.760355029585798925e-01 7.948338643604915266e-01 0.000000000000000000e+00 2.913063268092853930e-02 0.000000000000000000e+00
2.500000000000000000e+03 1.000002699233535353e-01 3.397815202548930547e-01 4.881656804733727761e-01 6.486117432862995025e-03 1.655666818388711881e-01 0.000000000000000000e+00
2.750000000000000000e+03 1.100002969156890220e-01 3.859808830223031562e-01 2.777651342740100060e-01 3.982703686845699004e-02 2.964269458352298825e-01 0.000000000000000000e+00
3.000000000000000000e+03 1.200003239080242867e-01 4.326354119253527641e-01 1.956076467910787542e-01 5.689576695493855224e-02 3.148611743286299225e-01 0.000000000000000000e+00
3.250000000000000000e+03 1.300003509003597735e-01 4.633591260810195900e-01 1.659080564406008318e-01 8.272644515248064878e-02 2.880063723258989294e-01 0.000000000000000000e+00
3.500000000000000000e+03 1.400003778926950382e-01 5.087619481110605690e-01 1.102639963586709154e-01 9.888484296768319803e-02 2.820892125625853453e-01 0.000000000000000000e+00
3.750000000000000000e+03 1.500004048850305249e-01 5.364132908511606290e-01 7.077833409194356218e-02 1.211879836140191125e-01 2.716203914428766408e-01 0.000000000000000000e+00
4.000000000000000000e+03 1.600004318773657896e-01 5.737369139736003820e-01 5.757851615839781195e-02 1.359808830223031284e-01 2.327036868456986707e-01 0.000000000000000000e+00
4.250000000000000000e+03 1.700004588697012764e-01 6.003641329085116496e-01 5.689576695493855224e-02 1.871870732817478289e-01 1.555530268548019901e-01 0.000000000000000000e+00
4.500000000000000000e+03 1.800004858620365411e-01 6.112881201638598050e-01 5.814747382794720199e-02 2.132453345471096995e-01 1.173190714610832935e-01 0.000000000000000000e+00
4.750000000000000000e+03 1.900005128543720279e-01 6.094674556213017791e-01 5.712335002275830548e-02 2.393035958124715423e-01 9.399180700955848955e-02 1.137915339098771066e-04
5.000000000000000000e+03 2.000005398467072926e-01 6.327947200728265553e-01 5.678197542102867562e-02 2.399863450159308020e-01 7.032316795630405570e-02 1.137915339098771066e-04
5.250000000000000000e+03 2.100005668390425573e-01 6.479289940828402150e-01 5.814747382794720199e-02 2.427173418297678686e-01 5.120619025944470049e-02 0.000000000000000000e+00
5.500000000000000000e+03 2.200005938313780440e-01 6.631770596267637652e-01 5.450614474283113631e-02 2.294037323623122349e-01 5.291306326809285671e-02 0.000000000000000000e+00
5.750000000000000000e+03 2.300006208237133087e-01 6.862767410104688715e-01 5.450614474283113631e-02 2.224624487938097472e-01 3.675466545289030745e-02 0.000000000000000000e+00
6.000000000000000000e+03 2.400006478160487955e-01 6.986800182066453813e-01 5.598543468365953235e-02 2.117660446062812896e-01 3.356850250341374825e-02 0.000000000000000000e+00
6.250000000000000000e+03 2.500006748083840602e-01 7.258761948111061013e-01 4.824761037778789452e-02 1.954938552571688637e-01 3.026854802002730896e-02 1.137915339098771066e-04
6.500000000000000000e+03 2.600007018007195470e-01 7.411242603550295405e-01 4.642694583522986168e-02 1.843422849340008995e-01 2.799271734182976618e-02 1.137915339098771066e-04
6.750000000000000000e+03 2.700007287930548117e-01 7.415794264906691025e-01 4.619936276741010150e-02 1.860491579426490627e-01 2.594446973145198010e-02 2.275830678197542133e-04
7.000000000000000000e+03 2.800007557853902984e-01 7.531861629494766008e-01 5.040964952207555722e-02 1.754665452890304955e-01 2.082385070550751144e-02 1.137915339098771066e-04
7.250000000000000000e+03 2.900007827777255631e-01 7.544378698224851743e-01 5.086481565771506369e-02 1.752389622212107423e-01 1.923076923076923184e-02 2.275830678197542133e-04
7.500000000000000000e+03 3.000008097700608278e-01 7.556895766954938587e-01 5.541647701411014926e-02 1.746700045516613453e-01 1.399635867091488309e-02 2.275830678197542133e-04
7.750000000000000000e+03 3.100008367623963146e-01 7.707100591715976279e-01 5.268548020027309653e-02 1.630632680928539024e-01 1.331360946745562164e-02 2.275830678197542133e-04
8.000000000000000000e+03 3.200008637547315793e-01 7.748065543923532417e-01 5.143377332726445372e-02 1.589667728720983164e-01 1.467910787437414627e-02 1.137915339098771066e-04
8.250000000000000000e+03 3.300008907470670660e-01 7.858443331816112876e-01 5.109239872553481693e-02 1.498634501593081592e-01 1.308602639963586667e-02 1.137915339098771066e-04
8.500000000000000000e+03 3.400009177394023308e-01 7.966545289030496635e-01 4.665452890304961492e-02 1.450842057350933134e-01 1.115157032316795548e-02 4.551661356395084266e-04
8.750000000000000000e+03 3.500009447317378175e-01 8.154301319981793750e-01 4.392353208921256219e-02 1.299499317250796537e-01 1.046882111970869403e-02 2.275830678197542133e-04
9.000000000000000000e+03 3.600009717240730822e-01 8.286299499317251183e-01 4.119253527537550946e-02 1.187983614019117035e-01 1.103777878925807886e-02 3.413746017296313199e-04
9.250000000000000000e+03 3.700009987164083469e-01 8.390987710514338227e-01 3.914428766499772339e-02 1.093536640873919025e-01 1.194811106053709528e-02 4.551661356395084266e-04
9.500000000000000000e+03 3.800010257087436116e-01 8.573054164770140817e-01 3.459262630860263782e-02 9.649522075557578904e-02 1.149294492489758707e-02 1.137915339098771066e-04
9.750000000000000000e+03 3.900010527010790984e-01 8.656121984524350887e-01 3.379608557123350149e-02 9.046426945835230049e-02 9.672280382339554228e-03 4.551661356395084266e-04
1.000000000000000000e+04 4.000010796934143631e-01 8.716431497496586189e-01 3.095129722348657214e-02 8.352298588984979899e-02 1.331360946745562164e-02 5.689576695493854790e-04
1.025000000000000000e+04 4.100011066857498498e-01 8.871187983614019501e-01 2.742375967228038308e-02 7.089212562585343880e-02 1.388256713700500647e-02 6.827492034592626399e-04
1.050000000000000000e+04 4.200011336780851146e-01 8.994082840236686804e-01 2.639963586709149004e-02 6.053709604005461792e-02 1.274465179790623508e-02 9.103322712790168532e-04
1.075000000000000000e+04 4.300011606704206013e-01 9.032771961766045132e-01 2.651342740100136666e-02 5.678197542102867562e-02 1.285844333181611343e-02 5.689576695493854790e-04
1.100000000000000000e+04 4.400011876627558660e-01 9.088529813381884814e-01 2.605826126536185672e-02 4.972690031861629750e-02 1.445152480655439303e-02 9.103322712790168532e-04
1.125000000000000000e+04 4.500012146550911307e-01 9.139736003641328876e-01 2.241693218024579104e-02 4.779244424214838111e-02 1.479289940828402289e-02 1.024123805188893906e-03
1.150000000000000000e+04 4.600012416474266175e-01 9.237596722803823601e-01 2.105143377332726468e-02 4.255803368229403583e-02 1.160673645880746542e-02 1.024123805188893906e-03
1.175000000000000000e+04 4.700012686397618822e-01 9.228493400091033472e-01 2.196176604460628110e-02 4.073736913973600299e-02 1.297223486572599005e-02 1.479289940828402332e-03
1.200000000000000000e+04 4.800012956320973689e-01 9.312699135184342447e-01 1.866181156121984527e-02 3.755120619025944378e-02 1.126536185707783383e-02 1.251706873008648227e-03
1.225000000000000000e+04 4.900013226244326336e-01 9.370732817478379939e-01 1.661356395084205573e-02 3.231679563040509851e-02 1.342740100136549826e-02 5.689576695493854790e-04
1.250000000000000000e+04 5.000013496167681204e-01 9.431042330450614131e-01 1.775147928994082885e-02 2.958579881656804578e-02 8.534365043240782836e-03 1.024123805188893906e-03
1.275000000000000000e+04 5.100013766091033851e-01 9.484524351388257113e-01 1.456531634046426965e-02 2.742375967228038308e-02 8.875739644970414427e-03 6.827492034592626399e-04
1.300000000000000000e+04 5.200014036014388719e-01 9.481110605370960398e-01 1.422394173873463806e-02 2.765134274010013632e-02 9.217114246700046018e-03 7.965407373691396923e-04
1.325000000000000000e+04 5.300014305937741366e-01 9.514110150204825311e-01 1.285844333181611343e-02 2.696859353664087314e-02 7.624032771961766417e-03 1.137915339098770958e-03
1.350000000000000000e+04 5.400014575861096233e-01 9.536868456986800080e-01 1.388256713700500647e-02 2.537551206190259354e-02 5.348202093764223633e-03 1.706873008648156654e-03
1.375000000000000000e+04 5.500014845784448880e-01 9.501593081474738467e-01 1.547564861174328607e-02 2.696859353664087314e-02 6.144742831133363434e-03 1.251706873008648227e-03
1.400000000000000000e+04 5.600015115707801527e-01 9.596040054619936477e-01 1.274465179790623508e-02 2.025489303595812488e-02 5.461993627674101119e-03 1.934456076467910759e-03
1.425000000000000000e+04 5.700015385631156395e-01 9.634729176149294805e-01 1.172052799271734204e-02 1.741010468821119553e-02 6.486117432862995025e-03 9.103322712790168532e-04
1.450000000000000000e+04 5.800015655554509042e-01 9.698452435138825711e-01 1.183431952662721866e-02 1.365498406918525323e-02 3.755120619025944465e-03 9.103322712790168532e-04
1.475000000000000000e+04 5.900015925477863910e-01 9.715521165225307065e-01 9.444697314519799256e-03 1.342740100136549826e-02 4.210286754665453109e-03 1.365498406918525280e-03
1.500000000000000000e+04 6.000016195401216557e-01 9.729176149294492815e-01 8.534365043240782836e-03 1.240327719617660522e-02 4.437869822485207214e-03 1.706873008648156654e-03
1.525000000000000000e+04 6.100016465324571424e-01 9.766727355484752238e-01 6.144742831133363434e-03 1.137915339098771045e-02 4.551661356395083832e-03 1.251706873008648227e-03
1.550000000000000000e+04 6.200016735247924071e-01 9.753072371415566488e-01 6.144742831133363434e-03 1.172052799271734204e-02 5.006827492034592909e-03 1.820664542558033706e-03
1.575000000000000000e+04 6.300017005171278939e-01 9.755348202093764298e-01 7.396449704142011444e-03 1.137915339098771045e-02 4.096495220755575623e-03 1.593081474738279385e-03
1.600000000000000000e+04 6.400017275094631586e-01 9.786071916249431402e-01 6.941283568502503235e-03 9.330905780609922637e-03 3.299954483386436255e-03 1.820664542558033706e-03
1.625000000000000000e+04 6.500017545017984233e-01 9.800864815657714946e-01 6.599908966772872511e-03 9.103322712790167665e-03 2.730996813837050560e-03 1.479289940828402332e-03
1.650000000000000000e+04 6.600017814941339100e-01 9.779244424214837972e-01 6.713700500682749130e-03 1.172052799271734204e-02 1.479289940828402332e-03 2.162039144287664864e-03
1.675000000000000000e+04 6.700018084864691748e-01 9.816795630405097395e-01 6.486117432862995025e-03 8.079198907601274626e-03 1.706873008648156654e-03 2.048247610377787811e-03
1.700000000000000000e+04 6.800018354788046615e-01 9.847519344560764498e-01 5.006827492034592909e-03 6.827492034592626616e-03 1.365498406918525280e-03 2.048247610377787811e-03
1.725000000000000000e+04 6.900018624711399262e-01 9.820209376422394110e-01 6.258534365043240920e-03 7.396449704142011444e-03 1.479289940828402332e-03 2.844788347746927612e-03
1.750000000000000000e+04 7.000018894634754130e-01 9.835002275830677654e-01 5.689576695493855224e-03 7.055075102412380721e-03 2.048247610377787811e-03 1.706873008648156654e-03
1.775000000000000000e+04 7.100019164558106777e-01 9.816795630405097395e-01 5.803368229403732710e-03 8.761948111060537808e-03 1.365498406918525280e-03 2.389622212107419402e-03
1.800000000000000000e+04 7.200019434481461644e-01 9.854346836595356818e-01 6.372325898953117539e-03 5.689576695493855224e-03 6.827492034592626399e-04 1.820664542558033706e-03
1.825000000000000000e+04 7.300019704404814291e-01 9.854346836595356818e-01 4.893035958124715423e-03 6.713700500682749130e-03 1.365498406918525280e-03 1.593081474738279385e-03
1.850000000000000000e+04 7.400019974328169159e-01 9.858898497951752438e-01 4.551661356395083832e-03 6.372325898953117539e-03 1.593081474738279385e-03 1.593081474738279385e-03
1.875000000000000000e+04 7.500020244251521806e-01 9.848657259899863403e-01 4.893035958124715423e-03 7.168866636322257339e-03 1.024123805188893906e-03 2.048247610377787811e-03
1.900000000000000000e+04 7.600020514174874453e-01 9.855484751934455723e-01 4.779244424214838804e-03 6.258534365043240920e-03 9.103322712790168532e-04 2.503413746017296455e-03
1.925000000000000000e+04 7.700020784098229321e-01 9.858898497951752438e-01 4.551661356395083832e-03 5.689576695493855224e-03 1.024123805188893906e-03 2.844788347746927612e-03
1.950000000000000000e+04 7.800021054021581968e-01 9.874829312699134887e-01 4.893035958124715423e-03 5.461993627674101119e-03 7.965407373691396923e-04 1.365498406918525280e-03
1.975000000000000000e+04 7.900021323944936835e-01 9.875967228038233792e-01 4.324078288575329727e-03 3.982703686845699004e-03 1.251706873008648227e-03 2.844788347746927612e-03
2.000000000000000000e+04 8.000021593868289482e-01 9.871415566681839282e-01 4.437869822485207214e-03 5.803368229403732710e-03 9.103322712790168532e-04 1.706873008648156654e-03
2.025000000000000000e+04 8.100021863791644350e-01 9.915794264906691025e-01 2.958579881656804664e-03 3.186162949476558769e-03 6.827492034592626399e-04 1.593081474738279385e-03
2.050000000000000000e+04 8.200022133714996997e-01 9.907828857532999800e-01 2.958579881656804664e-03 4.210286754665453109e-03 4.551661356395084266e-04 1.593081474738279385e-03
2.075000000000000000e+04 8.300022403638351864e-01 9.901001365498406370e-01 2.503413746017296455e-03 4.324078288575329727e-03 9.103322712790168532e-04 2.162039144287664864e-03
2.100000000000000000e+04 8.400022673561704512e-01 9.912380518889394310e-01 3.186162949476558769e-03 3.186162949476558769e-03 9.103322712790168532e-04 1.479289940828402332e-03
2.125000000000000000e+04 8.500022943485057159e-01 9.924897587619481154e-01 1.593081474738279385e-03 2.844788347746927612e-03 1.024123805188893906e-03 2.048247610377787811e-03
2.150000000000000000e+04 8.600023213408412026e-01 9.924897587619481154e-01 2.162039144287664864e-03 2.275830678197541916e-03 6.827492034592626399e-04 2.389622212107419402e-03
2.175000000000000000e+04 8.700023483331764673e-01 9.924897587619481154e-01 2.048247610377787811e-03 2.844788347746927612e-03 4.551661356395084266e-04 2.162039144287664864e-03
2.200000000000000000e+04 8.800023753255119541e-01 9.923759672280382249e-01 2.162039144287664864e-03 2.844788347746927612e-03 7.965407373691396923e-04 1.820664542558033706e-03
2.225000000000000000e+04 8.900024023178472188e-01 9.928311333636777869e-01 2.503413746017296455e-03 3.072371415566681717e-03 6.827492034592626399e-04 9.103322712790168532e-04
2.250000000000000000e+04 9.000024293101827055e-01 9.914656349567592120e-01 1.934456076467910759e-03 2.730996813837050560e-03 1.479289940828402332e-03 2.389622212107419402e-03
2.275000000000000000e+04 9.100024563025179702e-01 9.929449248975875664e-01 1.934456076467910759e-03 2.503413746017296455e-03 4.551661356395084266e-04 2.162039144287664864e-03
2.300000000000000000e+04 9.200024832948534570e-01 9.923759672280382249e-01 1.820664542558033706e-03 2.503413746017296455e-03 7.965407373691396923e-04 2.503413746017296455e-03
2.325000000000000000e+04 9.300025102871887217e-01 9.931725079654073474e-01 1.479289940828402332e-03 2.162039144287664864e-03 3.413746017296313199e-04 2.844788347746927612e-03
2.350000000000000000e+04 9.400025372795239864e-01 9.946517979062358128e-01 1.251706873008648227e-03 1.934456076467910759e-03 3.413746017296313199e-04 1.820664542558033706e-03
2.375000000000000000e+04 9.500025642718594732e-01 9.940828402366863603e-01 1.137915339098770958e-03 2.162039144287664864e-03 6.827492034592626399e-04 1.934456076467910759e-03
2.400000000000000000e+04 9.600025912641947379e-01 9.940828402366863603e-01 1.479289940828402332e-03 1.820664542558033706e-03 6.827492034592626399e-04 1.934456076467910759e-03
2.425000000000000000e+04 9.700026182565302246e-01 9.948793809740554828e-01 1.024123805188893906e-03 1.820664542558033706e-03 2.275830678197542133e-04 2.048247610377787811e-03
2.450000000000000000e+04 9.800026452488654893e-01 9.957897132453344957e-01 6.827492034592626399e-04 1.820664542558033706e-03 4.551661356395084266e-04 1.251706873008648227e-03
2.475000000000000000e+04 9.900026722412009761e-01 9.952207555757851543e-01 1.024123805188893906e-03 1.251706873008648227e-03 2.275830678197542133e-04 2.275830678197541916e-03
2.500000000000000000e+04 1.000002699233536241e+00 9.951069640418752638e-01 9.103322712790168532e-04 2.162039144287664864e-03 1.137915339098771066e-04 1.706873008648156654e-03
