# itime ezz other fcc hcp bcc ico
0.000000000000000000e+00 0.000000000000000000e+00 1.479289940828402332e-03 9.985207100591716456e-01 0.000000000000000000e+00 0.000000000000000000e+00 0.000000000000000000e+00
2.500000000000000000e+01 1.000018743474662131e-03 1.251706873008648227e-03 9.987482931269913156e-01 0.000000000000000000e+00 0.000000000000000000e+00 0.000000000000000000e+00
5.000000000000000000e+01 2.000037486949324261e-03 6.827492034592626399e-04 9.993172507965407680e-01 0.000000000000000000e+00 0.000000000000000000e+00 0.000000000000000000e+00
7.500000000000000000e+01 3.000056230423986392e-03 1.365498406918525280e-03 9.986345015930814251e-01 0.000000000000000000e+00 0.000000000000000000e+00 0.000000000000000000e+00
1.000000000000000000e+02 4.000074973898648523e-03 1.706873008648156654e-03 9.982931269913518646e-01 0.000000000000000000e+00 0.000000000000000000e+00 0.000000000000000000e+00
1.250000000000000000e+02 5.000093717373310653e-03 1.137915339098770958e-03 9.988620846609012061e-01 0.000000000000000000e+00 0.000000000000000000e+00 0.000000000000000000e+00
1.500000000000000000e+02 6.000112460847972784e-03 1.365498406918525280e-03 9.986345015930814251e-01 0.000000000000000000e+00 0.000000000000000000e+00 0.000000000000000000e+00
1.750000000000000000e+02 7.000131204322412870e-03 7.965407373691396923e-04 9.992034592626308775e-01 0.000000000000000000e+00 0.000000000000000000e+00 0.000000000000000000e+00
2.000000000000000000e+02 8.000149947797075001e-03 1.137915339098770958e-03 9.988620846609012061e-01 0.000000000000000000e+00 0.000000000000000000e+00 0.000000000000000000e+00
2.250000000000000000e+02 9.000168691271737131e-03 1.820664542558033706e-03 9.981793354574419741e-01 0.000000000000000000e+00 0.000000000000000000e+00 0.000000000000000000e+00
2.500000000000000000e+02 1.000018743474639926e-02 1.820664542558033706e-03 9.981793354574419741e-01 0.000000000000000000e+00 0.000000000000000000e+00 0.000000000000000000e+00
2.750000000000000000e+02 1.100020617822106139e-02 3.413746017296313199e-04 9.996586253982703285e-01 0.000000000000000000e+00 0.000000000000000000e+00 0.000000000000000000e+00
3.000000000000000000e+02 1.200022492169572352e-02 3.413746017296313199e-04 9.995448338643604380e-01 0.000000000000000000e+00 1.137915339098771066e-04 0.000000000000000000e+00
3.250000000000000000e+02 1.300024366517038565e-02 1.251706873008648227e-03 9.987482931269913156e-01 0.000000000000000000e+00 0.000000000000000000e+00 0.000000000000000000e+00
3.500000000000000000e+02 1.400026240864504778e-02 1.365498406918525280e-03 9.986345015930814251e-01 0.000000000000000000e+00 0.000000000000000000e+00 0.000000000000000000e+00
3.750000000000000000e+02 1.500028115211970992e-02 7.965407373691396923e-04 9.992034592626308775e-01 0.000000000000000000e+00 0.000000000000000000e+00 0.000000000000000000e+00
4.000000000000000000e+02 1.600029989559437205e-02 1.934456076467910759e-03 9.980655439235320836e-01 0.000000000000000000e+00 0.000000000000000000e+00 0.000000000000000000e+00
4.250000000000000000e+02 1.700031863906903418e-02 2.389622212107419402e-03 9.976103777878926326e-01 0.000000000000000000e+00 0.000000000000000000e+00 0.000000000000000000e+00
4.500000000000000000e+02 1.800033738254369631e-02 1.820664542558033706e-03 9.980655439235320836e-01 0.000000000000000000e+00 1.137915339098771066e-04 0.000000000000000000e+00
4.750000000000000000e+02 1.900035612601835844e-02 7.965407373691396923e-04 9.992034592626308775e-01 0.000000000000000000e+00 0.000000000000000000e+00 0.000000000000000000e+00
5.000000000000000000e+02 2.000037486949302057e-02 2.275830678197542133e-04 9.997724169321802190e-01 0.000000000000000000e+00 0.000000000000000000e+00 0.000000000000000000e+00
5.250000000000000000e+02 2.100039361296746065e-02 3.755120619025944465e-03 9.962448793809740577e-01 0.000000000000000000e+00 0.000000000000000000e+00 0.000000000000000000e+00
5.500000000000000000e+02 2.200041235644212279e-02 4.324078288575329727e-03 9.954483386436049352e-01 0.000000000000000000e+00 2.275830678197542133e-04 0.000000000000000000e+00
5.750000000000000000e+02 2.300043109991678492e-02 2.958579881656804664e-03 9.969276285844332897e-01 0.000000000000000000e+00 1.137915339098771066e-04 0.000000000000000000e+00
6.000000000000000000e+02 2.400044984339144705e-02 1.479289940828402332e-03 9.985207100591716456e-01 0.000000000000000000e+00 0.000000000000000000e+00 0.000000000000000000e+00
6.250000000000000000e+02 2.500046858686610918e-02 3.527537551206190360e-03 9.963586709148839482e-01 0.000000000000000000e+00 1.137915339098771066e-04 0.000000000000000000e+00
6.500000000000000000e+02 2.600048733034077131e-02 3.868912152935821518e-03 9.957897132453344957e-01 0.000000000000000000e+00 3.413746017296313199e-04 0.000000000000000000e+00
6.750000000000000000e+02 2.700050607381543344e-02 3.072371415566681717e-03 9.969276285844332897e-01 0.000000000000000000e+00 0.000000000000000000e+00 0.000000000000000000e+00
7.000000000000000000e+02 2.800052481729009557e-02 1.706873008648156654e-03 9.982931269913518646e-01 0.000000000000000000e+00 0.000000000000000000e+00 0.000000000000000000e+00
7.250000000000000000e+02 2.900054356076475770e-02 1.251706873008648227e-03 9.986345015930814251e-01 0.000000000000000000e+00 1.137915339098771066e-04 0.000000000000000000e+00
7.500000000000000000e+02 3.000056230423941983e-02 3.755120619025944465e-03 9.961310878470641672e-01 0.000000000000000000e+00 1.137915339098771066e-04 0.000000000000000000e+00
7.750000000000000000e+02 3.100058104771408196e-02 6.713700500682749130e-03 9.932862994993172379e-01 0.000000000000000000e+00 0.000000000000000000e+00 0.000000000000000000e+00
8.000000000000000000e+02 3.200059979118874409e-02 5.917159763313609329e-03 9.939690487027764698e-01 0.000000000000000000e+00 1.137915339098771066e-04 0.000000000000000000e+00
8.250000000000000000e+02 3.300061853466340622e-02 3.641329085116067413e-03 9.962448793809740577e-01 0.000000000000000000e+00 1.137915339098771066e-04 0.000000000000000000e+00
8.500000000000000000e+02 3.400063727813784631e-02 2.730996813837050560e-03 9.970414201183431802e-01 0.000000000000000000e+00 2.275830678197542133e-04 0.000000000000000000e+00
8.750000000000000000e+02 3.500065602161250844e-02 6.030951297223486815e-03 9.938552571688666903e-01 0.000000000000000000e+00 1.137915339098771066e-04 0.000000000000000000e+00
9.000000000000000000e+02 3.600067476508717057e-02 4.665452890304961318e-03 9.951069640418752638e-01 0.000000000000000000e+00 2.275830678197542133e-04 0.000000000000000000e+00
9.250000000000000000e+02 3.700069350856183270e-02 5.689576695493855224e-03 9.940828402366863603e-01 0.000000000000000000e+00 2.275830678197542133e-04 0.000000000000000000e+00
9.500000000000000000e+02 3.800071225203649483e-02 6.599908966772872511e-03 9.929449248975875664e-01 0.000000000000000000e+00 4.551661356395084266e-04 0.000000000000000000e+00
9.750000000000000000e+02 3.900073099551115696e-02 7.624032771961766417e-03 9.923759672280382249e-01 0.000000000000000000e+00 0.000000000000000000e+00 0.000000000000000000e+00
1.000000000000000000e+03 4.000074973898581909e-02 8.648156577150659455e-03 9.911242603550295405e-01 0.000000000000000000e+00 2.275830678197542133e-04 0.000000000000000000e+00
1.025000000000000000e+03 4.100076848246048122e-02 7.624032771961766417e-03 9.920345926263085534e-01 0.000000000000000000e+00 3.413746017296313199e-04 0.000000000000000000e+00
1.050000000000000000e+03 4.200078722593514335e-02 4.779244424214838804e-03 9.949931725079653733e-01 0.000000000000000000e+00 2.275830678197542133e-04 0.000000000000000000e+00
1.075000000000000000e+03 4.300080596940980548e-02 7.510241238051888930e-03 9.920345926263085534e-01 0.000000000000000000e+00 4.551661356395084266e-04 0.000000000000000000e+00
1.100000000000000000e+03 4.400082471288446762e-02 9.786071916249430847e-03 9.896449704142011861e-01 0.000000000000000000e+00 5.689576695493854790e-04 0.000000000000000000e+00
1.125000000000000000e+03 4.500084345635912975e-02 9.786071916249430847e-03 9.896449704142011861e-01 0.000000000000000000e+00 5.689576695493854790e-04 0.000000000000000000e+00
1.150000000000000000e+03 4.600086219983379188e-02 1.126536185707783383e-02 9.885070550751023921e-01 0.000000000000000000e+00 2.275830678197542133e-04 0.000000000000000000e+00
1.175000000000000000e+03 4.700088094330845401e-02 1.183431952662721866e-02 9.879380974055530507e-01 0.000000000000000000e+00 2.275830678197542133e-04 0.000000000000000000e+00
1.200000000000000000e+03 4.800089968678289409e-02 8.192990441511151245e-03 9.915794264906691025e-01 0.000000000000000000e+00 2.275830678197542133e-04 0.000000000000000000e+00
1.225000000000000000e+03 4.900091843025755622e-02 1.092398725534820224e-02 9.883932635411925016e-01 0.000000000000000000e+00 6.827492034592626399e-04 0.000000000000000000e+00
1.250000000000000000e+03 5.000093717373221835e-02 1.012744651797906244e-02 9.896449704142011861e-01 0.000000000000000000e+00 2.275830678197542133e-04 0.000000000000000000e+00
1.275000000000000000e+03 5.100095591720688049e-02 1.240327719617660522e-02 9.870277651342740377e-01 0.000000000000000000e+00 5.689576695493854790e-04 0.000000000000000000e+00
1.300000000000000000e+03 5.200097466068154262e-02 1.524806554392353283e-02 9.833864360491579859e-01 0.000000000000000000e+00 1.365498406918525280e-03 0.000000000000000000e+00
1.325000000000000000e+03 5.300099340415620475e-02 1.775147928994082885e-02 9.809968138370505075e-01 0.000000000000000000e+00 1.251706873008648227e-03 0.000000000000000000e+00
1.350000000000000000e+03 5.400101214763086688e-02 1.706873008648156567e-02 9.823623122439690825e-01 0.000000000000000000e+00 5.689576695493854790e-04 0.000000000000000000e+00
1.375000000000000000e+03 5.500103089110552901e-02 1.797906235776058209e-02 9.817933545744196300e-01 0.000000000000000000e+00 2.275830678197542133e-04 0.000000000000000000e+00
1.400000000000000000e+03 5.600104963458019114e-02 1.888939462903959851e-02 9.805416477014110566e-01 0.000000000000000000e+00 5.689576695493854790e-04 0.000000000000000000e+00
1.425000000000000000e+03 5.700106837805485327e-02 2.241693218024579104e-02 9.764451524806554428e-01 0.000000000000000000e+00 1.137915339098770958e-03 0.000000000000000000e+00
1.450000000000000000e+03 5.800108712152951540e-02 2.617205279927173334e-02 9.721210741920801590e-01 0.000000000000000000e+00 1.706873008648156654e-03 0.000000000000000000e+00
1.475000000000000000e+03 5.900110586500417753e-02 2.321347291761493084e-02 9.749658625398270884e-01 0.000000000000000000e+00 1.820664542558033706e-03 0.000000000000000000e+00
1.500000000000000000e+03 6.000112460847883966e-02 2.753755120619025970e-02 9.713245334547109255e-01 0.000000000000000000e+00 1.137915339098770958e-03 0.000000000000000000e+00
1.525000000000000000e+03 6.100114335195327975e-02 2.890304961310878606e-02 9.695038689121528996e-01 0.000000000000000000e+00 1.593081474738279385e-03 0.000000000000000000e+00
1.550000000000000000e+03 6.200116209542794188e-02 3.299954483386435822e-02 9.656349567592170668e-01 0.000000000000000000e+00 1.365498406918525280e-03 0.000000000000000000e+00
1.575000000000000000e+03 6.300118083890260401e-02 2.969959035047792587e-02 9.685935366408738867e-01 0.000000000000000000e+00 1.706873008648156654e-03 0.000000000000000000e+00
1.600000000000000000e+03 6.400119958237726614e-02 3.413746017296313134e-02 9.639280837505689314e-01 0.000000000000000000e+00 1.934456076467910759e-03 0.000000000000000000e+00
1.625000000000000000e+03 6.500121832585192827e-02 4.472007282658170546e-02 9.520937642239417631e-01 0.000000000000000000e+00 3.186162949476558769e-03 0.000000000000000000e+00
1.650000000000000000e+03 6.600123706932659040e-02 3.504779244424215123e-02 9.629039599453800280e-01 0.000000000000000000e+00 2.048247610377787811e-03 0.000000000000000000e+00
1.675000000000000000e+03 6.700125581280125253e-02 4.472007282658170546e-02 9.533454710969503365e-01 0.000000000000000000e+00 1.934456076467910759e-03 0.000000000000000000e+00
1.700000000000000000e+03 6.800127455627591466e-02 3.891670459717797015e-02 9.586936731907146347e-01 0.000000000000000000e+00 2.389622212107419402e-03 0.000000000000000000e+00
1.725000000000000000e+03 6.900129329975057679e-02 4.710969503868912139e-02 9.497041420118342847e-01 0.000000000000000000e+00 3.186162949476558769e-03 0.000000000000000000e+00
1.750000000000000000e+03 7.000131204322523892e-02 4.346836595357305572e-02 9.533454710969503365e-01 0.000000000000000000e+00 3.186162949476558769e-03 0.000000000000000000e+00
1.775000000000000000e+03 7.100133078669990105e-02 4.802002730996814128e-02 9.492489758761948337e-01 0.000000000000000000e+00 2.730996813837050560e-03 0.000000000000000000e+00
1.800000000000000000e+03 7.200134953017456318e-02 6.121984524351388457e-02 9.346836595357305155e-01 0.000000000000000000e+00 4.096495220755575623e-03 0.000000000000000000e+00
1.825000000000000000e+03 7.300136827364922532e-02 6.213017751479289752e-02 9.332043695949021611e-01 0.000000000000000000e+00 4.665452890304961318e-03 0.000000000000000000e+00
1.850000000000000000e+03 7.400138701712366540e-02 5.314064633591260994e-02 9.404870277651342647e-01 0.000000000000000000e+00 6.372325898953117539e-03 0.000000000000000000e+00
1.875000000000000000e+03 7.500140576059832753e-02 6.725079654073737312e-02 9.270596267637687404e-01 0.000000000000000000e+00 5.689576695493855224e-03 0.000000000000000000e+00
1.900000000000000000e+03 7.600142450407298966e-02 7.555757851615839404e-02 9.175011379153390489e-01 0.000000000000000000e+00 6.941283568502503235e-03 0.000000000000000000e+00
1.925000000000000000e+03 7.700144324754765179e-02 8.875739644970413733e-02 9.036185707783340737e-01 0.000000000000000000e+00 7.624032771961766417e-03 0.000000000000000000e+00
1.950000000000000000e+03 7.800146199102231392e-02 8.739189804278561791e-02 9.046426945835229771e-01 0.000000000000000000e+00 7.965407373691398007e-03 0.000000000000000000e+00
1.975000000000000000e+03 7.900148073449697605e-02 8.693673190714611143e-02 9.056668183887118806e-01 0.000000000000000000e+00 7.396449704142011444e-03 0.000000000000000000e+00
2.000000000000000000e+03 8.000149947797163819e-02 8.932635411925353430e-02 9.017979062357760478e-01 0.000000000000000000e+00 8.875739644970414427e-03 0.000000000000000000e+00
2.025000000000000000e+03 8.100151822144630032e-02 1.024123805188894010e-01 8.864360491579426071e-01 0.000000000000000000e+00 1.115157032316795548e-02 0.000000000000000000e+00
2.050000000000000000e+03 8.200153696492096245e-02 1.084433318161128756e-01 8.797223486572598450e-01 0.000000000000000000e+00 1.183431952662721866e-02 0.000000000000000000e+00
2.075000000000000000e+03 8.300155570839562458e-02 1.150432407828857473e-01 8.718707328174783999e-01 0.000000000000000000e+00 1.308602639963586667e-02 0.000000000000000000e+00
2.100000000000000000e+03 8.400157445187028671e-02 1.191397360036413333e-01 8.636777423759672834e-01 0.000000000000000000e+00 1.718252162039144229e-02 0.000000000000000000e+00
2.125000000000000000e+03 8.500159319534494884e-02 1.370050068274920319e-01 8.426263086026399840e-01 0.000000000000000000e+00 2.036868456986800149e-02 0.000000000000000000e+00
2.150000000000000000e+03 8.600161193881961097e-02 1.454255803368229294e-01 8.302230314064633632e-01 0.000000000000000000e+00 2.435138825671370050e-02 0.000000000000000000e+00
2.175000000000000000e+03 8.700163068229427310e-02 1.523668639053254448e-01 8.222576240327719166e-01 2.275830678197542133e-04 2.514792899408284030e-02 0.000000000000000000e+00
2.200000000000000000e+03 8.800164942576871319e-02 1.642011834319526686e-01 8.051888939462903405e-01 0.000000000000000000e+00 3.060992262175694228e-02 0.000000000000000000e+00
2.225000000000000000e+03 8.900166816924337532e-02 1.835457441966317771e-01 7.831133363677742487e-01 1.137915339098771066e-04 3.322712790168411146e-02 0.000000000000000000e+00
2.250000000000000000e+03 9.000168691271803745e-02 1.976558944014565333e-01 7.592171142467000200e-01 0.000000000000000000e+00 4.312699135184342586e-02 0.000000000000000000e+00
2.275000000000000000e+03 9.100170565619269958e-02 2.038006372325898985e-01 7.455621301775148257e-01 0.000000000000000000e+00 5.063723258989531045e-02 0.000000000000000000e+00
2.300000000000000000e+03 9.200172439966736171e-02 2.191624943104233114e-01 7.206417842512516936e-01 3.413746017296313199e-04 5.985434683659535821e-02 0.000000000000000000e+00
2.325000000000000000e+03 9.300174314314202384e-02 2.336140191169776836e-01 6.908284023668639362e-01 0.000000000000000000e+00 7.555757851615839404e-02 0.000000000000000000e+00
2.350000000000000000e+03 9.400176188661668597e-02 2.422621756941283622e-01 6.661356395084205850e-01 4.551661356395084266e-04 9.114701866181156020e-02 0.000000000000000000e+00
2.375000000000000000e+03 9.500178063009134810e-02 2.530723714155666548e-01 6.375739644970414011e-01 3.413746017296313199e-04 1.090122894856622726e-01 0.000000000000000000e+00
2.400000000000000000e+03 9.600179937356601023e-02 2.696859353664087244e-01 5.975193445607647202e-01 7.965407373691396923e-04 1.319981793354574329e-01 0.000000000000000000e+00
2.425000000000000000e+03 9.700181811704067236e-02 2.909649522075557493e-01 5.533682294037323146e-01 7.965407373691396923e-04 1.548702776513427304e-01 0.000000000000000000e+00
2.450000000000000000e+03 9.800183686051533449e-02 2.870960400546199165e-01 5.224169321802457633e-01 5.689576695493854790e-04 1.899180700955848955e-01 0.000000000000000000e+00
2.475000000000000000e+03 9.900185560398999662e-02 3.107646791078743642e-01 4.708693673190714746e-01 1.820664542558033706e-03 2.165452890304961353e-01 0.000000000000000000e+00
2.500000000000000000e+03 1.000018743474646588e-01 3.320436959490213891e-01 4.221665908056440597e-01 4.437869822485207214e-03 2.413518434228493492e-01 0.000000000000000000e+00
2.525000000000000000e+03 1.010018930909390988e-01 3.595812471552116696e-01 3.733500227583067543e-01 5.461993627674101119e-03 2.616067364588074429e-01 0.000000000000000000e+00
2.550000000000000000e+03 1.020019118344137610e-01 3.542330450614474269e-01 3.521847974510696200e-01 1.001365498406918582e-02 2.835685025034137552e-01 0.000000000000000000e+00
2.575000000000000000e+03 1.030019305778884231e-01 3.713017751479290030e-01 3.266954938552571464e-01 1.228948566226672687e-02 2.897132453345471204e-01 0.000000000000000000e+00
2.600000000000000000e+03 1.040019493213630852e-01 3.642467000455166248e-01 3.133818843878015681e-01 1.593081474738279601e-02 3.064406008192990249e-01 0.000000000000000000e+00
2.625000000000000000e+03 1.050019680648377474e-01 3.644742831133363503e-01 3.013199817933545632e-01 2.275830678197542090e-02 3.114474283113336517e-01 0.000000000000000000e+00
2.650000000000000000e+03 1.060019868083124095e-01 3.730086481565771384e-01 2.837960855712334807e-01 2.309968138370505075e-02 3.200955848884842747e-01 0.000000000000000000e+00
2.675000000000000000e+03 1.070020055517870716e-01 3.731224396904870289e-01 2.789030496131087999e-01 2.446517979062357712e-02 3.235093309057806010e-01 0.000000000000000000e+00
2.700000000000000000e+03 1.080020242952617338e-01 3.774465179790623681e-01 2.707100591715976279e-01 3.186162949476559203e-02 3.199817933545744397e-01 0.000000000000000000e+00
2.725000000000000000e+03 1.090020430387363959e-01 3.806326809285389134e-01 2.729858898497951603e-01 3.072371415566681890e-02 3.156577150659991005e-01 0.000000000000000000e+00
2.750000000000000000e+03 1.100020617822110580e-01 3.785844333181611066e-01 2.593309057806099105e-01 3.390987710514337811e-02 3.281747837960855563e-01 0.000000000000000000e+00
2.775000000000000000e+03 1.110020805256857201e-01 3.883705052344105790e-01 2.529585798816568198e-01 3.470641784251251444e-02 3.239644970414201075e-01 0.000000000000000000e+00
2.800000000000000000e+03 1.120020992691603823e-01 3.816568047337278169e-01 2.482931269913518368e-01 4.107874374146563284e-02 3.289713245334547342e-01 0.000000000000000000e+00
2.825000000000000000e+03 1.130021180126350444e-01 3.922394173873463563e-01 2.368001820664542567e-01 4.176149294492489950e-02 3.291989076012744597e-01 0.000000000000000000e+00
2.850000000000000000e+03 1.140021367561097065e-01 3.878015475648611821e-01 2.287209831588529751e-01 4.574419663177059503e-02 3.377332726445152478e-01 0.000000000000000000e+00
2.875000000000000000e+03 1.150021554995841466e-01 3.974738279472007085e-01 2.225762403277196100e-01 4.380974055530268557e-02 3.361401911697769473e-01 0.000000000000000000e+00
2.900000000000000000e+03 1.160021742430588088e-01 4.012289485662266508e-01 2.109695038689121394e-01 4.710969503868912139e-02 3.406918525261720676e-01 0.000000000000000000e+00
2.925000000000000000e+03 1.170021929865334709e-01 4.061219845243513871e-01 2.101729631315430169e-01 5.029585798816568060e-02 3.334091943559399085e-01 0.000000000000000000e+00
2.950000000000000000e+03 1.180022117300081330e-01 4.187528447883477334e-01 2.010696404187528319e-01 5.598543468365953235e-02 3.241920801092398885e-01 0.000000000000000000e+00
2.975000000000000000e+03 1.190022304734827951e-01 4.161356395084205850e-01 2.014110150204824756e-01 6.349567592171143082e-02 3.189576695493855363e-01 0.000000000000000000e+00
3.000000000000000000e+03 1.200022492169574573e-01 4.477696859353664238e-01 1.939007737824305910e-01 6.099226217569413133e-02 2.973372781065088954e-01 0.000000000000000000e+00
3.025000000000000000e+03 1.210022679604321194e-01 4.278561675011379184e-01 1.944697314519799602e-01 6.781975421028675621e-02 3.098543468365953513e-01 0.000000000000000000e+00
3.050000000000000000e+03 1.220022867039067815e-01 4.317250796540737512e-01 1.928766499772416876e-01 7.476103777878925771e-02 3.006372325898953313e-01 0.000000000000000000e+00
3.075000000000000000e+03 1.230023054473814437e-01 4.391215293582157453e-01 1.969731451979972736e-01 8.033682294037323979e-02 2.835685025034137552e-01 0.000000000000000000e+00
3.100000000000000000e+03 1.240023241908561058e-01 4.337733272644515026e-01 1.909421939007737712e-01 8.614019116977697510e-02 2.891442876649977234e-01 0.000000000000000000e+00
3.125000000000000000e+03 1.250023429343307679e-01 4.492489758761948337e-01 1.857077833409194467e-01 8.158852981338188259e-02 2.834547109695038647e-01 0.000000000000000000e+00
3.150000000000000000e+03 1.260023616778054301e-01 4.605143377332726606e-01 1.807009558488848477e-01 8.716431497496586467e-02 2.716203914428766408e-01 0.000000000000000000e+00
3.175000000000000000e+03 1.270023804212800922e-01 4.494765589440145592e-01 1.844560764679107900e-01 8.944014565316341092e-02 2.766272189349112676e-01 0.000000000000000000e+00
3.200000000000000000e+03 1.280023991647545323e-01 4.551661356395084179e-01 1.738734638142922229e-01 9.592626308602640595e-02 2.750341374601729671e-01 0.000000000000000000e+00
3.225000000000000000e+03 1.290024179082291944e-01 4.569868001820664438e-01 1.762630860263996457e-01 9.376422394173873631e-02 2.729858898497951603e-01 0.000000000000000000e+00
3.250000000000000000e+03 1.300024366517038565e-01 4.657487482931270129e-01 1.738734638142922229e-01 9.706417842512517213e-02 2.633136094674556338e-01 0.000000000000000000e+00
3.275000000000000000e+03 1.310024553951785187e-01 4.469731451979972459e-01 1.728493400091033194e-01 9.763313609467455523e-02 2.825443786982248517e-01 0.000000000000000000e+00
3.300000000000000000e+03 1.320024741386531808e-01 4.575557578516158408e-01 1.731907146108329631e-01 1.000227583067819781e-01 2.692307692307692180e-01 0.000000000000000000e+00
3.325000000000000000e+03 1.330024928821278429e-01 4.693900773782430647e-01 1.717114246700045532e-01 9.740555302685480199e-02 2.614929449248976079e-01 0.000000000000000000e+00
3.350000000000000000e+03 1.340025116256025051e-01 4.627901684114701930e-01 1.696631770596267741e-01 9.604005461993628257e-02 2.715065999089667503e-01 0.000000000000000000e+00
3.375000000000000000e+03 1.350025303690771672e-01 4.629039599453800835e-01 1.659080564406008318e-01 1.000227583067819781e-01 2.711652253072371344e-01 0.000000000000000000e+00
3.400000000000000000e+03 1.360025491125518293e-01 4.765589440145653333e-01 1.643149749658625314e-01 9.342284934000910646e-02 2.657032316795630567e-01 0.000000000000000000e+00
3.425000000000000000e+03 1.370025678560264915e-01 4.757624032771961553e-01 1.651115157032316816e-01 1.051433773327264398e-01 2.539827036868457233e-01 0.000000000000000000e+00
3.450000000000000000e+03 1.380025865995011536e-01 4.823623122439690269e-01 1.623805188893946427e-01 1.123122439690487084e-01 2.429449248975876219e-01 0.000000000000000000e+00
3.475000000000000000e+03 1.390026053429758157e-01 4.970414201183431802e-01 1.596495220755575761e-01 1.084433318161128756e-01 2.348657259899863403e-01 0.000000000000000000e+00
3.500000000000000000e+03 1.400026240864504778e-01 4.997724169321802190e-01 1.552116522530723741e-01 1.092398725534820259e-01 2.357760582612653533e-01 0.000000000000000000e+00
3.525000000000000000e+03 1.410026428299251400e-01 5.004551661356395620e-01 1.539599453800637174e-01 1.108329540282202985e-01 2.347519344560764776e-01 0.000000000000000000e+00
3.550000000000000000e+03 1.420026615733995801e-01 5.071688666363222131e-01 1.552116522530723741e-01 1.095812471552116557e-01 2.280382339553937154e-01 0.000000000000000000e+00
3.575000000000000000e+03 1.430026803168742422e-01 5.080791989076012261e-01 1.453117888029130667e-01 1.070778334091943562e-01 2.395311788802912956e-01 0.000000000000000000e+00
3.600000000000000000e+03 1.440026990603489043e-01 5.158170232134728916e-01 1.397360036413290985e-01 1.083295402822029990e-01 2.361174328629949970e-01 0.000000000000000000e+00
3.625000000000000000e+03 1.450027178038235665e-01 5.220755575785162028e-01 1.384842967683204418e-01 1.091260810195721492e-01 2.303140646335912478e-01 0.000000000000000000e+00
3.650000000000000000e+03 1.460027365472982286e-01 5.145653163404643182e-01 1.367774237596722786e-01 1.164087391898042806e-01 2.322485207100591642e-01 0.000000000000000000e+00
3.675000000000000000e+03 1.470027552907728907e-01 5.304961310878471004e-01 1.331360946745562268e-01 1.106053709604005453e-01 2.257624032771961831e-01 0.000000000000000000e+00
3.700000000000000000e+03 1.480027740342475528e-01 5.287892580791988539e-01 1.290395994538006408e-01 1.128812016385980915e-01 2.292899408284023721e-01 0.000000000000000000e+00
3.725000000000000000e+03 1.490027927777222150e-01 5.301547564861174289e-01 1.332498862084660896e-01 1.140191169776968577e-01 2.225762403277196100e-01 0.000000000000000000e+00
3.750000000000000000e+03 1.500028115211968771e-01 5.466545289030496635e-01 1.327947200728265831e-01 1.106053709604005453e-01 2.099453800637232637e-01 0.000000000000000000e+00
3.775000000000000000e+03 1.510028302646715392e-01 5.440373236231224041e-01 1.248293126991351781e-01 1.164087391898042806e-01 2.147246244879381094e-01 0.000000000000000000e+00
3.800000000000000000e+03 1.520028490081462014e-01 5.434683659535730627e-01 1.266499772416932179e-01 1.176604460628129234e-01 2.122212107419207960e-01 0.000000000000000000e+00
3.825000000000000000e+03 1.530028677516208635e-01 5.386891215293582169e-01 1.256258534365043145e-01 1.174328629949931702e-01 2.182521620391442985e-01 0.000000000000000000e+00
3.850000000000000000e+03 1.540028864950955256e-01 5.512061902594447282e-01 1.283568502503413811e-01 1.176604460628129234e-01 2.027765134274009950e-01 0.000000000000000000e+00
3.875000000000000000e+03 1.550029052385699657e-01 5.584888484296768318e-01 1.243741465634956717e-01 1.109467455621301751e-01 2.061902594446973214e-01 0.000000000000000000e+00
3.900000000000000000e+03 1.560029239820446278e-01 5.621301775147928836e-01 1.227810650887573990e-01 1.075329995448338627e-01 2.075557578516158408e-01 0.000000000000000000e+00
3.925000000000000000e+03 1.570029427255192900e-01 5.728265817023213691e-01 1.211879836140191125e-01 1.149294492489758707e-01 1.910559854346836617e-01 0.000000000000000000e+00
3.950000000000000000e+03 1.580029614689939521e-01 5.777196176604461053e-01 1.153846153846153910e-01 1.126536185707783383e-01 1.941283568502503443e-01 1.137915339098771066e-04
3.975000000000000000e+03 1.590029802124686142e-01 5.762403277196176399e-01 1.135639508420573512e-01 1.181156121984524299e-01 1.920801092398725651e-01 0.000000000000000000e+00
4.000000000000000000e+03 1.600029989559432764e-01 5.722576240327719166e-01 1.160673645880746507e-01 1.156121984524351443e-01 1.960628129267182607e-01 0.000000000000000000e+00
4.025000000000000000e+03 1.610030176994179385e-01 5.821574874829312796e-01 1.141329085116067343e-01 1.151570323167956239e-01 1.885525716886663761e-01 0.000000000000000000e+00
4.050000000000000000e+03 1.620030364428926006e-01 5.927401001365498745e-01 1.087847064178425194e-01 1.183431952662721831e-01 1.801319981793354508e-01 0.000000000000000000e+00
4.075000000000000000e+03 1.630030551863672628e-01 5.850022758306782089e-01 1.140191169776968577e-01 1.226672735548475224e-01 1.783113336367774249e-01 0.000000000000000000e+00
4.100000000000000000e+03 1.640030739298419249e-01 5.881884387801548097e-01 1.120846609012289552e-01 1.197086936731907164e-01 1.800182066454255880e-01 0.000000000000000000e+00
4.125000000000000000e+03 1.650030926733165870e-01 5.935366408739189970e-01 1.075329995448338627e-01 1.187983614019117035e-01 1.801319981793354508e-01 0.000000000000000000e+00
4.150000000000000000e+03 1.660031114167912492e-01 5.967228038233954868e-01 1.086709148839326289e-01 1.220983158852981393e-01 1.725079654073737034e-01 0.000000000000000000e+00
4.175000000000000000e+03 1.670031301602659113e-01 5.928538916704597650e-01 1.096950386891215323e-01 1.290395994538006408e-01 1.684114701866181174e-01 0.000000000000000000e+00
4.200000000000000000e+03 1.680031489037403514e-01 5.933090578060992160e-01 1.091260810195721492e-01 1.333636777423759801e-01 1.642011834319526686e-01 0.000000000000000000e+00
4.225000000000000000e+03 1.690031676472150135e-01 5.980883022303140617e-01 1.071916249431042328e-01 1.280154756486117373e-01 1.667045971779699542e-01 0.000000000000000000e+00
4.250000000000000000e+03 1.700031863906896756e-01 6.010468821119708815e-01 1.086709148839326289e-01 1.340464269458352398e-01 1.562357760582612776e-01 0.000000000000000000e+00
4.275000000000000000e+03 1.710032051341643378e-01 6.038916704597178109e-01 1.065088757396449731e-01 1.350705507510241155e-01 1.545289030496131144e-01 0.000000000000000000e+00
4.300000000000000000e+03 1.720032238776389999e-01 6.028675466545289074e-01 1.127674101046882149e-01 1.333636777423759801e-01 1.510013654984069253e-01 0.000000000000000000e+00
4.325000000000000000e+03 1.730032426211136620e-01 6.005917159763313196e-01 1.111743286299499284e-01 1.357532999544833752e-01 1.524806554392353075e-01 0.000000000000000000e+00
4.350000000000000000e+03 1.740032613645883242e-01 6.090122894856622171e-01 1.058261265361857134e-01 1.403049613108784677e-01 1.448566226672735602e-01 0.000000000000000000e+00
4.375000000000000000e+03 1.750032801080629863e-01 6.143604915794265153e-01 1.073054164770141095e-01 1.334774692762858428e-01 1.448566226672735602e-01 0.000000000000000000e+00
4.400000000000000000e+03 1.760032988515376484e-01 6.190259444697314706e-01 1.059399180700955900e-01 1.322257624032771861e-01 1.428083750568957533e-01 0.000000000000000000e+00
4.425000000000000000e+03 1.770033175950123105e-01 6.091260810195721076e-01 1.030951297223486607e-01 1.401911697769686049e-01 1.475876194811105990e-01 0.000000000000000000e+00
4.450000000000000000e+03 1.780033363384869727e-01 6.240327719617660973e-01 1.066226672735548497e-01 1.331360946745562268e-01 1.362084660901228816e-01 0.000000000000000000e+00
4.475000000000000000e+03 1.790033550819616348e-01 6.240327719617660973e-01 1.052571688666363164e-01 1.360946745562130189e-01 1.346153846153846090e-01 0.000000000000000000e+00
4.500000000000000000e+03 1.800033738254362969e-01 6.337050523441055683e-01 1.018434228493400040e-01 1.382567137005006885e-01 1.260810195721438209e-01 1.137915339098771066e-04
4.525000000000000000e+03 1.810033925689109591e-01 6.339326354119253493e-01 1.004779244424214846e-01 1.434911242603550408e-01 1.220983158852981393e-01 0.000000000000000000e+00
4.550000000000000000e+03 1.820034113123853992e-01 6.338188438780154588e-01 1.042330450614474269e-01 1.403049613108784677e-01 1.216431497496586189e-01 0.000000000000000000e+00
4.575000000000000000e+03 1.830034300558600613e-01 6.285844333181611621e-01 1.051433773327264398e-01 1.382567137005006885e-01 1.280154756486117373e-01 0.000000000000000000e+00
4.600000000000000000e+03 1.840034487993347234e-01 6.332498862084661173e-01 1.043468365953573035e-01 1.424670004551661373e-01 1.199362767410104696e-01 0.000000000000000000e+00
4.625000000000000000e+03 1.850034675428093855e-01 6.266499772416932457e-01 1.083295402822029990e-01 1.455393718707328199e-01 1.194811106053709632e-01 0.000000000000000000e+00
4.650000000000000000e+03 1.860034862862840477e-01 6.352981338188439242e-01 1.030951297223486607e-01 1.399635867091488517e-01 1.216431497496586189e-01 0.000000000000000000e+00
4.675000000000000000e+03 1.870035050297587098e-01 6.362084660901229372e-01 1.053709604005461931e-01 1.387118798361401950e-01 1.197086936731907164e-01 0.000000000000000000e+00
4.700000000000000000e+03 1.880035237732333719e-01 6.380291306326809631e-01 1.012744651797906209e-01 1.457669549385525731e-01 1.149294492489758707e-01 0.000000000000000000e+00
4.725000000000000000e+03 1.890035425167080341e-01 6.383705052344105235e-01 1.015020482476103741e-01 1.467910787437414766e-01 1.133363677742375980e-01 0.000000000000000000e+00
4.750000000000000000e+03 1.900035612601826962e-01 6.409877105143377829e-01 1.007055075102412378e-01 1.483841602184797492e-01 1.099226217569412856e-01 0.000000000000000000e+00
4.775000000000000000e+03 1.910035800036573583e-01 6.420118343195265753e-01 1.032089212562585373e-01 1.473600364132908458e-01 1.074192080109239861e-01 0.000000000000000000e+00
4.800000000000000000e+03 1.920035987471320205e-01 6.411015020482475624e-01 1.001365498406918547e-01 1.478152025489303523e-01 1.108329540282202985e-01 1.137915339098771066e-04
4.825000000000000000e+03 1.930036174906066826e-01 6.426945835229859183e-01 9.934000910332271839e-02 1.500910332271279124e-01 1.077605826126536159e-01 1.137915339098771066e-04
4.850000000000000000e+03 1.940036362340813447e-01 6.573736913973600160e-01 9.717796995903504875e-02 1.430359581247155343e-01 1.022985889849795244e-01 1.137915339098771066e-04
4.875000000000000000e+03 1.950036549775557848e-01 6.418980427856167958e-01 9.797451069640418508e-02 1.484979517523896120e-01 1.116294947655894348e-01 0.000000000000000000e+00
4.900000000000000000e+03 1.960036737210304469e-01 6.580564406008192480e-01 9.023668639053254725e-02 1.416704597177969871e-01 1.100364132908511622e-01 0.000000000000000000e+00
4.925000000000000000e+03 1.970036924645051091e-01 6.578288575329995780e-01 9.080564406008193035e-02 1.434911242603550408e-01 1.078743741465634925e-01 0.000000000000000000e+00
4.950000000000000000e+03 1.980037112079797712e-01 6.667045971779699265e-01 9.160218479745106668e-02 1.431497496586253970e-01 9.842967683204369156e-02 1.137915339098771066e-04
4.975000000000000000e+03 1.990037299514544333e-01 6.603322712790168358e-01 9.467455621301774926e-02 1.466772872098315861e-01 9.831588529813381494e-02 0.000000000000000000e+00
5.000000000000000000e+03 2.000037486949290955e-01 6.514565316340463763e-01 9.774692762858443185e-02 1.473600364132908458e-01 1.033227127901684139e-01 1.137915339098771066e-04
5.025000000000000000e+03 2.010037674384037576e-01 6.632908511606736557e-01 9.365043240782885969e-02 1.464497041420118328e-01 9.660901228948566566e-02 0.000000000000000000e+00
5.050000000000000000e+03 2.020037861818784197e-01 6.656804733727810230e-01 9.194355939918069653e-02 1.417842512517068776e-01 1.004779244424214846e-01 1.137915339098771066e-04
5.075000000000000000e+03 2.030038049253530819e-01 6.609012289485661773e-01 9.763313609467455523e-02 1.462221210741920796e-01 9.524351388256713236e-02 0.000000000000000000e+00
5.100000000000000000e+03 2.040038236688277440e-01 6.668183887118798170e-01 9.581247155211652933e-02 1.438324988620846567e-01 9.342284934000910646e-02 1.137915339098771066e-04
5.125000000000000000e+03 2.050038424123024061e-01 6.855939918070095285e-01 9.205735093309057315e-02 1.396222121074192080e-01 8.272644515248064878e-02 0.000000000000000000e+00
5.150000000000000000e+03 2.060038611557770682e-01 6.800182066454255603e-01 9.865725989986344480e-02 1.378015475648611821e-01 8.340919435593992237e-02 1.137915339098771066e-04
5.175000000000000000e+03 2.070038798992517304e-01 6.725079654073736757e-01 1.021847974510696339e-01 1.403049613108784677e-01 8.500227583067819503e-02 0.000000000000000000e+00
5.200000000000000000e+03 2.080038986427263925e-01 6.701183431952663083e-01 1.016158397815202508e-01 1.416704597177969871e-01 8.659535730541648157e-02 0.000000000000000000e+00
5.225000000000000000e+03 2.090039173862008326e-01 6.795630405097861093e-01 9.638142922166591242e-02 1.376877560309512916e-01 8.636777423759672834e-02 0.000000000000000000e+00
5.250000000000000000e+03 2.100039361296754947e-01 6.783113336367774249e-01 9.956759217114247162e-02 1.409877105143377274e-01 8.101957214383249950e-02 1.137915339098771066e-04
5.275000000000000000e+03 2.110039548731501569e-01 6.817250796540736957e-01 9.706417842512517213e-02 1.413290851160673711e-01 7.988165680473373331e-02 0.000000000000000000e+00
5.300000000000000000e+03 2.120039736166248190e-01 6.778561675011378629e-01 9.797451069640418508e-02 1.421256258534364936e-01 8.204369594902138907e-02 0.000000000000000000e+00
5.325000000000000000e+03 2.130039923600994811e-01 6.809285389167045732e-01 9.774692762858443185e-02 1.396222121074192080e-01 8.158852981338188259e-02 1.137915339098771066e-04
5.350000000000000000e+03 2.140040111035741432e-01 6.836595357305416121e-01 9.547109695038688559e-02 1.428083750568957533e-01 7.806099226217569353e-02 0.000000000000000000e+00
5.375000000000000000e+03 2.150040298470488054e-01 6.803595812471552318e-01 9.922621756941284177e-02 1.387118798361401950e-01 8.170232134729175921e-02 0.000000000000000000e+00
5.400000000000000000e+03 2.160040485905234675e-01 6.828629949931724896e-01 9.433318161128811941e-02 1.380291306326809353e-01 8.477469276285844180e-02 0.000000000000000000e+00
5.425000000000000000e+03 2.170040673339981296e-01 6.906008192990441552e-01 9.592626308602640595e-02 1.365498406918525254e-01 7.669549385525717411e-02 2.275830678197542133e-04
5.450000000000000000e+03 2.180040860774727918e-01 6.852526172052799680e-01 9.797451069640418508e-02 1.396222121074192080e-01 7.715065999089668058e-02 0.000000000000000000e+00
5.475000000000000000e+03 2.190041048209474539e-01 6.993627674101047242e-01 9.069185252617205373e-02 1.405325443786982209e-01 6.941283568502502888e-02 0.000000000000000000e+00
5.500000000000000000e+03 2.200041235644221160e-01 6.890077378243059103e-01 9.820209376422393832e-02 1.393946290395994547e-01 7.339553937187073829e-02 0.000000000000000000e+00
5.525000000000000000e+03 2.210041423078967782e-01 6.979972690031861493e-01 9.308147473827947660e-02 1.346153846153846090e-01 7.419208010923987462e-02 1.137915339098771066e-04
5.550000000000000000e+03 2.220041610513712182e-01 7.020937642239417631e-01 9.114701866181156020e-02 1.347291761492944995e-01 7.191624943104232837e-02 1.137915339098771066e-04
5.575000000000000000e+03 2.230041797948458804e-01 6.992489758761948337e-01 9.353664087391898307e-02 1.378015475648611821e-01 6.918525261720527564e-02 2.275830678197542133e-04
5.600000000000000000e+03 2.240041985383205425e-01 6.943559399180700975e-01 9.899863450159307465e-02 1.380291306326809353e-01 6.838871187983613931e-02 2.275830678197542133e-04
5.625000000000000000e+03 2.250042172817952046e-01 7.003868912152936277e-01 9.615384615384615918e-02 1.343878015475648557e-01 6.895766954938552240e-02 1.137915339098771066e-04
5.650000000000000000e+03 2.260042360252698668e-01 7.086936731907146347e-01 9.228493400091032639e-02 1.325671370050068298e-01 6.634046426945834629e-02 1.137915339098771066e-04
5.675000000000000000e+03 2.270042547687445289e-01 7.114246700045516736e-01 9.512972234865725574e-02 1.292671825216203940e-01 6.395084205735093730e-02 2.275830678197542133e-04
