# itime ezz other fcc hcp bcc ico
0.000000000000000000e+00 0.000000000000000000e+00 1.479289940828402332e-03 9.985207100591716456e-01 0.000000000000000000e+00 0.000000000000000000e+00 0.000000000000000000e+00
2.500000000000000000e+02 1.000000405149048532e-02 1.820664542558033706e-03 9.981793354574419741e-01 0.000000000000000000e+00 0.000000000000000000e+00 0.000000000000000000e+00
5.000000000000000000e+02 2.000000810298097065e-02 2.275830678197542133e-04 9.997724169321802190e-01 0.000000000000000000e+00 0.000000000000000000e+00 0.000000000000000000e+00
7.500000000000000000e+02 3.000001215447145597e-02 3.755120619025944465e-03 9.961310878470641672e-01 0.000000000000000000e+00 1.137915339098771066e-04 0.000000000000000000e+00
1.000000000000000000e+03 4.000001620596216334e-02 8.648156577150659455e-03 9.911242603550295405e-01 0.000000000000000000e+00 2.275830678197542133e-04 0.000000000000000000e+00
1.250000000000000000e+03 5.000002025745264866e-02 1.012744651797906244e-02 9.896449704142011861e-01 0.000000000000000000e+00 2.275830678197542133e-04 0.000000000000000000e+00
1.500000000000000000e+03 6.000002430894313399e-02 2.753755120619025970e-02 9.713245334547109255e-01 0.000000000000000000e+00 1.137915339098770958e-03 0.000000000000000000e+00
1.750000000000000000e+03 7.000002836043361931e-02 4.346836595357305572e-02 9.533454710969503365e-01 0.000000000000000000e+00 3.186162949476558769e-03 0.000000000000000000e+00
2.000000000000000000e+03 8.000003241192410464e-02 8.932635411925353430e-02 9.017979062357760478e-01 0.000000000000000000e+00 8.875739644970414427e-03 0.000000000000000000e+00
2.250000000000000000e+03 9.000003646341458996e-02 1.976558944014565333e-01 7.592171142467000200e-01 0.000000000000000000e+00 4.312699135184342586e-02 0.000000000000000000e+00
2.500000000000000000e+03 1.000000405149050753e-01 3.320436959490213891e-01 4.221665908056440597e-01 4.437869822485207214e-03 2.413518434228493492e-01 0.000000000000000000e+00
2.750000000000000000e+03 1.100000445663957827e-01 3.785844333181611066e-01 2.593309057806099105e-01 3.390987710514337811e-02 3.281747837960855563e-01 0.000000000000000000e+00
3.000000000000000000e+03 1.200000486178862680e-01 4.477696859353664238e-01 1.939007737824305910e-01 6.099226217569413133e-02 2.973372781065088954e-01 0.000000000000000000e+00
3.250000000000000000e+03 1.300000526693767533e-01 4.657487482931270129e-01 1.738734638142922229e-01 9.706417842512517213e-02 2.633136094674556338e-01 0.000000000000000000e+00
3.500000000000000000e+03 1.400000567208672386e-01 4.997724169321802190e-01 1.552116522530723741e-01 1.092398725534820259e-01 2.357760582612653533e-01 0.000000000000000000e+00
3.750000000000000000e+03 1.500000607723577239e-01 5.466545289030496635e-01 1.327947200728265831e-01 1.106053709604005453e-01 2.099453800637232637e-01 0.000000000000000000e+00
4.000000000000000000e+03 1.600000648238482093e-01 5.722576240327719166e-01 1.160673645880746507e-01 1.156121984524351443e-01 1.960628129267182607e-01 0.000000000000000000e+00
4.250000000000000000e+03 1.700000688753386946e-01 6.010468821119708815e-01 1.086709148839326289e-01 1.340464269458352398e-01 1.562357760582612776e-01 0.000000000000000000e+00
4.500000000000000000e+03 1.800000729268294020e-01 6.337050523441055683e-01 1.018434228493400040e-01 1.382567137005006885e-01 1.260810195721438209e-01 1.137915339098771066e-04
4.750000000000000000e+03 1.900000769783198873e-01 6.409877105143377829e-01 1.007055075102412378e-01 1.483841602184797492e-01 1.099226217569412856e-01 0.000000000000000000e+00
5.000000000000000000e+03 2.000000810298103726e-01 6.514565316340463763e-01 9.774692762858443185e-02 1.473600364132908458e-01 1.033227127901684139e-01 1.137915339098771066e-04
5.250000000000000000e+03 2.100000850813008579e-01 6.783113336367774249e-01 9.956759217114247162e-02 1.409877105143377274e-01 8.101957214383249950e-02 1.137915339098771066e-04
5.500000000000000000e+03 2.200000891327913433e-01 6.890077378243059103e-01 9.820209376422393832e-02 1.393946290395994547e-01 7.339553937187073829e-02 0.000000000000000000e+00
5.750000000000000000e+03 2.300000931842818286e-01 7.059626763768775959e-01 9.808830223031406170e-02 1.331360946745562268e-01 6.269913518434228061e-02 1.137915339098771066e-04
6.000000000000000000e+03 2.400000972357723139e-01 7.282658170232134687e-01 9.649522075557578904e-02 1.186845698680018268e-01 5.644060081929904577e-02 1.137915339098771066e-04
6.250000000000000000e+03 2.500001012872630213e-01 7.352071005917160118e-01 9.604005461993628257e-02 1.200500682749203463e-01 4.858898497951752438e-02 1.137915339098771066e-04
6.500000000000000000e+03 2.600001053387535066e-01 7.517068730086481354e-01 9.171597633136094330e-02 1.078743741465634925e-01 4.858898497951752438e-02 1.137915339098771066e-04
6.750000000000000000e+03 2.700001093902439919e-01 7.581929904415111166e-01 8.636777423759672834e-02 1.073054164770141095e-01 4.802002730996814128e-02 1.137915339098771066e-04
7.000000000000000000e+03 2.800001134417344772e-01 7.730996813837051063e-01 8.340919435593992237e-02 1.011606736458807443e-01 4.233045061447428259e-02 0.000000000000000000e+00
7.250000000000000000e+03 2.900001174932249626e-01 7.852753755120619461e-01 7.635411925352754425e-02 9.968138370505234824e-02 3.834774692762858705e-02 3.413746017296313199e-04
7.500000000000000000e+03 3.000001215447154479e-01 8.006372325898952758e-01 7.180245789713245175e-02 9.262630860263997012e-02 3.482020937642239106e-02 1.137915339098771066e-04
7.750000000000000000e+03 3.100001255962059332e-01 8.191852526172053173e-01 6.315430131998178709e-02 8.318161128812016913e-02 3.425125170687300796e-02 2.275830678197542133e-04
8.000000000000000000e+03 3.200001296476966406e-01 8.245334547109695045e-01 6.964041875284478211e-02 7.680928538916705073e-02 2.890304961310878606e-02 1.137915339098771066e-04
8.250000000000000000e+03 3.300001336991871259e-01 8.346609012289485374e-01 6.315430131998178709e-02 7.203004096495220498e-02 2.992717341829767910e-02 2.275830678197542133e-04
8.500000000000000000e+03 3.400001377506776112e-01 8.353436504324078804e-01 5.939918070095585173e-02 7.510241238051888757e-02 2.969959035047792587e-02 4.551661356395084266e-04
8.750000000000000000e+03 3.500001418021680966e-01 8.484296768320437332e-01 5.439235320892125969e-02 7.168866636322257513e-02 2.537551206190259354e-02 1.137915339098771066e-04
9.000000000000000000e+03 3.600001458536585819e-01 8.558261265361857273e-01 5.040964952207555722e-02 7.407828857532999800e-02 1.934456076467910846e-02 3.413746017296313199e-04
9.250000000000000000e+03 3.700001499051492893e-01 8.659535730541647602e-01 4.574419663177059503e-02 6.975421028675465873e-02 1.786527082385070547e-02 6.827492034592626399e-04
9.500000000000000000e+03 3.800001539566395525e-01 8.673190714610833352e-01 4.494765589440145870e-02 6.360946745562130744e-02 2.344105598543468408e-02 6.827492034592626399e-04
9.750000000000000000e+03 3.900001580081300379e-01 8.723258989531178509e-01 4.039599453800637313e-02 6.292671825216203385e-02 2.355484751934456070e-02 7.965407373691396923e-04
1.000000000000000000e+04 4.000001620596207452e-01 8.885980883022303045e-01 3.812016385980882688e-02 5.382339553937186966e-02 1.809285389167045871e-02 1.365498406918525280e-03
1.025000000000000000e+04 4.100001661111112305e-01 8.930359581247154788e-01 3.800637232589895026e-02 5.154756486117433034e-02 1.684114701866181243e-02 5.689576695493854790e-04
1.050000000000000000e+04 4.200001701626017159e-01 8.962221210741920796e-01 3.595812471552116418e-02 5.109239872553481693e-02 1.604460628129267263e-02 6.827492034592626399e-04
1.075000000000000000e+04 4.300001742140919792e-01 9.086253982703687004e-01 3.208921256258534527e-02 4.528903049613108855e-02 1.365498406918525323e-02 3.413746017296313199e-04
1.100000000000000000e+04 4.400001782655826865e-01 9.186390532544378429e-01 2.901684114701866268e-02 3.959945380063722986e-02 1.240327719617660522e-02 3.413746017296313199e-04
1.125000000000000000e+04 4.500001823170733939e-01 9.301319981793354508e-01 2.423759672280382388e-02 3.595812471552116418e-02 9.217114246700046018e-03 4.551661356395084266e-04
1.150000000000000000e+04 4.600001863685638792e-01 9.345698680018206250e-01 2.298588984979517413e-02 3.288575329995448160e-02 9.103322712790167665e-03 4.551661356395084266e-04
1.175000000000000000e+04 4.700001904200541425e-01 9.368456986800182129e-01 2.253072371415566766e-02 3.288575329995448160e-02 7.396449704142011444e-03 3.413746017296313199e-04
1.200000000000000000e+04 4.800001944715448499e-01 9.432180245789713036e-01 1.957214383249886169e-02 2.856167501137915274e-02 8.079198907601274626e-03 5.689576695493854790e-04
1.225000000000000000e+04 4.900001985230355572e-01 9.399180700955849233e-01 1.843422849340009204e-02 3.265817023213472836e-02 8.534365043240782836e-03 4.551661356395084266e-04
1.250000000000000000e+04 5.000002025745258205e-01 9.453800637232590010e-01 1.570323167956303931e-02 3.038233955393718558e-02 7.737824305871643035e-03 7.965407373691396923e-04
1.275000000000000000e+04 5.100002066260163058e-01 9.456076467910787819e-01 1.547564861174328607e-02 3.083750568957669552e-02 7.282658170232134826e-03 7.965407373691396923e-04
1.300000000000000000e+04 5.200002106775067912e-01 9.478834774692762588e-01 1.570323167956303931e-02 2.867546654528902936e-02 6.941283568502503235e-03 7.965407373691396923e-04
1.325000000000000000e+04 5.300002147289974985e-01 9.498179335457441752e-01 1.649977241693217911e-02 2.605826126536185672e-02 6.486117432862995025e-03 1.137915339098770958e-03
1.350000000000000000e+04 5.400002187804879838e-01 9.561902594446972659e-01 1.479289940828402289e-02 2.207555757851615771e-02 6.030951297223486815e-03 9.103322712790168532e-04
1.375000000000000000e+04 5.500002228319782471e-01 9.560764679107874864e-01 1.467910787437414627e-02 2.218934911242603433e-02 5.803368229403732710e-03 1.251706873008648227e-03
1.400000000000000000e+04 5.600002268834689545e-01 9.601729631315429891e-01 1.433773327264451468e-02 1.877560309512972189e-02 5.575785161583977738e-03 1.137915339098770958e-03
1.425000000000000000e+04 5.700002309349596619e-01 9.599453800637232082e-01 1.467910787437414627e-02 2.162039144287665124e-02 2.844788347746927612e-03 9.103322712790168532e-04
1.450000000000000000e+04 5.800002349864499251e-01 9.656349567592170668e-01 1.206190259444697363e-02 1.695493855257168905e-02 4.551661356395083832e-03 7.965407373691396923e-04
1.475000000000000000e+04 5.900002390379404105e-01 9.679107874374146547e-01 1.149294492489758707e-02 1.558944014565316269e-02 3.868912152935821518e-03 1.137915339098770958e-03
1.500000000000000000e+04 6.000002430894311178e-01 9.705279927173418031e-01 1.001365498406918582e-02 1.479289940828402289e-02 3.299954483386436255e-03 1.365498406918525280e-03
1.525000000000000000e+04 6.100002471409216032e-01 9.720072826581702685e-01 1.058261265361857065e-02 1.274465179790623508e-02 3.755120619025944465e-03 9.103322712790168532e-04
1.550000000000000000e+04 6.200002511924120885e-01 9.738279472007282944e-01 9.558488848429677609e-03 1.217569412835685025e-02 2.844788347746927612e-03 1.593081474738279385e-03
1.575000000000000000e+04 6.300002552439023518e-01 9.753072371415566488e-01 9.103322712790167665e-03 1.149294492489758707e-02 2.844788347746927612e-03 1.251706873008648227e-03
1.600000000000000000e+04 6.400002592953930591e-01 9.737141556668184039e-01 8.420573509330906217e-03 1.251706873008648184e-02 3.413746017296313308e-03 1.934456076467910759e-03
1.625000000000000000e+04 6.500002633468837665e-01 9.794037323623122626e-01 7.851615839781519654e-03 9.558488848429677609e-03 2.275830678197541916e-03 9.103322712790168532e-04
1.650000000000000000e+04 6.600002673983740298e-01 9.764451524806554428e-01 6.372325898953117539e-03 1.206190259444697363e-02 3.755120619025944465e-03 1.365498406918525280e-03
1.675000000000000000e+04 6.700002714498645151e-01 9.833864360491579859e-01 5.006827492034592909e-03 7.737824305871643035e-03 2.162039144287664864e-03 1.706873008648156654e-03
1.700000000000000000e+04 6.800002755013552225e-01 9.831588529813382049e-01 5.803368229403732710e-03 7.965407373691398007e-03 2.162039144287664864e-03 9.103322712790168532e-04
1.725000000000000000e+04 6.900002795528457078e-01 9.815657715065999600e-01 5.689576695493855224e-03 7.851615839781519654e-03 3.527537551206190360e-03 1.365498406918525280e-03
1.750000000000000000e+04 7.000002836043361931e-01 9.822485207100591920e-01 5.348202093764223633e-03 8.306781975421027864e-03 1.934456076467910759e-03 2.162039144287664864e-03
1.775000000000000000e+04 7.100002876558264564e-01 9.847519344560764498e-01 4.893035958124715423e-03 6.827492034592626616e-03 1.706873008648156654e-03 1.820664542558033706e-03
1.800000000000000000e+04 7.200002917073171638e-01 9.849795175238962308e-01 4.096495220755575623e-03 7.624032771961766417e-03 1.251706873008648227e-03 2.048247610377787811e-03
1.825000000000000000e+04 7.300002957588078711e-01 9.836140191169776559e-01 4.096495220755575623e-03 7.055075102412380721e-03 3.186162949476558769e-03 2.048247610377787811e-03
1.850000000000000000e+04 7.400002998102981344e-01 9.861174328629950248e-01 3.641329085116067413e-03 7.396449704142011444e-03 1.706873008648156654e-03 1.137915339098770958e-03
1.875000000000000000e+04 7.500003038617886197e-01 9.877105143377332697e-01 3.186162949476558769e-03 5.689576695493855224e-03 1.365498406918525280e-03 2.048247610377787811e-03
1.900000000000000000e+04 7.600003079132793271e-01 9.879380974055530507e-01 2.275830678197541916e-03 5.689576695493855224e-03 1.365498406918525280e-03 2.730996813837050560e-03
1.925000000000000000e+04 7.700003119647700345e-01 9.882794720072826111e-01 2.617205279927173507e-03 6.486117432862995025e-03 1.137915339098770958e-03 1.479289940828402332e-03
1.950000000000000000e+04 7.800003160162602978e-01 9.906690942193900895e-01 2.730996813837050560e-03 4.210286754665453109e-03 1.024123805188893906e-03 1.365498406918525280e-03
1.975000000000000000e+04 7.900003200677507831e-01 9.902139280837505275e-01 2.503413746017296455e-03 4.210286754665453109e-03 6.827492034592626399e-04 2.389622212107419402e-03
2.000000000000000000e+04 8.000003241192412684e-01 9.898725534820209671e-01 2.617205279927173507e-03 4.096495220755575623e-03 1.024123805188893906e-03 2.389622212107419402e-03
2.025000000000000000e+04 8.100003281707319758e-01 9.886208466090122826e-01 2.503413746017296455e-03 5.917159763313609329e-03 9.103322712790168532e-04 2.048247610377787811e-03
2.050000000000000000e+04 8.200003322222224611e-01 9.895311788802912956e-01 2.844788347746927612e-03 4.779244424214838804e-03 2.275830678197542133e-04 2.617205279927173507e-03
2.075000000000000000e+04 8.300003362737127244e-01 9.919208010923987739e-01 2.162039144287664864e-03 4.210286754665453109e-03 4.551661356395084266e-04 1.251706873008648227e-03
2.100000000000000000e+04 8.400003403252034317e-01 9.897587619481110766e-01 2.958579881656804664e-03 4.210286754665453109e-03 6.827492034592626399e-04 2.389622212107419402e-03
2.125000000000000000e+04 8.500003443766941391e-01 9.919208010923987739e-01 1.365498406918525280e-03 4.096495220755575623e-03 3.413746017296313199e-04 2.275830678197541916e-03
2.150000000000000000e+04 8.600003484281844024e-01 9.914656349567592120e-01 1.479289940828402332e-03 3.868912152935821518e-03 1.024123805188893906e-03 2.162039144287664864e-03
2.175000000000000000e+04 8.700003524796748877e-01 9.922621756941283344e-01 1.934456076467910759e-03 3.413746017296313308e-03 5.689576695493854790e-04 1.820664542558033706e-03
2.200000000000000000e+04 8.800003565311653730e-01 9.922621756941283344e-01 1.820664542558033706e-03 2.844788347746927612e-03 5.689576695493854790e-04 2.503413746017296455e-03
2.225000000000000000e+04 8.900003605826560804e-01 9.935138825671370189e-01 2.048247610377787811e-03 2.503413746017296455e-03 2.275830678197542133e-04 1.706873008648156654e-03
2.250000000000000000e+04 9.000003646341465657e-01 9.943104233045061413e-01 1.593081474738279385e-03 2.162039144287664864e-03 7.965407373691396923e-04 1.137915339098770958e-03
2.275000000000000000e+04 9.100003686856368290e-01 9.937414656349567998e-01 1.706873008648156654e-03 2.162039144287664864e-03 6.827492034592626399e-04 1.706873008648156654e-03
2.300000000000000000e+04 9.200003727371275364e-01 9.941966317705962508e-01 1.593081474738279385e-03 2.162039144287664864e-03 2.275830678197542133e-04 1.820664542558033706e-03
2.325000000000000000e+04 9.300003767886182438e-01 9.949931725079653733e-01 1.479289940828402332e-03 1.593081474738279385e-03 3.413746017296313199e-04 1.593081474738279385e-03
2.350000000000000000e+04 9.400003808401085070e-01 9.938552571688666903e-01 2.162039144287664864e-03 1.137915339098770958e-03 3.413746017296313199e-04 2.503413746017296455e-03
2.375000000000000000e+04 9.500003848915989924e-01 9.946517979062358128e-01 1.934456076467910759e-03 1.365498406918525280e-03 0.000000000000000000e+00 2.048247610377787811e-03
2.400000000000000000e+04 9.600003889430896997e-01 9.936276741010469093e-01 1.820664542558033706e-03 2.048247610377787811e-03 1.137915339098771066e-04 2.389622212107419402e-03
2.425000000000000000e+04 9.700003929945801850e-01 9.948793809740554828e-01 1.024123805188893906e-03 1.820664542558033706e-03 1.137915339098771066e-04 2.162039144287664864e-03
2.450000000000000000e+04 9.800003970460706704e-01 9.929449248975875664e-01 2.389622212107419402e-03 2.275830678197541916e-03 4.551661356395084266e-04 1.934456076467910759e-03
2.475000000000000000e+04 9.900004010975609336e-01 9.949931725079653733e-01 1.706873008648156654e-03 1.706873008648156654e-03 2.275830678197542133e-04 1.365498406918525280e-03
2.500000000000000000e+04 1.000000405149051641e+00 9.932862994993172379e-01 1.820664542558033706e-03 2.275830678197541916e-03 3.413746017296313199e-04 2.275830678197541916e-03
