# itime ezz other fcc hcp bcc ico
0.000000000000000000e+00 0.000000000000000000e+00 1.593081474738279385e-03 9.984069185252617551e-01 0.000000000000000000e+00 0.000000000000000000e+00 0.000000000000000000e+00
3.000000000000000000e+00 1.200028492098326183e-03 1.706873008648156654e-03 9.982931269913518646e-01 0.000000000000000000e+00 0.000000000000000000e+00 0.000000000000000000e+00
6.000000000000000000e+00 2.400056984196652365e-03 1.137915339098770958e-03 9.988620846609012061e-01 0.000000000000000000e+00 0.000000000000000000e+00 0.000000000000000000e+00
9.000000000000000000e+00 3.600085476295200593e-03 4.551661356395084266e-04 9.995448338643604380e-01 0.000000000000000000e+00 0.000000000000000000e+00 0.000000000000000000e+00
1.200000000000000000e+01 4.800113968393526775e-03 2.275830678197542133e-04 9.997724169321802190e-01 0.000000000000000000e+00 0.000000000000000000e+00 0.000000000000000000e+00
1.500000000000000000e+01 6.000142460491852958e-03 2.275830678197542133e-04 9.997724169321802190e-01 0.000000000000000000e+00 0.000000000000000000e+00 0.000000000000000000e+00
1.800000000000000000e+01 7.200170952590179141e-03 9.103322712790168532e-04 9.990896677287209870e-01 0.000000000000000000e+00 0.000000000000000000e+00 0.000000000000000000e+00
2.100000000000000000e+01 8.400199444688505324e-03 1.365498406918525280e-03 9.986345015930814251e-01 0.000000000000000000e+00 0.000000000000000000e+00 0.000000000000000000e+00
2.400000000000000000e+01 9.600227936786831506e-03 1.479289940828402332e-03 9.985207100591716456e-01 0.000000000000000000e+00 0.000000000000000000e+00 0.000000000000000000e+00
2.700000000000000000e+01 1.080025642888537973e-02 1.137915339098770958e-03 9.988620846609012061e-01 0.000000000000000000e+00 0.000000000000000000e+00 0.000000000000000000e+00
3.000000000000000000e+01 1.200028492098370592e-02 7.965407373691396923e-04 9.992034592626308775e-01 0.000000000000000000e+00 0.000000000000000000e+00 0.000000000000000000e+00
3.300000000000000000e+01 1.320031341308203210e-02 4.551661356395084266e-04 9.995448338643604380e-01 0.000000000000000000e+00 0.000000000000000000e+00 0.000000000000000000e+00
3.600000000000000000e+01 1.440034190518035828e-02 1.137915339098771066e-04 9.998862084660901095e-01 0.000000000000000000e+00 0.000000000000000000e+00 0.000000000000000000e+00
3.900000000000000000e+01 1.560037039727868446e-02 1.024123805188893906e-03 9.989758761948110966e-01 0.000000000000000000e+00 0.000000000000000000e+00 0.000000000000000000e+00
4.200000000000000000e+01 1.680039888937701065e-02 1.706873008648156654e-03 9.982931269913518646e-01 0.000000000000000000e+00 0.000000000000000000e+00 0.000000000000000000e+00
4.500000000000000000e+01 1.800042738147555887e-02 1.251706873008648227e-03 9.986345015930814251e-01 0.000000000000000000e+00 1.137915339098771066e-04 0.000000000000000000e+00
4.800000000000000000e+01 1.920045587357388506e-02 1.024123805188893906e-03 9.988620846609012061e-01 0.000000000000000000e+00 1.137915339098771066e-04 0.000000000000000000e+00
5.100000000000000000e+01 2.040048436567221124e-02 1.137915339098770958e-03 9.988620846609012061e-01 0.000000000000000000e+00 0.000000000000000000e+00 0.000000000000000000e+00
5.400000000000000000e+01 2.160051285777053742e-02 2.162039144287664864e-03 9.978379608557123026e-01 0.000000000000000000e+00 0.000000000000000000e+00 0.000000000000000000e+00
5.700000000000000000e+01 2.280054134986886361e-02 2.503413746017296455e-03 9.974965862539827421e-01 0.000000000000000000e+00 0.000000000000000000e+00 0.000000000000000000e+00
6.000000000000000000e+01 2.400056984196718979e-02 1.934456076467910759e-03 9.979517523896221931e-01 0.000000000000000000e+00 1.137915339098771066e-04 0.000000000000000000e+00
6.300000000000000000e+01 2.520059833406573802e-02 1.593081474738279385e-03 9.981793354574419741e-01 0.000000000000000000e+00 2.275830678197542133e-04 0.000000000000000000e+00
6.600000000000000000e+01 2.640062682616406420e-02 1.024123805188893906e-03 9.989758761948110966e-01 0.000000000000000000e+00 0.000000000000000000e+00 0.000000000000000000e+00
6.900000000000000000e+01 2.760065531826239038e-02 1.934456076467910759e-03 9.980655439235320836e-01 0.000000000000000000e+00 0.000000000000000000e+00 0.000000000000000000e+00
7.200000000000000000e+01 2.880068381036071656e-02 2.503413746017296455e-03 9.973827947200728516e-01 0.000000000000000000e+00 1.137915339098771066e-04 0.000000000000000000e+00
7.500000000000000000e+01 3.000071230245904275e-02 3.755120619025944465e-03 9.961310878470641672e-01 0.000000000000000000e+00 1.137915339098771066e-04 0.000000000000000000e+00
7.800000000000000000e+01 3.120074079455736893e-02 5.006827492034592909e-03 9.948793809740554828e-01 0.000000000000000000e+00 1.137915339098771066e-04 0.000000000000000000e+00
8.100000000000000000e+01 3.240076928665591716e-02 4.779244424214838804e-03 9.952207555757851543e-01 0.000000000000000000e+00 0.000000000000000000e+00 0.000000000000000000e+00
8.400000000000000000e+01 3.360079777875424334e-02 4.437869822485207214e-03 9.955621301775148257e-01 0.000000000000000000e+00 0.000000000000000000e+00 0.000000000000000000e+00
8.700000000000000000e+01 3.480082627085256952e-02 4.096495220755575623e-03 9.957897132453344957e-01 0.000000000000000000e+00 1.137915339098771066e-04 0.000000000000000000e+00
9.000000000000000000e+01 3.600085476295089570e-02 4.096495220755575623e-03 9.959035047792443862e-01 0.000000000000000000e+00 0.000000000000000000e+00 0.000000000000000000e+00
9.300000000000000000e+01 3.720088325504922189e-02 4.437869822485207214e-03 9.953345471096950448e-01 0.000000000000000000e+00 2.275830678197542133e-04 0.000000000000000000e+00
9.600000000000000000e+01 3.840091174714754807e-02 5.234410559854347014e-03 9.946517979062358128e-01 0.000000000000000000e+00 1.137915339098771066e-04 0.000000000000000000e+00
9.900000000000000000e+01 3.960094023924609630e-02 4.324078288575329727e-03 9.955621301775148257e-01 0.000000000000000000e+00 1.137915339098771066e-04 0.000000000000000000e+00
1.020000000000000000e+02 4.080096873134442248e-02 4.551661356395083832e-03 9.954483386436049352e-01 0.000000000000000000e+00 0.000000000000000000e+00 0.000000000000000000e+00
1.050000000000000000e+02 4.200099722344274866e-02 3.982703686845699004e-03 9.959035047792443862e-01 0.000000000000000000e+00 1.137915339098771066e-04 0.000000000000000000e+00
1.080000000000000000e+02 4.320102571554107485e-02 5.120619025944469528e-03 9.947655894401457033e-01 0.000000000000000000e+00 1.137915339098771066e-04 0.000000000000000000e+00
1.110000000000000000e+02 4.440105420763940103e-02 3.868912152935821518e-03 9.961310878470641672e-01 0.000000000000000000e+00 0.000000000000000000e+00 0.000000000000000000e+00
1.140000000000000000e+02 4.560108269973772721e-02 4.551661356395083832e-03 9.953345471096950448e-01 0.000000000000000000e+00 1.137915339098771066e-04 0.000000000000000000e+00
1.170000000000000000e+02 4.680111119183627544e-02 6.599908966772872511e-03 9.931725079654073474e-01 0.000000000000000000e+00 2.275830678197542133e-04 0.000000000000000000e+00
1.200000000000000000e+02 4.800113968393460162e-02 6.827492034592626616e-03 9.928311333636777869e-01 0.000000000000000000e+00 3.413746017296313199e-04 0.000000000000000000e+00
1.230000000000000000e+02 4.920116817603292780e-02 8.534365043240782836e-03 9.912380518889394310e-01 0.000000000000000000e+00 2.275830678197542133e-04 0.000000000000000000e+00
1.260000000000000000e+02 5.040119666813125399e-02 1.081019572143832562e-02 9.887346381429221731e-01 0.000000000000000000e+00 4.551661356395084266e-04 0.000000000000000000e+00
1.290000000000000000e+02 5.160122516022958017e-02 1.137915339098771045e-02 9.881656804733728316e-01 0.000000000000000000e+00 4.551661356395084266e-04 0.000000000000000000e+00
1.320000000000000000e+02 5.280125365232790635e-02 1.228948566226672687e-02 9.870277651342740377e-01 0.000000000000000000e+00 6.827492034592626399e-04 0.000000000000000000e+00
1.350000000000000000e+02 5.400128214442645458e-02 1.365498406918525323e-02 9.857760582612653533e-01 0.000000000000000000e+00 5.689576695493854790e-04 0.000000000000000000e+00
1.380000000000000000e+02 5.520131063652478076e-02 1.547564861174328607e-02 9.838416021847974369e-01 0.000000000000000000e+00 6.827492034592626399e-04 0.000000000000000000e+00
1.410000000000000000e+02 5.640133912862310694e-02 1.661356395084205573e-02 9.827036868456986429e-01 0.000000000000000000e+00 6.827492034592626399e-04 0.000000000000000000e+00
1.440000000000000000e+02 5.760136762072143313e-02 1.684114701866181243e-02 9.824761037778789730e-01 0.000000000000000000e+00 6.827492034592626399e-04 0.000000000000000000e+00
1.470000000000000000e+02 5.880139611281975931e-02 1.729631315430131891e-02 9.819071461083295205e-01 0.000000000000000000e+00 7.965407373691396923e-04 0.000000000000000000e+00
1.500000000000000000e+02 6.000142460491830754e-02 1.604460628129267263e-02 9.831588529813382049e-01 0.000000000000000000e+00 7.965407373691396923e-04 0.000000000000000000e+00
1.530000000000000000e+02 6.120145309701663372e-02 1.820664542558033533e-02 9.808830223031406170e-01 0.000000000000000000e+00 9.103322712790168532e-04 0.000000000000000000e+00
1.560000000000000000e+02 6.240148158911495990e-02 2.162039144287665124e-02 9.778106508875740177e-01 0.000000000000000000e+00 5.689576695493854790e-04 0.000000000000000000e+00
1.590000000000000000e+02 6.360151008121328609e-02 2.253072371415566766e-02 9.765589440145653333e-01 0.000000000000000000e+00 9.103322712790168532e-04 0.000000000000000000e+00
1.620000000000000000e+02 6.480153857331161227e-02 2.628584433318160996e-02 9.724624487938097195e-01 0.000000000000000000e+00 1.251706873008648227e-03 0.000000000000000000e+00
1.650000000000000000e+02 6.600156706540993845e-02 3.026854802002730896e-02 9.682521620391443262e-01 0.000000000000000000e+00 1.479289940828402332e-03 0.000000000000000000e+00
1.680000000000000000e+02 6.720159555750848668e-02 3.004096495220755572e-02 9.684797451069639962e-01 0.000000000000000000e+00 1.479289940828402332e-03 0.000000000000000000e+00
1.710000000000000000e+02 6.840162404960681286e-02 3.220300409649522189e-02 9.670004551661356418e-01 0.000000000000000000e+00 7.965407373691396923e-04 0.000000000000000000e+00
1.740000000000000000e+02 6.960165254170513904e-02 3.903049613108784677e-02 9.593764223941738667e-01 0.000000000000000000e+00 1.593081474738279385e-03 0.000000000000000000e+00
1.770000000000000000e+02 7.080168103380346523e-02 4.278561675011378906e-02 9.559626763768775959e-01 0.000000000000000000e+00 1.251706873008648227e-03 0.000000000000000000e+00
1.800000000000000000e+02 7.200170952590179141e-02 4.836140191169777114e-02 9.501593081474738467e-01 0.000000000000000000e+00 1.479289940828402332e-03 0.000000000000000000e+00
1.830000000000000000e+02 7.320173801800011759e-02 4.870277651342740100e-02 9.502730996813837372e-01 0.000000000000000000e+00 1.024123805188893906e-03 0.000000000000000000e+00
1.860000000000000000e+02 7.440176651009866582e-02 4.961310878470642088e-02 9.483386436049158208e-01 0.000000000000000000e+00 2.048247610377787811e-03 0.000000000000000000e+00
1.890000000000000000e+02 7.560179500219699200e-02 5.336822940373236318e-02 9.452662721893491105e-01 0.000000000000000000e+00 1.365498406918525280e-03 0.000000000000000000e+00
1.920000000000000000e+02 7.680182349429531818e-02 5.109239872553481693e-02 9.469731451979972459e-01 0.000000000000000000e+00 1.934456076467910759e-03 0.000000000000000000e+00
1.950000000000000000e+02 7.800185198639364437e-02 5.234410559854346667e-02 9.446973145197997690e-01 0.000000000000000000e+00 2.958579881656804664e-03 0.000000000000000000e+00
1.980000000000000000e+02 7.920188047849197055e-02 5.735093309057805872e-02 9.398042785616750328e-01 0.000000000000000000e+00 2.844788347746927612e-03 0.000000000000000000e+00
2.010000000000000000e+02 8.040190897059029673e-02 5.962676376877560497e-02 9.370732817478379939e-01 0.000000000000000000e+00 3.299954483386436255e-03 0.000000000000000000e+00
2.040000000000000000e+02 8.160193746268884496e-02 5.985434683659535821e-02 9.370732817478379939e-01 0.000000000000000000e+00 3.072371415566681717e-03 0.000000000000000000e+00
2.070000000000000000e+02 8.280196595478717114e-02 6.486117432862995025e-02 9.311561219845243542e-01 0.000000000000000000e+00 3.982703686845699004e-03 0.000000000000000000e+00
2.100000000000000000e+02 8.400199444688549733e-02 6.952662721893490549e-02 9.262630860263996180e-01 0.000000000000000000e+00 4.210286754665453109e-03 0.000000000000000000e+00
2.130000000000000000e+02 8.520202293898382351e-02 7.624032771961765376e-02 9.197769685935366368e-01 0.000000000000000000e+00 3.982703686845699004e-03 0.000000000000000000e+00
2.160000000000000000e+02 8.640205143108214969e-02 7.828857532999544677e-02 9.176149294492489394e-01 0.000000000000000000e+00 4.096495220755575623e-03 0.000000000000000000e+00
2.190000000000000000e+02 8.760207992318047587e-02 8.693673190714611143e-02 9.080564406008192480e-01 0.000000000000000000e+00 5.006827492034592909e-03 0.000000000000000000e+00
2.220000000000000000e+02 8.880210841527902410e-02 9.000910332271279402e-02 9.050978607191625391e-01 0.000000000000000000e+00 4.893035958124715423e-03 0.000000000000000000e+00
2.250000000000000000e+02 9.000213690737735028e-02 9.387801547564861293e-02 9.005461993627673634e-01 0.000000000000000000e+00 5.575785161583977738e-03 0.000000000000000000e+00
2.280000000000000000e+02 9.120216539947567647e-02 9.649522075557578904e-02 8.994082840236686804e-01 0.000000000000000000e+00 4.096495220755575623e-03 0.000000000000000000e+00
2.310000000000000000e+02 9.240219389157400265e-02 1.013882567137004975e-01 8.940600819299043822e-01 0.000000000000000000e+00 4.551661356395083832e-03 0.000000000000000000e+00
2.340000000000000000e+02 9.360222238367232883e-02 1.098088302230314089e-01 8.839326354119253493e-01 0.000000000000000000e+00 6.258534365043240920e-03 0.000000000000000000e+00
2.370000000000000000e+02 9.480225087577065501e-02 1.144742831133363642e-01 8.799499317250796260e-01 0.000000000000000000e+00 5.575785161583977738e-03 0.000000000000000000e+00
2.400000000000000000e+02 9.600227936786920324e-02 1.300637232589895442e-01 8.640191169776968438e-01 0.000000000000000000e+00 5.917159763313609329e-03 0.000000000000000000e+00
2.430000000000000000e+02 9.720230785996752942e-02 1.391670459717797015e-01 8.536640873918980299e-01 0.000000000000000000e+00 7.168866636322257339e-03 0.000000000000000000e+00
2.460000000000000000e+02 9.840233635206585561e-02 1.424670004551661373e-01 8.504779244424214291e-01 0.000000000000000000e+00 7.055075102412380721e-03 0.000000000000000000e+00
2.490000000000000000e+02 9.960236484416418179e-02 1.482703686845698587e-01 8.433090578060992160e-01 0.000000000000000000e+00 8.420573509330906217e-03 0.000000000000000000e+00
2.520000000000000000e+02 1.008023933362625080e-01 1.602184797451069731e-01 8.299954483386435822e-01 0.000000000000000000e+00 9.786071916249430847e-03 0.000000000000000000e+00
2.550000000000000000e+02 1.020024218283608342e-01 1.702321347291761433e-01 8.189576695493855363e-01 0.000000000000000000e+00 1.081019572143832562e-02 0.000000000000000000e+00
2.580000000000000000e+02 1.032024503204593824e-01 1.787664997724169313e-01 8.098543468365954068e-01 0.000000000000000000e+00 1.137915339098771045e-02 0.000000000000000000e+00
2.610000000000000000e+02 1.044024788125577086e-01 1.918525261720528119e-01 7.960855712335002110e-01 0.000000000000000000e+00 1.206190259444697363e-02 0.000000000000000000e+00
2.640000000000000000e+02 1.056025073046560347e-01 1.998179335457442030e-01 7.868684569868001910e-01 0.000000000000000000e+00 1.331360946745562164e-02 0.000000000000000000e+00
2.670000000000000000e+02 1.068025357967543609e-01 2.104005461993627701e-01 7.758306781975421451e-01 0.000000000000000000e+00 1.376877560309512985e-02 0.000000000000000000e+00
2.700000000000000000e+02 1.080025642888526871e-01 2.210969503868912278e-01 7.646791078743740977e-01 0.000000000000000000e+00 1.422394173873463806e-02 0.000000000000000000e+00
2.730000000000000000e+02 1.092025927809510133e-01 2.311106053709603980e-01 7.522758306781975879e-01 0.000000000000000000e+00 1.661356395084205573e-02 0.000000000000000000e+00
2.760000000000000000e+02 1.104026212730495615e-01 2.456759217114246607e-01 7.368001820664542567e-01 1.137915339098771066e-04 1.741010468821119553e-02 0.000000000000000000e+00
2.790000000000000000e+02 1.116026497651478877e-01 2.638825671370050308e-01 7.174556213017750927e-01 1.137915339098771066e-04 1.854802002730996865e-02 0.000000000000000000e+00
2.820000000000000000e+02 1.128026782572462139e-01 2.802685480200273194e-01 6.987938097405552718e-01 1.137915339098771066e-04 2.082385070550751144e-02 0.000000000000000000e+00
2.850000000000000000e+02 1.140027067493445401e-01 2.956304050978607045e-01 6.827492034592625991e-01 2.275830678197542133e-04 2.139280837505689453e-02 0.000000000000000000e+00
2.880000000000000000e+02 1.152027352414428663e-01 3.194128356850250428e-01 6.577150659990896875e-01 2.275830678197542133e-04 2.264451524806554428e-02 0.000000000000000000e+00
2.910000000000000000e+02 1.164027637335414145e-01 3.384160218479745352e-01 6.366636322257623881e-01 1.137915339098771066e-04 2.480655439235321044e-02 0.000000000000000000e+00
2.940000000000000000e+02 1.176027922256397407e-01 3.449021392808375164e-01 6.276741010468821491e-01 1.137915339098771066e-04 2.730996813837050646e-02 0.000000000000000000e+00
2.970000000000000000e+02 1.188028207177380668e-01 3.574192080109239722e-01 6.134501593081475024e-01 2.275830678197542133e-04 2.890304961310878606e-02 0.000000000000000000e+00
3.000000000000000000e+02 1.200028492098363930e-01 3.742603550295858228e-01 5.935366408739189970e-01 2.275830678197542133e-04 3.197542102867546865e-02 0.000000000000000000e+00
3.030000000000000000e+02 1.212028777019347192e-01 3.903049613108784954e-01 5.749886208466090665e-01 3.413746017296313199e-04 3.436504324078288458e-02 0.000000000000000000e+00
3.060000000000000000e+02 1.224029061940330454e-01 4.015703231679563223e-01 5.593991807009558448e-01 2.275830678197542133e-04 3.880291306326809353e-02 0.000000000000000000e+00
3.090000000000000000e+02 1.236029346861315936e-01 4.180700955848885014e-01 5.413063268092853653e-01 4.551661356395084266e-04 4.016841147018661989e-02 0.000000000000000000e+00
3.120000000000000000e+02 1.248029631782299198e-01 4.329767865270823801e-01 5.219617660446063123e-01 5.689576695493854790e-04 4.449248975876194528e-02 0.000000000000000000e+00
3.150000000000000000e+02 1.260029916703282460e-01 4.444697314519799880e-01 5.097860719162494725e-01 4.551661356395084266e-04 4.528903049613108855e-02 0.000000000000000000e+00
3.180000000000000000e+02 1.272030201624265722e-01 4.517523896222120916e-01 5.003413746017296715e-01 2.275830678197542133e-04 4.767865270823850449e-02 0.000000000000000000e+00
3.210000000000000000e+02 1.284030486545248984e-01 4.674556213017751483e-01 4.803140646335912756e-01 0.000000000000000000e+00 5.223031406463359005e-02 0.000000000000000000e+00
3.240000000000000000e+02 1.296030771466232245e-01 4.841829767865271084e-01 4.580109239872553473e-01 1.137915339098771066e-04 5.769230769230769551e-02 0.000000000000000000e+00
3.270000000000000000e+02 1.308031056387217728e-01 5.025034137460172579e-01 4.346836595357305155e-01 0.000000000000000000e+00 6.281292671825215723e-02 0.000000000000000000e+00
3.300000000000000000e+02 1.320031341308200989e-01 5.169549385525716856e-01 4.152253072371415721e-01 4.551661356395084266e-04 6.736458807464724974e-02 0.000000000000000000e+00
3.330000000000000000e+02 1.332031626229184251e-01 5.331133363677742487e-01 3.940600819299044377e-01 1.024123805188893906e-03 7.180245789713245175e-02 0.000000000000000000e+00
3.360000000000000000e+02 1.344031911150167513e-01 5.473372781065088954e-01 3.744879380974055483e-01 1.365498406918525280e-03 7.680928538916705073e-02 0.000000000000000000e+00
3.390000000000000000e+02 1.356032196071150775e-01 5.664542558033682784e-01 3.542330450614474269e-01 1.024123805188893906e-03 7.828857532999544677e-02 0.000000000000000000e+00
3.420000000000000000e+02 1.368032480992134037e-01 5.796540737369140217e-01 3.360263996358671124e-01 7.965407373691396923e-04 8.352298588984979899e-02 0.000000000000000000e+00
3.450000000000000000e+02 1.380032765913119519e-01 5.951297223486572419e-01 3.146335912608101970e-01 1.593081474738279385e-03 8.864360491579426071e-02 0.000000000000000000e+00
3.480000000000000000e+02 1.392033050834102781e-01 6.093536640873918886e-01 2.941511151570322946e-01 2.275830678197541916e-03 9.421939007737824279e-02 0.000000000000000000e+00
3.510000000000000000e+02 1.404033335755086043e-01 6.271051433773326966e-01 2.730996813837050508e-01 3.186162949476558769e-03 9.660901228948566566e-02 0.000000000000000000e+00
3.540000000000000000e+02 1.416033620676069305e-01 6.376877560309512916e-01 2.584205735093308975e-01 3.755120619025944465e-03 1.001365498406918547e-01 0.000000000000000000e+00
3.570000000000000000e+02 1.428033905597052566e-01 6.450842057350932857e-01 2.414656349567592120e-01 4.096495220755575623e-03 1.093536640873919025e-01 0.000000000000000000e+00
3.600000000000000000e+02 1.440034190518035828e-01 6.508875739644970349e-01 2.279244424214838527e-01 4.437869822485207214e-03 1.167501137915339104e-01 0.000000000000000000e+00
3.630000000000000000e+02 1.452034475439021310e-01 6.573736913973600160e-01 2.163177059626763821e-01 4.437869822485207214e-03 1.218707328174783860e-01 0.000000000000000000e+00
3.660000000000000000e+02 1.464034760360004572e-01 6.762630860263996180e-01 1.991351843422849432e-01 4.779244424214838804e-03 1.198224852071005930e-01 0.000000000000000000e+00
3.690000000000000000e+02 1.476035045280987834e-01 6.818388711879835862e-01 1.874146563495675821e-01 6.030951297223486815e-03 1.247155211652253015e-01 0.000000000000000000e+00
3.720000000000000000e+02 1.488035330201971096e-01 6.884387801547564578e-01 1.753527537551206328e-01 6.372325898953117539e-03 1.298361401911697632e-01 0.000000000000000000e+00
3.750000000000000000e+02 1.500035615122954358e-01 6.981110605370960398e-01 1.619253527537551085e-01 6.599908966772872511e-03 1.333636777423759801e-01 0.000000000000000000e+00
3.780000000000000000e+02 1.512035900043937620e-01 7.057350933090578149e-01 1.507737824305871721e-01 6.941283568502503235e-03 1.365498406918525254e-01 0.000000000000000000e+00
3.810000000000000000e+02 1.524036184964923102e-01 7.065316340464269373e-01 1.426945835229858905e-01 7.396449704142011444e-03 1.433773327264451503e-01 0.000000000000000000e+00
3.840000000000000000e+02 1.536036469885906364e-01 7.096040054619936477e-01 1.354119253527537592e-01 8.420573509330906217e-03 1.465634956759217233e-01 0.000000000000000000e+00
3.870000000000000000e+02 1.548036754806889626e-01 7.150659990896677254e-01 1.274465179790623681e-01 8.761948111060537808e-03 1.487255348202093652e-01 0.000000000000000000e+00
3.900000000000000000e+02 1.560037039727872887e-01 7.209831588529813651e-01 1.199362767410104696e-01 9.330905780609922637e-03 1.497496586253982687e-01 0.000000000000000000e+00
3.930000000000000000e+02 1.572037324648856149e-01 7.245106964041875264e-01 1.147018661811561174e-01 1.069640418752844727e-02 1.500910332271279124e-01 0.000000000000000000e+00
3.960000000000000000e+02 1.584037609569839411e-01 7.258761948111061013e-01 1.087847064178425194e-01 1.285844333181611343e-02 1.524806554392353075e-01 0.000000000000000000e+00
3.990000000000000000e+02 1.596037894490824893e-01 7.319071461083295205e-01 1.028675466545289074e-01 1.263086026399635846e-02 1.525944469731451980e-01 0.000000000000000000e+00
4.020000000000000000e+02 1.608038179411808155e-01 7.336140191169776559e-01 9.877105143377332142e-02 1.319981793354574502e-02 1.544151115157032239e-01 0.000000000000000000e+00
4.050000000000000000e+02 1.620038464332791417e-01 7.346381429221665593e-01 9.433318161128811941e-02 1.433773327264451468e-02 1.566909421939007840e-01 0.000000000000000000e+00
4.080000000000000000e+02 1.632038749253774679e-01 7.393035958124715146e-01 8.864360491579426071e-02 1.558944014565316269e-02 1.564633591260810308e-01 0.000000000000000000e+00
4.110000000000000000e+02 1.644039034174757941e-01 7.397587619481110766e-01 8.784706417842512438e-02 1.627218934911242587e-02 1.561219845243513871e-01 0.000000000000000000e+00
4.140000000000000000e+02 1.656039319095743423e-01 7.452207555757851543e-01 8.511606736458807165e-02 1.445152480655439303e-02 1.552116522530723741e-01 0.000000000000000000e+00
4.170000000000000000e+02 1.668039604016726685e-01 7.488620846609012061e-01 7.931269913518433634e-02 1.593081474738279601e-02 1.558944014565316338e-01 0.000000000000000000e+00
4.200000000000000000e+02 1.680039888937709947e-01 7.517068730086481354e-01 7.658170232134729749e-02 1.775147928994082885e-02 1.539599453800637174e-01 0.000000000000000000e+00
4.230000000000000000e+02 1.692040173858693208e-01 7.555757851615839682e-01 7.305416477014110843e-02 1.649977241693217911e-02 1.548702776513427304e-01 0.000000000000000000e+00
4.260000000000000000e+02 1.704040458779676470e-01 7.666135639508420141e-01 6.611288120163859305e-02 1.513427401001365448e-02 1.521392808375056915e-01 0.000000000000000000e+00
4.290000000000000000e+02 1.716040743700659732e-01 7.736686390532544477e-01 6.065088757396449454e-02 1.672735548475193582e-02 1.489531178880291185e-01 0.000000000000000000e+00
4.320000000000000000e+02 1.728041028621645214e-01 7.798133818843877574e-01 5.700955848884842886e-02 1.797906235776058209e-02 1.451979972690031762e-01 0.000000000000000000e+00
4.350000000000000000e+02 1.740041313542628476e-01 7.820892125625853453e-01 5.609922621756941591e-02 1.866181156121984527e-02 1.431497496586253970e-01 0.000000000000000000e+00
4.380000000000000000e+02 1.752041598463611738e-01 7.836822940373235902e-01 5.405097860719162289e-02 1.797906235776058209e-02 1.442876649977241632e-01 0.000000000000000000e+00
4.410000000000000000e+02 1.764041883384595000e-01 7.834547109695039202e-01 5.279927173418298009e-02 1.991351843422849502e-02 1.438324988620846567e-01 0.000000000000000000e+00
4.440000000000000000e+02 1.776042168305578262e-01 7.842512517068730427e-01 4.995448338643605074e-02 2.127901684114701791e-02 1.445152480655439164e-01 0.000000000000000000e+00
4.470000000000000000e+02 1.788042453226561523e-01 7.892580791989075584e-01 4.779244424214838111e-02 2.093764223941738806e-02 1.420118343195266308e-01 0.000000000000000000e+00
4.500000000000000000e+02 1.800042738147547006e-01 7.954028220300409791e-01 4.517523896222121194e-02 2.162039144287665124e-02 1.378015475648611821e-01 0.000000000000000000e+00
4.530000000000000000e+02 1.812043023068530267e-01 7.979062357760582369e-01 4.494765589440145870e-02 2.309968138370505075e-02 1.340464269458352398e-01 0.000000000000000000e+00
4.560000000000000000e+02 1.824043307989513529e-01 8.021165225307237412e-01 4.346836595357305572e-02 2.309968138370505075e-02 1.313154301319981732e-01 0.000000000000000000e+00
4.590000000000000000e+02 1.836043592910496791e-01 8.072371415566681474e-01 4.369594902139280895e-02 2.127901684114701791e-02 1.277878925807919841e-01 0.000000000000000000e+00
4.620000000000000000e+02 1.848043877831480053e-01 8.128129267182521156e-01 4.301319981793354230e-02 2.071005917159763482e-02 1.234638142922166587e-01 0.000000000000000000e+00
4.650000000000000000e+02 1.860044162752463315e-01 8.165680473372780579e-01 4.085116067364587961e-02 2.230314064633591095e-02 1.202776513427400995e-01 0.000000000000000000e+00
4.680000000000000000e+02 1.872044447673448797e-01 8.224852071005916976e-01 3.743741465634956717e-02 2.230314064633591095e-02 1.177742375967228000e-01 0.000000000000000000e+00
4.710000000000000000e+02 1.884044732594432059e-01 8.213472917614929036e-01 3.755120619025944378e-02 2.275830678197542090e-02 1.183431952662721831e-01 0.000000000000000000e+00
4.740000000000000000e+02 1.896045017515415321e-01 8.289713245334546787e-01 3.891670459717797015e-02 2.105143377332726468e-02 1.110605370960400518e-01 0.000000000000000000e+00
4.770000000000000000e+02 1.908045302436398583e-01 8.319299044151114986e-01 3.652708238507055422e-02 2.071005917159763482e-02 1.108329540282202985e-01 0.000000000000000000e+00
4.800000000000000000e+02 1.920045587357381844e-01 8.352298588984979899e-01 3.538916704597178109e-02 2.093764223941738806e-02 1.084433318161128756e-01 0.000000000000000000e+00
4.830000000000000000e+02 1.932045872278365106e-01 8.394401456531633832e-01 3.322712790168411146e-02 2.082385070550751144e-02 1.065088757396449731e-01 0.000000000000000000e+00
4.860000000000000000e+02 1.944046157199350588e-01 8.404642694583522866e-01 3.095129722348657214e-02 2.071005917159763482e-02 1.078743741465634925e-01 0.000000000000000000e+00
4.890000000000000000e+02 1.956046442120333850e-01 8.445607646791079004e-01 2.935821574874829254e-02 2.230314064633591095e-02 1.037778789258079204e-01 0.000000000000000000e+00
4.920000000000000000e+02 1.968046727041317112e-01 8.446745562130177909e-01 2.901684114701866268e-02 2.196176604460628110e-02 1.043468365953573035e-01 0.000000000000000000e+00
4.950000000000000000e+02 1.980047011962300374e-01 8.452435138825671324e-01 2.901684114701866268e-02 2.366863905325443732e-02 1.020710059171597572e-01 0.000000000000000000e+00
4.980000000000000000e+02 1.992047296883283636e-01 8.479745106964041712e-01 2.833409194355939950e-02 2.492034592626308706e-02 9.877105143377332142e-02 0.000000000000000000e+00
5.010000000000000000e+02 2.004047581804266898e-01 8.542330450614474824e-01 2.685480200273099652e-02 2.583067819754210348e-02 9.308147473827947660e-02 0.000000000000000000e+00
5.040000000000000000e+02 2.016047866725252380e-01 8.607191624943104635e-01 2.651342740100136666e-02 2.537551206190259354e-02 8.739189804278561791e-02 0.000000000000000000e+00
5.070000000000000000e+02 2.028048151646235642e-01 8.658397815202548697e-01 2.548930359581247015e-02 2.446517979062357712e-02 8.420573509330905870e-02 0.000000000000000000e+00
5.100000000000000000e+02 2.040048436567218904e-01 8.698224852071005930e-01 2.401001365498407064e-02 2.537551206190259354e-02 8.079198907601274626e-02 0.000000000000000000e+00
5.130000000000000000e+02 2.052048721488202165e-01 8.698224852071005930e-01 2.389622212107419055e-02 2.605826126536185672e-02 8.022303140646336317e-02 0.000000000000000000e+00
5.160000000000000000e+02 2.064049006409185427e-01 8.689121529358215801e-01 2.287209831588529751e-02 2.708238507055074976e-02 8.113336367774237612e-02 0.000000000000000000e+00
5.190000000000000000e+02 2.076049291330168689e-01 8.695949021392808120e-01 2.378243058716431393e-02 2.810650887573964626e-02 7.851615839781520001e-02 0.000000000000000000e+00
5.220000000000000000e+02 2.088049576251154171e-01 8.726672735548475224e-01 2.446517979062357712e-02 2.685480200273099652e-02 7.601274465179790052e-02 0.000000000000000000e+00
5.250000000000000000e+02 2.100049861172137433e-01 8.763086026399635742e-01 2.412380518889394726e-02 2.628584433318160996e-02 7.328174783796086167e-02 0.000000000000000000e+00
5.280000000000000000e+02 2.112050146093120695e-01 8.768775603095130267e-01 2.355484751934456070e-02 2.799271734182976618e-02 7.157487482931269851e-02 0.000000000000000000e+00
5.310000000000000000e+02 2.124050431014103957e-01 8.802913063268092975e-01 2.253072371415566766e-02 2.787892580791988956e-02 6.929904415111515226e-02 0.000000000000000000e+00
5.340000000000000000e+02 2.136050715935087219e-01 8.800637232589895165e-01 2.309968138370505075e-02 2.822030040964952288e-02 6.861629494765589254e-02 0.000000000000000000e+00
5.370000000000000000e+02 2.148051000856070480e-01 8.870050068274920596e-01 2.321347291761493084e-02 2.696859353664087314e-02 6.281292671825215723e-02 0.000000000000000000e+00
5.400000000000000000e+02 2.160051285777055963e-01 8.911015020482475624e-01 2.241693218024579104e-02 2.560309512972235024e-02 6.087847064178425471e-02 0.000000000000000000e+00
5.430000000000000000e+02 2.172051570698039225e-01 8.914428766499772339e-01 2.253072371415566766e-02 2.628584433318160996e-02 5.974055530268548159e-02 0.000000000000000000e+00
5.460000000000000000e+02 2.184051855619022486e-01 8.964497041420118606e-01 2.082385070550751144e-02 2.469276285844333035e-02 5.803368229403732537e-02 0.000000000000000000e+00
5.490000000000000000e+02 2.196052140540005748e-01 8.969048702776513116e-01 2.082385070550751144e-02 2.423759672280382388e-02 5.803368229403732537e-02 0.000000000000000000e+00
5.520000000000000000e+02 2.208052425460989010e-01 8.987255348202093375e-01 2.230314064633591095e-02 2.344105598543468408e-02 5.553026854802002588e-02 0.000000000000000000e+00
5.550000000000000000e+02 2.220052710381974492e-01 8.977014110150204340e-01 2.230314064633591095e-02 2.548930359581247015e-02 5.450614474283113631e-02 0.000000000000000000e+00
5.580000000000000000e+02 2.232052995302957754e-01 8.972462448793809831e-01 2.196176604460628110e-02 2.742375967228038308e-02 5.336822940373236318e-02 0.000000000000000000e+00
5.610000000000000000e+02 2.244053280223941016e-01 9.027082385070550608e-01 2.127901684114701791e-02 2.583067819754210348e-02 5.018206645425580398e-02 0.000000000000000000e+00
5.640000000000000000e+02 2.256053565144924278e-01 9.046426945835229771e-01 2.093764223941738806e-02 2.639963586709149004e-02 4.802002730996814128e-02 0.000000000000000000e+00
5.670000000000000000e+02 2.268053850065907540e-01 9.076012744651797970e-01 2.093764223941738806e-02 2.605826126536185672e-02 4.540282203004096517e-02 0.000000000000000000e+00
5.700000000000000000e+02 2.280054134986890801e-01 9.058944014565316616e-01 2.036868456986800149e-02 2.708238507055074976e-02 4.665452890304961492e-02 0.000000000000000000e+00
5.730000000000000000e+02 2.292054419907876284e-01 9.076012744651797970e-01 2.048247610377787811e-02 2.583067819754210348e-02 4.608557123350022489e-02 0.000000000000000000e+00
5.760000000000000000e+02 2.304054704828859546e-01 9.077150659990896875e-01 2.025489303595812488e-02 2.685480200273099652e-02 4.517523896222121194e-02 0.000000000000000000e+00
5.790000000000000000e+02 2.316054989749842807e-01 9.111288120163859583e-01 2.059626763768775473e-02 2.583067819754210348e-02 4.244424214838415921e-02 0.000000000000000000e+00
5.820000000000000000e+02 2.328055274670826069e-01 9.162494310423304755e-01 1.843422849340009204e-02 2.560309512972235024e-02 3.971324533454710648e-02 0.000000000000000000e+00
5.850000000000000000e+02 2.340055559591809331e-01 9.190942193900774049e-01 1.786527082385070547e-02 2.457897132453345374e-02 3.846153846153846367e-02 0.000000000000000000e+00
5.880000000000000000e+02 2.352055844512792593e-01 9.192080109239872954e-01 1.718252162039144229e-02 2.514792899408284030e-02 3.846153846153846367e-02 0.000000000000000000e+00
5.910000000000000000e+02 2.364056129433778075e-01 9.223941738734637852e-01 1.752389622212107562e-02 2.480655439235321044e-02 3.527537551206190447e-02 0.000000000000000000e+00
5.940000000000000000e+02 2.376056414354761337e-01 9.226217569412835662e-01 1.706873008648156567e-02 2.514792899408284030e-02 3.516158397815202785e-02 0.000000000000000000e+00
5.970000000000000000e+02 2.388056699275744599e-01 9.252389622212107145e-01 1.752389622212107562e-02 2.355484751934456070e-02 3.368229403732362487e-02 0.000000000000000000e+00
6.000000000000000000e+02 2.400056984196727861e-01 9.279699590350477534e-01 1.695493855257168905e-02 2.275830678197542090e-02 3.231679563040509851e-02 0.000000000000000000e+00
6.030000000000000000e+02 2.412057269117711122e-01 9.301319981793354508e-01 1.627218934911242587e-02 2.196176604460628110e-02 3.163404642694583185e-02 0.000000000000000000e+00
6.060000000000000000e+02 2.424057554038694384e-01 9.318388711879835862e-01 1.570323167956303931e-02 2.196176604460628110e-02 3.049613108784706567e-02 0.000000000000000000e+00
6.090000000000000000e+02 2.436057838959679867e-01 9.345698680018206250e-01 1.456531634046426965e-02 2.162039144287665124e-02 2.924442421483841592e-02 0.000000000000000000e+00
6.120000000000000000e+02 2.448058123880663128e-01 9.373008648156576639e-01 1.433773327264451468e-02 2.014110150204824826e-02 2.822030040964952288e-02 0.000000000000000000e+00
6.150000000000000000e+02 2.460058408801646390e-01 9.398042785616750328e-01 1.456531634046426965e-02 1.877560309512972189e-02 2.685480200273099652e-02 0.000000000000000000e+00
6.180000000000000000e+02 2.472058693722629652e-01 9.395766954938552518e-01 1.354119253527537488e-02 2.014110150204824826e-02 2.674101046882111990e-02 0.000000000000000000e+00
6.210000000000000000e+02 2.484058978643612914e-01 9.412835685025033872e-01 1.331360946745562164e-02 2.014110150204824826e-02 2.526172052799271692e-02 0.000000000000000000e+00
6.240000000000000000e+02 2.496059263564596176e-01 9.434456076467910846e-01 1.467910787437414627e-02 1.923076923076923184e-02 2.264451524806554428e-02 0.000000000000000000e+00
6.270000000000000000e+02 2.508059548485581658e-01 9.429904415111515226e-01 1.411015020482476144e-02 2.014110150204824826e-02 2.275830678197542090e-02 0.000000000000000000e+00
6.300000000000000000e+02 2.520059833406564920e-01 9.409421939007738267e-01 1.502048247610377786e-02 2.014110150204824826e-02 2.389622212107419055e-02 0.000000000000000000e+00
6.330000000000000000e+02 2.532060118327548182e-01 9.396904870277651423e-01 1.513427401001365448e-02 2.048247610377787811e-02 2.469276285844333035e-02 0.000000000000000000e+00
6.360000000000000000e+02 2.544060403248531443e-01 9.378698224852071164e-01 1.661356395084205573e-02 2.218934911242603433e-02 2.332726445152480746e-02 0.000000000000000000e+00
6.390000000000000000e+02 2.556060688169514705e-01 9.402594446973144837e-01 1.558944014565316269e-02 2.162039144287665124e-02 2.253072371415566766e-02 0.000000000000000000e+00
6.420000000000000000e+02 2.568060973090497967e-01 9.410559854346836062e-01 1.524806554392353283e-02 2.241693218024579104e-02 2.127901684114701791e-02 0.000000000000000000e+00
6.450000000000000000e+02 2.580061258011483449e-01 9.433318161128811941e-01 1.547564861174328607e-02 2.127901684114701791e-02 1.979972690031861493e-02 1.137915339098771066e-04
6.480000000000000000e+02 2.592061542932466711e-01 9.440145653163404260e-01 1.547564861174328607e-02 2.127901684114701791e-02 1.911697769685935522e-02 1.137915339098771066e-04
6.510000000000000000e+02 2.604061827853449973e-01 9.458352298588984519e-01 1.570323167956303931e-02 2.116522530723714129e-02 1.718252162039144229e-02 1.137915339098771066e-04
6.540000000000000000e+02 2.616062112774433235e-01 9.450386891215293295e-01 1.524806554392353283e-02 2.150659990896677115e-02 1.820664542558033533e-02 0.000000000000000000e+00
6.570000000000000000e+02 2.628062397695416497e-01 9.452662721893491105e-01 1.604460628129267263e-02 2.150659990896677115e-02 1.718252162039144229e-02 0.000000000000000000e+00
6.600000000000000000e+02 2.640062682616399758e-01 9.440145653163404260e-01 1.638598088302230249e-02 2.207555757851615771e-02 1.752389622212107562e-02 0.000000000000000000e+00
6.630000000000000000e+02 2.652062967537385241e-01 9.456076467910787819e-01 1.593081474738279601e-02 2.150659990896677115e-02 1.684114701866181243e-02 1.137915339098771066e-04
6.660000000000000000e+02 2.664063252458368503e-01 9.474283113336368078e-01 1.558944014565316269e-02 2.127901684114701791e-02 1.558944014565316269e-02 1.137915339098771066e-04
6.690000000000000000e+02 2.676063537379351764e-01 9.470869367319071364e-01 1.547564861174328607e-02 2.218934911242603433e-02 1.524806554392353283e-02 0.000000000000000000e+00
6.720000000000000000e+02 2.688063822300335026e-01 9.479972690031861493e-01 1.536185707783340945e-02 2.139280837505689453e-02 1.524806554392353283e-02 0.000000000000000000e+00
6.750000000000000000e+02 2.700064107221318288e-01 9.459490213928083424e-01 1.570323167956303931e-02 2.139280837505689453e-02 1.684114701866181243e-02 1.137915339098771066e-04
6.780000000000000000e+02 2.712064392142301550e-01 9.462903959945380139e-01 1.536185707783340945e-02 2.059626763768775473e-02 1.752389622212107562e-02 2.275830678197542133e-04
6.810000000000000000e+02 2.724064677063287032e-01 9.450386891215293295e-01 1.547564861174328607e-02 1.991351843422849502e-02 1.934456076467910846e-02 2.275830678197542133e-04
