# itime ezz other fcc hcp bcc ico
0.000000000000000000e+00 0.000000000000000000e+00 3.413746017296313199e-04 9.996586253982703285e-01 0.000000000000000000e+00 0.000000000000000000e+00 0.000000000000000000e+00
3.000000000000000000e+01 1.200000345398777313e-02 1.024123805188893906e-03 9.989758761948110966e-01 0.000000000000000000e+00 0.000000000000000000e+00 0.000000000000000000e+00
6.000000000000000000e+01 2.400000690797554626e-02 2.617205279927173507e-03 9.972690031861629611e-01 0.000000000000000000e+00 1.137915339098771066e-04 0.000000000000000000e+00
9.000000000000000000e+01 3.600001036196331938e-02 3.413746017296313308e-03 9.965862539827037292e-01 0.000000000000000000e+00 0.000000000000000000e+00 0.000000000000000000e+00
1.200000000000000000e+02 4.800001381595109251e-02 1.058261265361857065e-02 9.889622212107419541e-01 0.000000000000000000e+00 4.551661356395084266e-04 0.000000000000000000e+00
1.500000000000000000e+02 6.000001726993864359e-02 1.866181156121984527e-02 9.806554392353209471e-01 0.000000000000000000e+00 6.827492034592626399e-04 0.000000000000000000e+00
1.800000000000000000e+02 7.200002072392641672e-02 3.174783796085571541e-02 9.663177059626764098e-01 0.000000000000000000e+00 1.934456076467910759e-03 0.000000000000000000e+00
2.100000000000000000e+02 8.400002417791418985e-02 7.862994993172507663e-02 9.173873463814292695e-01 0.000000000000000000e+00 3.982703686845699004e-03 0.000000000000000000e+00
2.400000000000000000e+02 9.600002763190196298e-02 1.322257624032771861e-01 8.585571233500227661e-01 0.000000000000000000e+00 9.217114246700046018e-03 0.000000000000000000e+00
2.700000000000000000e+02 1.080000310858897361e-01 2.313381884387801513e-01 7.526172052799271484e-01 0.000000000000000000e+00 1.604460628129267263e-02 0.000000000000000000e+00
3.000000000000000000e+02 1.200000345398775092e-01 3.735776058261265353e-01 5.892125625853436022e-01 0.000000000000000000e+00 3.720983158852981393e-02 0.000000000000000000e+00
3.300000000000000000e+02 1.320000379938652824e-01 5.172963131543013571e-01 4.175011379153391045e-01 3.413746017296313199e-04 6.486117432862995025e-02 0.000000000000000000e+00
3.600000000000000000e+02 1.440000414478530555e-01 6.420118343195265753e-01 2.465862539827036737e-01 4.324078288575329727e-03 1.070778334091943562e-01 0.000000000000000000e+00
3.900000000000000000e+02 1.560000449018406066e-01 7.137005006827491504e-01 1.249431042330450548e-01 1.115157032316795548e-02 1.502048247610377751e-01 0.000000000000000000e+00
4.200000000000000000e+02 1.680000483558283797e-01 7.564861174328629811e-01 7.111970869367319203e-02 1.729631315430131891e-02 1.550978607191624836e-01 0.000000000000000000e+00
4.500000000000000000e+02 1.800000518098161528e-01 7.956304050978607600e-01 4.847519344560764776e-02 2.469276285844333035e-02 1.312016385980883104e-01 0.000000000000000000e+00
4.800000000000000000e+02 1.920000552638039260e-01 8.230541647701411501e-01 3.641329085116067066e-02 2.799271734182976618e-02 1.125398270368684617e-01 0.000000000000000000e+00
5.100000000000000000e+02 2.040000587177916991e-01 8.509330905780609910e-01 2.901684114701866268e-02 2.662721893491124328e-02 9.342284934000910646e-02 0.000000000000000000e+00
5.400000000000000000e+02 2.160000621717794722e-01 8.862084660901229372e-01 2.241693218024579104e-02 3.038233955393718558e-02 6.099226217569413133e-02 0.000000000000000000e+00
5.700000000000000000e+02 2.280000656257672453e-01 9.022530723714156098e-01 1.979972690031861493e-02 2.844788347746927612e-02 4.949931725079653733e-02 0.000000000000000000e+00
6.000000000000000000e+02 2.400000690797550185e-01 9.147701411015020101e-01 1.945835229858898507e-02 3.038233955393718558e-02 3.538916704597178109e-02 0.000000000000000000e+00
6.300000000000000000e+02 2.520000725337425695e-01 9.259217114246700575e-01 1.661356395084205573e-02 2.958579881656804578e-02 2.776513427401001294e-02 1.137915339098771066e-04
6.600000000000000000e+02 2.640000759877303427e-01 9.370732817478379939e-01 1.365498406918525323e-02 2.628584433318160996e-02 2.275830678197542090e-02 2.275830678197542133e-04
6.900000000000000000e+02 2.760000794417181158e-01 9.433318161128811941e-01 1.388256713700500647e-02 2.332726445152480746e-02 1.945835229858898507e-02 0.000000000000000000e+00
7.200000000000000000e+02 2.880000828957058889e-01 9.560764679107874864e-01 1.160673645880746542e-02 2.036868456986800149e-02 1.194811106053709528e-02 0.000000000000000000e+00
7.500000000000000000e+02 3.000000863496936621e-01 9.560764679107874864e-01 1.274465179790623508e-02 1.991351843422849502e-02 1.103777878925807886e-02 2.275830678197542133e-04
7.800000000000000000e+02 3.120000898036814352e-01 9.551661356395084734e-01 1.308602639963586667e-02 2.002730996813837164e-02 1.172052799271734204e-02 0.000000000000000000e+00
8.100000000000000000e+02 3.240000932576692083e-01 9.641556668183887124e-01 9.558488848429677609e-03 1.809285389167045871e-02 7.965407373691398007e-03 2.275830678197542133e-04
8.400000000000000000e+02 3.360000967116569814e-01 9.683659535730542167e-01 1.012744651797906244e-02 1.376877560309512985e-02 7.510241238051888930e-03 2.275830678197542133e-04
8.700000000000000000e+02 3.480001001656447546e-01 9.705279927173418031e-01 9.558488848429677609e-03 1.331360946745562164e-02 6.486117432862995025e-03 1.137915339098771066e-04
9.000000000000000000e+02 3.600001036196323057e-01 9.730314064633591720e-01 7.737824305871643035e-03 1.183431952662721866e-02 7.282658170232134826e-03 1.137915339098771066e-04
9.300000000000000000e+02 3.720001070736203008e-01 9.750796540737368678e-01 6.827492034592626616e-03 1.297223486572599005e-02 5.120619025944469528e-03 0.000000000000000000e+00
9.600000000000000000e+02 3.840001105276078519e-01 9.769003186162948937e-01 6.713700500682749130e-03 1.228948566226672687e-02 4.096495220755575623e-03 0.000000000000000000e+00
9.900000000000000000e+02 3.960001139815954030e-01 9.797451069640418231e-01 6.372325898953117539e-03 9.558488848429677609e-03 3.982703686845699004e-03 3.413746017296313199e-04
1.020000000000000000e+03 4.080001174355833982e-01 9.796313154301320436e-01 6.030951297223486815e-03 9.899863450159307465e-03 4.324078288575329727e-03 1.137915339098771066e-04
1.050000000000000000e+03 4.200001208895711713e-01 9.812243969048702885e-01 4.893035958124715423e-03 9.672280382339554228e-03 3.982703686845699004e-03 2.275830678197542133e-04
1.080000000000000000e+03 4.320001243435589444e-01 9.832726445152480954e-01 4.893035958124715423e-03 8.079198907601274626e-03 3.755120619025944465e-03 0.000000000000000000e+00
1.110000000000000000e+03 4.440001277975464955e-01 9.891898042785616241e-01 2.730996813837050560e-03 5.348202093764223633e-03 2.503413746017296455e-03 2.275830678197542133e-04
1.140000000000000000e+03 4.560001312515342686e-01 9.881656804733728316e-01 2.389622212107419402e-03 6.144742831133363434e-03 2.844788347746927612e-03 4.551661356395084266e-04
1.170000000000000000e+03 4.680001347055222638e-01 9.888484296768320636e-01 2.503413746017296455e-03 5.006827492034592909e-03 3.299954483386436255e-03 3.413746017296313199e-04
1.200000000000000000e+03 4.800001381595098149e-01 9.905553026854801990e-01 1.934456076467910759e-03 4.551661356395083832e-03 2.730996813837050560e-03 2.275830678197542133e-04
1.230000000000000000e+03 4.920001416134973660e-01 9.918070095584888834e-01 1.479289940828402332e-03 3.413746017296313308e-03 3.072371415566681717e-03 2.275830678197542133e-04
1.260000000000000000e+03 5.040001450674853611e-01 9.930587164314974569e-01 1.365498406918525280e-03 2.617205279927173507e-03 2.503413746017296455e-03 4.551661356395084266e-04
1.290000000000000000e+03 5.160001485214733563e-01 9.927173418297678964e-01 1.706873008648156654e-03 2.503413746017296455e-03 2.958579881656804664e-03 1.137915339098771066e-04
1.320000000000000000e+03 5.280001519754609074e-01 9.937414656349567998e-01 2.162039144287664864e-03 2.275830678197541916e-03 1.251706873008648227e-03 5.689576695493854790e-04
1.350000000000000000e+03 5.400001554294484585e-01 9.948793809740554828e-01 6.827492034592626399e-04 2.162039144287664864e-03 1.593081474738279385e-03 6.827492034592626399e-04
1.380000000000000000e+03 5.520001588834362316e-01 9.949931725079653733e-01 1.251706873008648227e-03 2.617205279927173507e-03 5.689576695493854790e-04 5.689576695493854790e-04
1.410000000000000000e+03 5.640001623374242268e-01 9.952207555757851543e-01 1.251706873008648227e-03 2.503413746017296455e-03 7.965407373691396923e-04 2.275830678197542133e-04
1.440000000000000000e+03 5.760001657914117779e-01 9.939690487027764698e-01 1.251706873008648227e-03 2.844788347746927612e-03 1.137915339098770958e-03 7.965407373691396923e-04
1.470000000000000000e+03 5.880001692453993289e-01 9.952207555757851543e-01 1.593081474738279385e-03 1.479289940828402332e-03 7.965407373691396923e-04 9.103322712790168532e-04
1.500000000000000000e+03 6.000001726993873241e-01 9.956759217114247162e-01 1.365498406918525280e-03 1.479289940828402332e-03 5.689576695493854790e-04 9.103322712790168532e-04
1.530000000000000000e+03 6.120001761533753193e-01 9.957897132453344957e-01 1.137915339098770958e-03 2.162039144287664864e-03 6.827492034592626399e-04 2.275830678197542133e-04
1.560000000000000000e+03 6.240001796073628704e-01 9.960172963131542767e-01 1.365498406918525280e-03 1.593081474738279385e-03 7.965407373691396923e-04 2.275830678197542133e-04
1.590000000000000000e+03 6.360001830613504215e-01 9.968138370505233992e-01 1.479289940828402332e-03 9.103322712790168532e-04 4.551661356395084266e-04 3.413746017296313199e-04
1.620000000000000000e+03 6.480001865153381946e-01 9.970414201183431802e-01 1.593081474738279385e-03 6.827492034592626399e-04 3.413746017296313199e-04 3.413746017296313199e-04
1.650000000000000000e+03 6.600001899693259677e-01 9.959035047792443862e-01 1.593081474738279385e-03 1.137915339098770958e-03 3.413746017296313199e-04 1.024123805188893906e-03
1.680000000000000000e+03 6.720001934233137408e-01 9.969276285844332897e-01 1.137915339098770958e-03 5.689576695493854790e-04 7.965407373691396923e-04 5.689576695493854790e-04
1.710000000000000000e+03 6.840001968773012919e-01 9.960172963131542767e-01 1.251706873008648227e-03 1.251706873008648227e-03 4.551661356395084266e-04 1.024123805188893906e-03
1.740000000000000000e+03 6.960002003312892871e-01 9.970414201183431802e-01 7.965407373691396923e-04 1.024123805188893906e-03 4.551661356395084266e-04 6.827492034592626399e-04
1.770000000000000000e+03 7.080002037852772823e-01 9.967000455166135087e-01 9.103322712790168532e-04 1.251706873008648227e-03 2.275830678197542133e-04 9.103322712790168532e-04
1.800000000000000000e+03 7.200002072392648333e-01 9.973827947200728516e-01 5.689576695493854790e-04 9.103322712790168532e-04 3.413746017296313199e-04 7.965407373691396923e-04
1.830000000000000000e+03 7.320002106932523844e-01 9.973827947200728516e-01 5.689576695493854790e-04 7.965407373691396923e-04 3.413746017296313199e-04 9.103322712790168532e-04
1.860000000000000000e+03 7.440002141472403796e-01 9.972690031861629611e-01 4.551661356395084266e-04 6.827492034592626399e-04 1.137915339098771066e-04 1.479289940828402332e-03
1.890000000000000000e+03 7.560002176012281527e-01 9.979517523896221931e-01 2.275830678197542133e-04 9.103322712790168532e-04 1.137915339098771066e-04 7.965407373691396923e-04
1.920000000000000000e+03 7.680002210552157038e-01 9.981793354574419741e-01 2.275830678197542133e-04 7.965407373691396923e-04 1.137915339098771066e-04 6.827492034592626399e-04
1.950000000000000000e+03 7.800002245092032549e-01 9.977241693218024121e-01 5.689576695493854790e-04 9.103322712790168532e-04 2.275830678197542133e-04 5.689576695493854790e-04
1.980000000000000000e+03 7.920002279631912501e-01 9.978379608557123026e-01 4.551661356395084266e-04 6.827492034592626399e-04 3.413746017296313199e-04 6.827492034592626399e-04
2.010000000000000000e+03 8.040002314171792452e-01 9.973827947200728516e-01 4.551661356395084266e-04 6.827492034592626399e-04 2.275830678197542133e-04 1.251706873008648227e-03
2.040000000000000000e+03 8.160002348711667963e-01 9.981793354574419741e-01 2.275830678197542133e-04 7.965407373691396923e-04 1.137915339098771066e-04 6.827492034592626399e-04
2.070000000000000000e+03 8.280002383251543474e-01 9.981793354574419741e-01 2.275830678197542133e-04 7.965407373691396923e-04 3.413746017296313199e-04 4.551661356395084266e-04
2.100000000000000000e+03 8.400002417791423426e-01 9.984069185252617551e-01 2.275830678197542133e-04 3.413746017296313199e-04 5.689576695493854790e-04 4.551661356395084266e-04
2.130000000000000000e+03 8.520002452331301157e-01 9.979517523896221931e-01 3.413746017296313199e-04 7.965407373691396923e-04 3.413746017296313199e-04 5.689576695493854790e-04
2.160000000000000000e+03 8.640002486871176668e-01 9.985207100591716456e-01 4.551661356395084266e-04 4.551661356395084266e-04 0.000000000000000000e+00 5.689576695493854790e-04
2.190000000000000000e+03 8.760002521411054399e-01 9.973827947200728516e-01 4.551661356395084266e-04 1.251706873008648227e-03 0.000000000000000000e+00 9.103322712790168532e-04
2.220000000000000000e+03 8.880002555950932130e-01 9.974965862539827421e-01 5.689576695493854790e-04 4.551661356395084266e-04 3.413746017296313199e-04 1.137915339098770958e-03
2.250000000000000000e+03 9.000002590490812082e-01 9.985207100591716456e-01 3.413746017296313199e-04 5.689576695493854790e-04 0.000000000000000000e+00 5.689576695493854790e-04
2.280000000000000000e+03 9.120002625030687593e-01 9.986345015930814251e-01 4.551661356395084266e-04 5.689576695493854790e-04 1.137915339098771066e-04 2.275830678197542133e-04
2.310000000000000000e+03 9.240002659570563104e-01 9.980655439235320836e-01 1.137915339098771066e-04 6.827492034592626399e-04 3.413746017296313199e-04 7.965407373691396923e-04
2.340000000000000000e+03 9.360002694110443056e-01 9.987482931269913156e-01 1.137915339098771066e-04 5.689576695493854790e-04 1.137915339098771066e-04 4.551661356395084266e-04
2.370000000000000000e+03 9.480002728650320787e-01 9.982931269913518646e-01 1.137915339098771066e-04 4.551661356395084266e-04 1.137915339098771066e-04 1.024123805188893906e-03
2.400000000000000000e+03 9.600002763190196298e-01 9.981793354574419741e-01 1.137915339098771066e-04 5.689576695493854790e-04 4.551661356395084266e-04 6.827492034592626399e-04
2.430000000000000000e+03 9.720002797730074029e-01 9.982931269913518646e-01 2.275830678197542133e-04 6.827492034592626399e-04 2.275830678197542133e-04 5.689576695493854790e-04
2.460000000000000000e+03 9.840002832269951760e-01 9.982931269913518646e-01 0.000000000000000000e+00 6.827492034592626399e-04 2.275830678197542133e-04 7.965407373691396923e-04
2.490000000000000000e+03 9.960002866809831712e-01 9.977241693218024121e-01 0.000000000000000000e+00 6.827492034592626399e-04 5.689576695493854790e-04 1.024123805188893906e-03
