# itime ezz other fcc hcp bcc ico
0.000000000000000000e+00 0.000000000000000000e+00 1.137915339098770958e-03 9.988620846609012061e-01 0.000000000000000000e+00 0.000000000000000000e+00 0.000000000000000000e+00
2.500000000000000000e+01 9.999882873998888755e-04 3.413746017296313199e-04 9.996586253982703285e-01 0.000000000000000000e+00 0.000000000000000000e+00 0.000000000000000000e+00
5.000000000000000000e+01 1.999976574799777751e-03 6.827492034592626399e-04 9.993172507965407680e-01 0.000000000000000000e+00 0.000000000000000000e+00 0.000000000000000000e+00
7.500000000000000000e+01 2.999964862199666626e-03 1.820664542558033706e-03 9.981793354574419741e-01 0.000000000000000000e+00 0.000000000000000000e+00 0.000000000000000000e+00
1.000000000000000000e+02 3.999953149599555502e-03 6.827492034592626399e-04 9.993172507965407680e-01 0.000000000000000000e+00 0.000000000000000000e+00 0.000000000000000000e+00
1.250000000000000000e+02 4.999941436999444377e-03 9.103322712790168532e-04 9.990896677287209870e-01 0.000000000000000000e+00 0.000000000000000000e+00 0.000000000000000000e+00
1.500000000000000000e+02 5.999929724399333253e-03 1.251706873008648227e-03 9.987482931269913156e-01 0.000000000000000000e+00 0.000000000000000000e+00 0.000000000000000000e+00
1.750000000000000000e+02 6.999918011799222128e-03 1.479289940828402332e-03 9.985207100591716456e-01 0.000000000000000000e+00 0.000000000000000000e+00 0.000000000000000000e+00
2.000000000000000000e+02 7.999906299199111004e-03 1.024123805188893906e-03 9.988620846609012061e-01 0.000000000000000000e+00 1.137915339098771066e-04 0.000000000000000000e+00
2.250000000000000000e+02 8.999894586598999879e-03 2.162039144287664864e-03 9.978379608557123026e-01 0.000000000000000000e+00 0.000000000000000000e+00 0.000000000000000000e+00
2.500000000000000000e+02 9.999882873998888755e-03 9.103322712790168532e-04 9.990896677287209870e-01 0.000000000000000000e+00 0.000000000000000000e+00 0.000000000000000000e+00
2.750000000000000000e+02 1.099987116139877763e-02 4.551661356395084266e-04 9.995448338643604380e-01 0.000000000000000000e+00 0.000000000000000000e+00 0.000000000000000000e+00
3.000000000000000000e+02 1.199985944879888855e-02 2.275830678197541916e-03 9.976103777878926326e-01 0.000000000000000000e+00 1.137915339098771066e-04 0.000000000000000000e+00
3.250000000000000000e+02 1.299984773619877743e-02 1.251706873008648227e-03 9.987482931269913156e-01 0.000000000000000000e+00 0.000000000000000000e+00 0.000000000000000000e+00
3.500000000000000000e+02 1.399983602359866630e-02 1.820664542558033706e-03 9.981793354574419741e-01 0.000000000000000000e+00 0.000000000000000000e+00 0.000000000000000000e+00
3.750000000000000000e+02 1.499982431099855518e-02 2.275830678197542133e-04 9.997724169321802190e-01 0.000000000000000000e+00 0.000000000000000000e+00 0.000000000000000000e+00
4.000000000000000000e+02 1.599981259839844405e-02 2.730996813837050560e-03 9.972690031861629611e-01 0.000000000000000000e+00 0.000000000000000000e+00 0.000000000000000000e+00
4.250000000000000000e+02 1.699980088579833293e-02 2.503413746017296455e-03 9.974965862539827421e-01 0.000000000000000000e+00 0.000000000000000000e+00 0.000000000000000000e+00
4.500000000000000000e+02 1.799978917319822180e-02 7.965407373691396923e-04 9.992034592626308775e-01 0.000000000000000000e+00 0.000000000000000000e+00 0.000000000000000000e+00
4.750000000000000000e+02 1.899977746059811068e-02 2.048247610377787811e-03 9.979517523896221931e-01 0.000000000000000000e+00 0.000000000000000000e+00 0.000000000000000000e+00
5.000000000000000000e+02 1.999976574799799955e-02 2.275830678197541916e-03 9.977241693218024121e-01 0.000000000000000000e+00 0.000000000000000000e+00 0.000000000000000000e+00
5.250000000000000000e+02 2.099975403539788843e-02 3.299954483386436255e-03 9.967000455166135087e-01 0.000000000000000000e+00 0.000000000000000000e+00 0.000000000000000000e+00
5.500000000000000000e+02 2.199974232279777731e-02 2.958579881656804664e-03 9.970414201183431802e-01 0.000000000000000000e+00 0.000000000000000000e+00 0.000000000000000000e+00
5.750000000000000000e+02 2.299973061019766618e-02 3.072371415566681717e-03 9.968138370505233992e-01 0.000000000000000000e+00 1.137915339098771066e-04 0.000000000000000000e+00
6.000000000000000000e+02 2.399971889759755506e-02 3.641329085116067413e-03 9.963586709148839482e-01 0.000000000000000000e+00 0.000000000000000000e+00 0.000000000000000000e+00
6.250000000000000000e+02 2.499970718499744393e-02 3.186162949476558769e-03 9.968138370505233992e-01 0.000000000000000000e+00 0.000000000000000000e+00 0.000000000000000000e+00
6.500000000000000000e+02 2.599969547239733281e-02 3.299954483386436255e-03 9.967000455166135087e-01 0.000000000000000000e+00 0.000000000000000000e+00 0.000000000000000000e+00
6.750000000000000000e+02 2.699968375979722168e-02 2.844788347746927612e-03 9.970414201183431802e-01 0.000000000000000000e+00 1.137915339098771066e-04 0.000000000000000000e+00
7.000000000000000000e+02 2.799967204719711056e-02 2.617205279927173507e-03 9.972690031861629611e-01 0.000000000000000000e+00 1.137915339098771066e-04 0.000000000000000000e+00
7.250000000000000000e+02 2.899966033459699943e-02 2.162039144287664864e-03 9.978379608557123026e-01 0.000000000000000000e+00 0.000000000000000000e+00 0.000000000000000000e+00
7.500000000000000000e+02 2.999964862199688831e-02 2.958579881656804664e-03 9.970414201183431802e-01 0.000000000000000000e+00 0.000000000000000000e+00 0.000000000000000000e+00
7.750000000000000000e+02 3.099963690939677718e-02 4.324078288575329727e-03 9.956759217114247162e-01 0.000000000000000000e+00 0.000000000000000000e+00 0.000000000000000000e+00
8.000000000000000000e+02 3.199962519679666606e-02 5.348202093764223633e-03 9.945380063723259223e-01 0.000000000000000000e+00 1.137915339098771066e-04 0.000000000000000000e+00
8.250000000000000000e+02 3.299961348419655494e-02 5.803368229403732710e-03 9.940828402366863603e-01 0.000000000000000000e+00 1.137915339098771066e-04 0.000000000000000000e+00
8.500000000000000000e+02 3.399960177159666586e-02 2.958579881656804664e-03 9.967000455166135087e-01 0.000000000000000000e+00 3.413746017296313199e-04 0.000000000000000000e+00
8.750000000000000000e+02 3.499959005899655473e-02 3.299954483386436255e-03 9.967000455166135087e-01 0.000000000000000000e+00 0.000000000000000000e+00 0.000000000000000000e+00
9.000000000000000000e+02 3.599957834639644361e-02 7.282658170232134826e-03 9.927173418297678964e-01 0.000000000000000000e+00 0.000000000000000000e+00 0.000000000000000000e+00
9.250000000000000000e+02 3.699956663379633248e-02 5.803368229403732710e-03 9.937414656349567998e-01 0.000000000000000000e+00 4.551661356395084266e-04 0.000000000000000000e+00
9.500000000000000000e+02 3.799955492119622136e-02 6.713700500682749130e-03 9.931725079654073474e-01 0.000000000000000000e+00 1.137915339098771066e-04 0.000000000000000000e+00
9.750000000000000000e+02 3.899954320859611023e-02 6.258534365043240920e-03 9.937414656349567998e-01 0.000000000000000000e+00 0.000000000000000000e+00 0.000000000000000000e+00
1.000000000000000000e+03 3.999953149599599911e-02 4.437869822485207214e-03 9.951069640418752638e-01 0.000000000000000000e+00 4.551661356395084266e-04 0.000000000000000000e+00
1.025000000000000000e+03 4.099951978339588798e-02 7.396449704142011444e-03 9.922621756941283344e-01 0.000000000000000000e+00 3.413746017296313199e-04 0.000000000000000000e+00
1.050000000000000000e+03 4.199950807079577686e-02 7.851615839781519654e-03 9.919208010923987739e-01 0.000000000000000000e+00 2.275830678197542133e-04 0.000000000000000000e+00
1.075000000000000000e+03 4.299949635819566574e-02 9.899863450159307465e-03 9.897587619481110766e-01 0.000000000000000000e+00 3.413746017296313199e-04 0.000000000000000000e+00
1.100000000000000000e+03 4.399948464559555461e-02 1.081019572143832562e-02 9.888484296768320636e-01 0.000000000000000000e+00 3.413746017296313199e-04 0.000000000000000000e+00
1.125000000000000000e+03 4.499947293299544349e-02 8.761948111060537808e-03 9.907828857532999800e-01 0.000000000000000000e+00 4.551661356395084266e-04 0.000000000000000000e+00
1.150000000000000000e+03 4.599946122039533236e-02 1.160673645880746542e-02 9.873691397360035982e-01 0.000000000000000000e+00 1.024123805188893906e-03 0.000000000000000000e+00
1.175000000000000000e+03 4.699944950779522124e-02 1.149294492489758707e-02 9.882794720072826111e-01 0.000000000000000000e+00 2.275830678197542133e-04 0.000000000000000000e+00
1.200000000000000000e+03 4.799943779519511011e-02 1.081019572143832562e-02 9.885070550751023921e-01 0.000000000000000000e+00 6.827492034592626399e-04 0.000000000000000000e+00
1.225000000000000000e+03 4.899942608259499899e-02 1.160673645880746542e-02 9.878243058716431602e-01 0.000000000000000000e+00 5.689576695493854790e-04 0.000000000000000000e+00
1.250000000000000000e+03 4.999941436999488786e-02 1.763768775603095224e-02 9.821347291761493015e-01 0.000000000000000000e+00 2.275830678197542133e-04 0.000000000000000000e+00
1.275000000000000000e+03 5.099940265739477674e-02 1.467910787437414627e-02 9.847519344560764498e-01 0.000000000000000000e+00 5.689576695493854790e-04 0.000000000000000000e+00
1.300000000000000000e+03 5.199939094479466561e-02 1.843422849340009204e-02 9.808830223031406170e-01 0.000000000000000000e+00 6.827492034592626399e-04 0.000000000000000000e+00
1.325000000000000000e+03 5.299937923219455449e-02 2.002730996813837164e-02 9.789485662266727006e-01 0.000000000000000000e+00 1.024123805188893906e-03 0.000000000000000000e+00
1.350000000000000000e+03 5.399936751959444337e-02 1.957214383249886169e-02 9.798588984979517136e-01 0.000000000000000000e+00 5.689576695493854790e-04 0.000000000000000000e+00
1.375000000000000000e+03 5.499935580699433224e-02 1.547564861174328607e-02 9.838416021847974369e-01 0.000000000000000000e+00 6.827492034592626399e-04 0.000000000000000000e+00
1.400000000000000000e+03 5.599934409439422112e-02 1.411015020482476144e-02 9.852071005917160118e-01 0.000000000000000000e+00 6.827492034592626399e-04 0.000000000000000000e+00
1.425000000000000000e+03 5.699933238179433204e-02 1.832043695949021542e-02 9.811106053709603980e-01 0.000000000000000000e+00 5.689576695493854790e-04 0.000000000000000000e+00
1.450000000000000000e+03 5.799932066919422091e-02 2.014110150204824826e-02 9.789485662266727006e-01 0.000000000000000000e+00 9.103322712790168532e-04 0.000000000000000000e+00
1.475000000000000000e+03 5.899930895659410979e-02 2.674101046882111990e-02 9.718934911242603780e-01 0.000000000000000000e+00 1.365498406918525280e-03 0.000000000000000000e+00
1.500000000000000000e+03 5.999929724399399866e-02 2.651342740100136666e-02 9.729176149294492815e-01 0.000000000000000000e+00 5.689576695493854790e-04 0.000000000000000000e+00
1.525000000000000000e+03 6.099928553139388754e-02 2.924442421483841592e-02 9.690487027765134487e-01 0.000000000000000000e+00 1.706873008648156654e-03 0.000000000000000000e+00
1.550000000000000000e+03 6.199927381879377641e-02 2.719617660446062984e-02 9.714383249886208160e-01 0.000000000000000000e+00 1.365498406918525280e-03 0.000000000000000000e+00
1.575000000000000000e+03 6.299926210619366529e-02 2.981338188438780248e-02 9.685935366408738867e-01 0.000000000000000000e+00 1.593081474738279385e-03 0.000000000000000000e+00
1.600000000000000000e+03 6.399925039359355416e-02 3.834774692762858705e-02 9.599453800637232082e-01 0.000000000000000000e+00 1.706873008648156654e-03 0.000000000000000000e+00
1.625000000000000000e+03 6.499923868099344304e-02 3.208921256258534527e-02 9.655211652253072874e-01 0.000000000000000000e+00 2.389622212107419402e-03 0.000000000000000000e+00
1.650000000000000000e+03 6.599922696839333192e-02 4.107874374146563284e-02 9.565316340464269373e-01 0.000000000000000000e+00 2.389622212107419402e-03 0.000000000000000000e+00
1.675000000000000000e+03 6.699921525579322079e-02 4.107874374146563284e-02 9.569868001820664993e-01 0.000000000000000000e+00 1.934456076467910759e-03 0.000000000000000000e+00
1.700000000000000000e+03 6.799920354319310967e-02 4.130632680928538608e-02 9.559626763768775959e-01 0.000000000000000000e+00 2.730996813837050560e-03 0.000000000000000000e+00
1.725000000000000000e+03 6.899919183059299854e-02 4.346836595357305572e-02 9.544833864360491305e-01 0.000000000000000000e+00 2.048247610377787811e-03 0.000000000000000000e+00
1.750000000000000000e+03 6.999918011799288742e-02 5.268548020027309653e-02 9.448111060537096595e-01 0.000000000000000000e+00 2.503413746017296455e-03 0.000000000000000000e+00
1.775000000000000000e+03 7.099916840539277629e-02 5.359581247155211642e-02 9.428766499772417431e-01 0.000000000000000000e+00 3.527537551206190360e-03 0.000000000000000000e+00
1.800000000000000000e+03 7.199915669279266517e-02 6.224396904870277414e-02 9.341147018661811741e-01 0.000000000000000000e+00 3.641329085116067413e-03 0.000000000000000000e+00
1.825000000000000000e+03 7.299914498019255404e-02 5.359581247155211642e-02 9.426490669094219621e-01 0.000000000000000000e+00 3.755120619025944465e-03 0.000000000000000000e+00
1.850000000000000000e+03 7.399913326759244292e-02 6.759217114246700298e-02 9.291078743741465473e-01 0.000000000000000000e+00 3.299954483386436255e-03 0.000000000000000000e+00
1.875000000000000000e+03 7.499912155499233180e-02 7.134729176149294527e-02 9.228493400091033472e-01 0.000000000000000000e+00 5.803368229403732710e-03 0.000000000000000000e+00
1.900000000000000000e+03 7.599910984239222067e-02 7.487482931269913433e-02 9.204597177969958688e-01 0.000000000000000000e+00 4.665452890304961318e-03 0.000000000000000000e+00
1.925000000000000000e+03 7.699909812979210955e-02 8.272644515248064878e-02 9.121529358215748617e-01 0.000000000000000000e+00 5.120619025944469528e-03 0.000000000000000000e+00
1.950000000000000000e+03 7.799908641719199842e-02 8.454710969503868856e-02 9.093081474738279324e-01 0.000000000000000000e+00 6.144742831133363434e-03 0.000000000000000000e+00
1.975000000000000000e+03 7.899907470459210934e-02 8.079198907601274626e-02 9.130632680928538747e-01 0.000000000000000000e+00 6.144742831133363434e-03 0.000000000000000000e+00
2.000000000000000000e+03 7.999906299199199822e-02 9.751934456076467861e-02 8.932635411925352598e-01 0.000000000000000000e+00 9.217114246700046018e-03 0.000000000000000000e+00
2.025000000000000000e+03 8.099905127939188709e-02 1.000227583067819781e-01 8.920118343195265753e-01 0.000000000000000000e+00 7.965407373691398007e-03 0.000000000000000000e+00
2.050000000000000000e+03 8.199903956679177597e-02 1.073054164770141095e-01 8.827947200728265553e-01 0.000000000000000000e+00 9.899863450159307465e-03 0.000000000000000000e+00
2.075000000000000000e+03 8.299902785419166484e-02 1.184569868001820597e-01 8.707328174783796060e-01 0.000000000000000000e+00 1.081019572143832562e-02 0.000000000000000000e+00
2.100000000000000000e+03 8.399901614159155372e-02 1.211879836140191125e-01 8.691397360036413611e-01 0.000000000000000000e+00 9.672280382339554228e-03 0.000000000000000000e+00
2.125000000000000000e+03 8.499900442899144259e-02 1.383705052344105513e-01 8.487710514337732937e-01 0.000000000000000000e+00 1.285844333181611343e-02 0.000000000000000000e+00
2.150000000000000000e+03 8.599899271639133147e-02 1.491807009558488717e-01 8.350022758306782089e-01 0.000000000000000000e+00 1.581702321347291593e-02 0.000000000000000000e+00
2.175000000000000000e+03 8.699898100379122035e-02 1.486117432862995025e-01 8.322712790168411701e-01 0.000000000000000000e+00 1.911697769685935522e-02 0.000000000000000000e+00
2.200000000000000000e+03 8.799896929119110922e-02 1.689804278561675144e-01 8.078060992262175999e-01 0.000000000000000000e+00 2.321347291761493084e-02 0.000000000000000000e+00
2.225000000000000000e+03 8.899895757859099810e-02 1.816112881201638607e-01 7.939235320892125136e-01 0.000000000000000000e+00 2.446517979062357712e-02 0.000000000000000000e+00
2.250000000000000000e+03 8.999894586599088697e-02 1.951524806554392477e-01 7.794720072826581969e-01 0.000000000000000000e+00 2.537551206190259354e-02 0.000000000000000000e+00
2.275000000000000000e+03 9.099893415339077585e-02 2.027765134274009950e-01 7.662721893491124536e-01 0.000000000000000000e+00 3.095129722348657214e-02 0.000000000000000000e+00
2.300000000000000000e+03 9.199892244079066472e-02 2.168866636322257513e-01 7.480655439235320836e-01 1.137915339098771066e-04 3.493400091033227461e-02 0.000000000000000000e+00
2.325000000000000000e+03 9.299891072819055360e-02 2.377105143377332697e-01 7.192762858443332297e-01 1.137915339098771066e-04 4.289940828402366568e-02 0.000000000000000000e+00
2.350000000000000000e+03 9.399889901559044247e-02 2.317933545744196577e-01 7.206417842512516936e-01 2.275830678197542133e-04 4.733727810650887463e-02 0.000000000000000000e+00
2.375000000000000000e+03 9.499888730299033135e-02 2.518206645425580259e-01 6.920801092398725096e-01 3.413746017296313199e-04 5.575785161583977911e-02 0.000000000000000000e+00
2.400000000000000000e+03 9.599887559039022022e-02 2.718479745106964218e-01 6.539599453800637452e-01 3.413746017296313199e-04 7.385070550751024476e-02 0.000000000000000000e+00
2.425000000000000000e+03 9.699886387779010910e-02 3.067819754210286964e-01 6.087847064178425471e-01 5.689576695493854790e-04 8.386436049157942885e-02 0.000000000000000000e+00
2.450000000000000000e+03 9.799885216518999798e-02 3.268092853891670369e-01 5.682749203459263043e-01 1.137915339098770958e-03 1.037778789258079204e-01 0.000000000000000000e+00
2.475000000000000000e+03 9.899884045258988685e-02 3.396677287209831642e-01 5.286754665452890745e-01 1.365498406918525280e-03 1.302913063268092975e-01 0.000000000000000000e+00
2.500000000000000000e+03 9.999882873998977573e-02 3.480883022303140617e-01 4.998862084660901095e-01 3.299954483386436255e-03 1.487255348202093652e-01 0.000000000000000000e+00
2.525000000000000000e+03 1.009988170273896646e-01 3.678880291306326766e-01 4.556213017751479244e-01 6.258534365043240920e-03 1.702321347291761433e-01 0.000000000000000000e+00
2.550000000000000000e+03 1.019988053147897755e-01 3.833636777423759523e-01 4.196631770596267463e-01 8.648156577150659455e-03 1.883249886208466228e-01 0.000000000000000000e+00
2.575000000000000000e+03 1.029987936021896644e-01 3.933773327264451503e-01 3.859808830223031562e-01 1.115157032316795548e-02 2.094902139280837572e-01 0.000000000000000000e+00
2.600000000000000000e+03 1.039987818895895533e-01 4.101046882111971104e-01 3.521847974510696200e-01 1.331360946745562164e-02 2.243969048702776636e-01 0.000000000000000000e+00
2.625000000000000000e+03 1.049987701769894421e-01 4.124943104233045332e-01 3.237369139736003820e-01 1.604460628129267263e-02 2.477241693218024676e-01 0.000000000000000000e+00
2.650000000000000000e+03 1.059987584643893310e-01 4.083978152025489194e-01 3.015475648611743442e-01 1.934456076467910846e-02 2.707100591715976279e-01 0.000000000000000000e+00
2.675000000000000000e+03 1.069987467517892199e-01 4.230769230769230727e-01 2.711652253072371344e-01 2.071005917159763482e-02 2.850477924442421651e-01 0.000000000000000000e+00
2.700000000000000000e+03 1.079987350391891088e-01 4.237596722803823601e-01 2.447655894401456478e-01 2.742375967228038308e-02 3.040509786071916021e-01 0.000000000000000000e+00
2.725000000000000000e+03 1.089987233265889977e-01 4.334319526627218866e-01 2.304278561675011383e-01 2.935821574874829254e-02 3.067819754210286964e-01 0.000000000000000000e+00
2.750000000000000000e+03 1.099987116139888865e-01 4.458352298588985074e-01 2.176832043695949015e-01 3.163404642694583185e-02 3.048475193445607800e-01 0.000000000000000000e+00
2.775000000000000000e+03 1.109986999013887754e-01 4.402594446973145392e-01 2.118798361401911801e-01 3.584433318161128756e-02 3.120163859808830487e-01 0.000000000000000000e+00
2.800000000000000000e+03 1.119986881887886643e-01 4.332043695949021611e-01 2.113108784706417831e-01 3.914428766499772339e-02 3.163404642694583324e-01 0.000000000000000000e+00
2.825000000000000000e+03 1.129986764761885532e-01 4.418525261720527841e-01 2.019799726900318726e-01 3.971324533454710648e-02 3.164542558033682229e-01 0.000000000000000000e+00
2.850000000000000000e+03 1.139986647635884420e-01 4.511834319526626946e-01 2.031178880291306388e-01 4.813381884387801790e-02 2.975648611743286209e-01 0.000000000000000000e+00
2.875000000000000000e+03 1.149986530509883309e-01 4.424214838416021811e-01 2.047109695038689114e-01 5.166135639508420696e-02 3.012061902594446727e-01 0.000000000000000000e+00
2.900000000000000000e+03 1.159986413383882198e-01 4.482248520710059303e-01 1.998179335457442030e-01 5.655439235320892238e-02 2.954028220300409791e-01 0.000000000000000000e+00
2.925000000000000000e+03 1.169986296257881087e-01 4.550523441055985274e-01 1.945835229858898507e-01 6.508875739644970349e-02 2.852753755120618906e-01 0.000000000000000000e+00
2.950000000000000000e+03 1.179986179131879975e-01 4.445835229858898230e-01 1.880974055530268418e-01 7.203004096495220498e-02 2.952890304961310886e-01 0.000000000000000000e+00
2.975000000000000000e+03 1.189986062005878864e-01 4.441283568502503165e-01 1.818388711879836139e-01 7.794720072826581692e-02 2.960855712335002110e-01 0.000000000000000000e+00
3.000000000000000000e+03 1.199985944879877753e-01 4.543695949021392955e-01 1.738734638142922229e-01 7.942649066909421296e-02 2.923304506144742687e-01 0.000000000000000000e+00
3.025000000000000000e+03 1.209985827753876642e-01 4.507282658170231882e-01 1.681838871187983642e-01 7.976786527082385669e-02 3.013199817933545632e-01 0.000000000000000000e+00
3.050000000000000000e+03 1.219985710627875530e-01 4.626763768775603025e-01 1.588529813381884259e-01 7.453345471096950448e-02 3.039371870732817671e-01 0.000000000000000000e+00
3.075000000000000000e+03 1.229985593501874419e-01 4.484524351388256558e-01 1.642011834319526686e-01 8.284023668639053928e-02 3.045061447428311086e-01 0.000000000000000000e+00
3.100000000000000000e+03 1.239985476375873308e-01 4.552799271734183084e-01 1.566909421939007840e-01 8.295402822030041590e-02 3.050751024123805055e-01 0.000000000000000000e+00
3.125000000000000000e+03 1.249985359249874417e-01 4.565316340464269373e-01 1.484979517523896120e-01 8.477469276285844180e-02 3.101957214383249672e-01 0.000000000000000000e+00
3.150000000000000000e+03 1.259985242123873306e-01 4.680245789713245452e-01 1.458807464724624359e-01 8.966772872098316416e-02 2.964269458352298825e-01 0.000000000000000000e+00
3.175000000000000000e+03 1.269985124997872195e-01 4.700728265817022966e-01 1.356395084205735124e-01 9.126081019572143682e-02 3.030268548020027541e-01 0.000000000000000000e+00
3.200000000000000000e+03 1.279985007871871083e-01 4.662039144287665193e-01 1.385980883022303045e-01 9.478834774692762588e-02 3.004096495220755503e-01 0.000000000000000000e+00
3.225000000000000000e+03 1.289984890745869972e-01 4.662039144287665193e-01 1.316568047337278169e-01 1.025261720527992776e-01 2.996131087847064278e-01 0.000000000000000000e+00
3.250000000000000000e+03 1.299984773619868861e-01 4.668866636322257513e-01 1.348429676832043622e-01 9.672280382339554228e-02 3.015475648611743442e-01 0.000000000000000000e+00
3.275000000000000000e+03 1.309984656493867750e-01 4.773554847519344557e-01 1.288120163859808875e-01 1.038916704597177970e-01 2.899408284023668458e-01 0.000000000000000000e+00
3.300000000000000000e+03 1.319984539367866638e-01 4.765589440145653333e-01 1.218707328174783860e-01 1.183431952662721831e-01 2.832271279016841392e-01 0.000000000000000000e+00
3.325000000000000000e+03 1.329984422241865527e-01 4.734865725989986229e-01 1.259672280382339582e-01 1.132225762403277214e-01 2.873236231224396975e-01 0.000000000000000000e+00
3.350000000000000000e+03 1.339984305115864416e-01 4.648384160218479999e-01 1.232362312243969055e-01 1.125398270368684617e-01 2.993855257168866468e-01 0.000000000000000000e+00
3.375000000000000000e+03 1.349984187989863305e-01 4.806554392353208915e-01 1.249431042330450548e-01 1.100364132908511622e-01 2.843650432407828776e-01 0.000000000000000000e+00
3.400000000000000000e+03 1.359984070863862193e-01 4.883932635411925571e-01 1.190259444697314567e-01 1.133363677742375980e-01 2.792444242148384159e-01 0.000000000000000000e+00
3.425000000000000000e+03 1.369983953737861082e-01 4.961310878470641672e-01 1.183431952662721831e-01 1.185707783340919502e-01 2.669549385525716856e-01 0.000000000000000000e+00
3.450000000000000000e+03 1.379983836611859971e-01 4.972690031861629611e-01 1.250568957669549452e-01 1.194811106053709632e-01 2.581929904415111721e-01 0.000000000000000000e+00
3.475000000000000000e+03 1.389983719485858860e-01 5.023896222121073674e-01 1.148156577150659940e-01 1.227810650887573990e-01 2.600136549840691980e-01 0.000000000000000000e+00
3.500000000000000000e+03 1.399983602359857748e-01 4.985207100591715901e-01 1.197086936731907164e-01 1.201638598088302229e-01 2.616067364588074429e-01 0.000000000000000000e+00
3.525000000000000000e+03 1.409983485233856637e-01 4.963586709148839482e-01 1.154984069185252676e-01 1.259672280382339582e-01 2.621756941283568398e-01 0.000000000000000000e+00
3.550000000000000000e+03 1.419983368107855526e-01 5.077378243058716656e-01 1.108329540282202985e-01 1.267637687756031084e-01 2.546654528903049552e-01 0.000000000000000000e+00
3.575000000000000000e+03 1.429983250981854415e-01 5.229858898497952158e-01 1.078743741465634925e-01 1.238051888939462886e-01 2.453345471096950448e-01 0.000000000000000000e+00
3.600000000000000000e+03 1.439983133855853303e-01 5.271961766044606090e-01 1.050295857988165632e-01 1.362084660901228816e-01 2.315657715065999045e-01 0.000000000000000000e+00
3.625000000000000000e+03 1.449983016729852192e-01 5.315202548930360038e-01 1.018434228493400040e-01 1.404187528447883582e-01 2.262175694128356895e-01 0.000000000000000000e+00
3.650000000000000000e+03 1.459982899603851081e-01 5.269685935366408280e-01 1.043468365953573035e-01 1.449704142011834229e-01 2.237141556668183762e-01 0.000000000000000000e+00
3.675000000000000000e+03 1.469982782477852190e-01 5.370960400546199720e-01 9.820209376422393832e-02 1.414428766499772339e-01 2.232589895311788697e-01 0.000000000000000000e+00
3.700000000000000000e+03 1.479982665351851079e-01 5.380063723258989850e-01 1.008192990441511144e-01 1.546426945835229771e-01 2.065316340464269373e-01 0.000000000000000000e+00
3.725000000000000000e+03 1.489982548225849968e-01 5.365270823850705195e-01 9.865725989986344480e-02 1.574874829312699065e-01 2.073281747837960876e-01 0.000000000000000000e+00
3.750000000000000000e+03 1.499982431099848856e-01 5.424442421483841592e-01 9.706417842512517213e-02 1.627218934911242587e-01 1.977696859353663961e-01 0.000000000000000000e+00
3.775000000000000000e+03 1.509982313973847745e-01 5.411925352753754748e-01 9.308147473827947660e-02 1.735320892125625791e-01 1.921939007737824279e-01 0.000000000000000000e+00
3.800000000000000000e+03 1.519982196847846634e-01 5.393718707328174489e-01 9.205735093309057315e-02 1.679563040509786109e-01 2.006144742831133254e-01 0.000000000000000000e+00
3.825000000000000000e+03 1.529982079721845523e-01 5.504096495220756058e-01 8.852981338188438409e-02 1.644287664997724219e-01 1.966317705962676299e-01 0.000000000000000000e+00
3.850000000000000000e+03 1.539981962595844411e-01 5.447200728265817471e-01 9.126081019572143682e-02 1.700045516613563901e-01 1.940145653163404538e-01 0.000000000000000000e+00
3.875000000000000000e+03 1.549981845469843300e-01 5.590578060992261733e-01 8.511606736458807165e-02 1.626081019572143960e-01 1.932180245789713313e-01 0.000000000000000000e+00
3.900000000000000000e+03 1.559981728343842189e-01 5.516613563950841792e-01 8.614019116977697510e-02 1.728493400091033194e-01 1.893491124260354985e-01 0.000000000000000000e+00
3.925000000000000000e+03 1.569981611217841078e-01 5.507510241238051663e-01 8.602639963586708460e-02 1.794492489758761911e-01 1.837733272644515303e-01 0.000000000000000000e+00
3.950000000000000000e+03 1.579981494091839966e-01 5.572371415566681474e-01 9.114701866181156020e-02 1.761492944924897552e-01 1.754665452890304955e-01 0.000000000000000000e+00
3.975000000000000000e+03 1.589981376965838855e-01 5.534820209376422051e-01 9.547109695038688559e-02 1.876422394173873354e-01 1.634046426945835184e-01 0.000000000000000000e+00
4.000000000000000000e+03 1.599981259839837744e-01 5.550751024123805610e-01 9.205735093309057315e-02 1.842284934000910368e-01 1.686390532544378706e-01 0.000000000000000000e+00
4.025000000000000000e+03 1.609981142713836633e-01 5.609922621756940897e-01 9.274010013654984674e-02 1.900318616294947582e-01 1.562357760582612776e-01 0.000000000000000000e+00
4.050000000000000000e+03 1.619981025587835521e-01 5.613336367774237612e-01 8.864360491579426071e-02 1.927628584433318248e-01 1.572598998634501533e-01 0.000000000000000000e+00
4.075000000000000000e+03 1.629980908461834410e-01 5.679335457441966328e-01 9.080564406008193035e-02 1.946973145197997135e-01 1.465634956759217233e-01 0.000000000000000000e+00
4.100000000000000000e+03 1.639980791335833299e-01 5.780609922621756658e-01 8.625398270368685172e-02 1.923076923076923184e-01 1.433773327264451503e-01 0.000000000000000000e+00
4.125000000000000000e+03 1.649980674209832188e-01 5.805644060081930347e-01 8.363677742375967561e-02 1.969731451979972736e-01 1.388256713700500578e-01 0.000000000000000000e+00
4.150000000000000000e+03 1.659980557083831076e-01 5.813609467455621571e-01 8.147473827947200598e-02 1.890077378243058825e-01 1.481565771506599960e-01 0.000000000000000000e+00
4.175000000000000000e+03 1.669980439957829965e-01 5.772644515248065433e-01 8.989531178880291740e-02 1.934456076467910846e-01 1.393946290395994547e-01 0.000000000000000000e+00
4.200000000000000000e+03 1.679980322831828854e-01 5.712335002275830131e-01 9.046426945835230049e-02 1.991351843422849432e-01 1.391670459717797015e-01 0.000000000000000000e+00
4.225000000000000000e+03 1.689980205705827743e-01 5.822712790168411701e-01 8.966772872098316416e-02 1.965179790623577671e-01 1.315430131998179264e-01 0.000000000000000000e+00
4.250000000000000000e+03 1.699980088579828852e-01 5.968365953573053773e-01 8.431952662721893532e-02 1.982248520710059303e-01 1.206190259444697294e-01 0.000000000000000000e+00
4.275000000000000000e+03 1.709979971453827741e-01 5.832954028220300735e-01 9.069185252617205373e-02 1.987938097405552995e-01 1.272189349112426149e-01 0.000000000000000000e+00
4.300000000000000000e+03 1.719979854327826629e-01 5.836367774237596340e-01 9.330905780609922984e-02 1.983386436049157930e-01 1.247155211652253015e-01 0.000000000000000000e+00
4.325000000000000000e+03 1.729979737201825518e-01 5.908056440600819581e-01 9.456076467910787264e-02 1.976558944014565333e-01 1.169776968593536637e-01 0.000000000000000000e+00
4.350000000000000000e+03 1.739979620075824407e-01 5.991124260355029651e-01 9.558488848429676221e-02 1.953800637232590010e-01 1.099226217569412856e-01 0.000000000000000000e+00
4.375000000000000000e+03 1.749979502949823296e-01 5.995675921711424161e-01 9.615384615384615918e-02 1.943559399180700975e-01 1.099226217569412856e-01 0.000000000000000000e+00
4.400000000000000000e+03 1.759979385823822184e-01 5.933090578060992160e-01 9.763313609467455523e-02 1.941283568502503443e-01 1.149294492489758707e-01 0.000000000000000000e+00
4.425000000000000000e+03 1.769979268697821073e-01 5.935366408739189970e-01 1.007055075102412378e-01 1.958352298588985074e-01 1.099226217569412856e-01 0.000000000000000000e+00
4.450000000000000000e+03 1.779979151571819962e-01 5.947883477469276814e-01 9.831588529813381494e-02 2.020937642239417353e-01 1.048020027309968100e-01 0.000000000000000000e+00
4.475000000000000000e+03 1.789979034445818851e-01 6.092398725534819981e-01 9.182976786527081992e-02 1.887801547564861293e-01 1.101502048247610388e-01 0.000000000000000000e+00
4.500000000000000000e+03 1.799978917319817739e-01 6.022985889849795660e-01 9.217114246700044977e-02 1.949248975876194945e-01 1.106053709604005453e-01 0.000000000000000000e+00
4.525000000000000000e+03 1.809978800193816628e-01 5.975193445607647202e-01 9.569868001820663883e-02 1.943559399180700975e-01 1.124260355029585851e-01 0.000000000000000000e+00
4.550000000000000000e+03 1.819978683067815517e-01 6.029813381884387979e-01 9.410559854346836617e-02 1.945835229858898507e-01 1.083295402822029990e-01 0.000000000000000000e+00
4.575000000000000000e+03 1.829978565941814406e-01 5.941055985434683384e-01 9.842967683204369156e-02 1.979972690031861493e-01 1.094674556213017791e-01 0.000000000000000000e+00
4.600000000000000000e+03 1.839978448815813294e-01 6.084433318161128756e-01 9.854346836595356818e-02 1.952662721893491105e-01 9.774692762858443185e-02 0.000000000000000000e+00
4.625000000000000000e+03 1.849978331689812183e-01 6.094674556213017791e-01 9.524351388256713236e-02 1.934456076467910846e-01 1.018434228493400040e-01 0.000000000000000000e+00
4.650000000000000000e+03 1.859978214563811072e-01 6.103777878925807920e-01 9.478834774692762588e-02 1.942421483841602070e-01 1.005917159763313612e-01 0.000000000000000000e+00
4.675000000000000000e+03 1.869978097437809961e-01 5.936504324078288874e-01 9.638142922166591242e-02 2.081247155211652378e-01 1.018434228493400040e-01 0.000000000000000000e+00
4.700000000000000000e+03 1.879977980311808849e-01 6.054847519344560558e-01 9.387801547564861293e-02 2.066454255803368278e-01 9.399180700955848955e-02 0.000000000000000000e+00
4.725000000000000000e+03 1.889977863185807738e-01 6.053709604005461653e-01 9.126081019572143682e-02 2.056213017751479244e-01 9.774692762858443185e-02 0.000000000000000000e+00
4.750000000000000000e+03 1.899977746059806627e-01 6.090122894856622171e-01 9.296768320436959998e-02 2.047109695038689114e-01 9.330905780609922984e-02 0.000000000000000000e+00
4.775000000000000000e+03 1.909977628933805516e-01 6.183431952662722386e-01 9.205735093309057315e-02 2.020937642239417353e-01 8.750568957669549452e-02 0.000000000000000000e+00
4.800000000000000000e+03 1.919977511807806625e-01 6.069640418752845212e-01 9.262630860263997012e-02 2.077833409194355940e-01 9.262630860263997012e-02 0.000000000000000000e+00
4.825000000000000000e+03 1.929977394681805514e-01 6.020710059171597850e-01 9.478834774692762588e-02 2.061902594446973214e-01 9.695038689121529552e-02 0.000000000000000000e+00
4.850000000000000000e+03 1.939977277555804402e-01 6.133363677742376119e-01 9.262630860263997012e-02 2.081247155211652378e-01 8.591260810195720798e-02 0.000000000000000000e+00
4.875000000000000000e+03 1.949977160429803291e-01 6.110605370960400240e-01 9.251251706873007963e-02 2.068730086481565811e-01 8.955393718707328754e-02 0.000000000000000000e+00
4.900000000000000000e+03 1.959977043303802180e-01 6.067364588074647402e-01 8.670914883932635819e-02 2.150659990896677254e-01 9.148839326354119006e-02 0.000000000000000000e+00
4.925000000000000000e+03 1.969976926177801069e-01 6.150432407828857473e-01 8.898497951752389057e-02 2.060764679107874309e-01 8.989531178880291740e-02 0.000000000000000000e+00
4.950000000000000000e+03 1.979976809051799957e-01 6.020710059171597850e-01 8.875739644970413733e-02 2.129039599453800558e-01 9.615384615384615918e-02 1.137915339098771066e-04
4.975000000000000000e+03 1.989976691925798846e-01 6.007055075102412101e-01 9.171597633136094330e-02 2.160901228948566288e-01 9.148839326354119006e-02 0.000000000000000000e+00
5.000000000000000000e+03 1.999976574799797735e-01 6.093536640873918886e-01 8.818843878015475424e-02 2.121074192080109333e-01 9.035047792444242387e-02 0.000000000000000000e+00
5.025000000000000000e+03 2.009976457673796624e-01 6.148156577150659663e-01 8.944014565316341092e-02 2.077833409194355940e-01 8.796085571233500100e-02 0.000000000000000000e+00
5.050000000000000000e+03 2.019976340547795512e-01 6.131087847064178309e-01 8.511606736458807165e-02 2.109695038689121394e-01 9.080564406008193035e-02 0.000000000000000000e+00
5.075000000000000000e+03 2.029976223421794401e-01 6.227810650887574129e-01 8.386436049157942885e-02 2.102867546654528796e-01 8.306781975421029252e-02 0.000000000000000000e+00
5.100000000000000000e+03 2.039976106295793290e-01 6.152708238507055283e-01 8.329540282203004575e-02 2.082385070550751005e-01 9.319526627218935322e-02 0.000000000000000000e+00
5.125000000000000000e+03 2.049975989169792179e-01 6.066226672735548497e-01 8.693673190714611143e-02 2.167728720983158885e-01 8.966772872098316416e-02 0.000000000000000000e+00
5.150000000000000000e+03 2.059975872043791068e-01 6.239189804278562068e-01 8.170232134729175921e-02 2.140418752844788219e-01 8.033682294037323979e-02 0.000000000000000000e+00
5.175000000000000000e+03 2.069975754917789956e-01 6.258534365043241232e-01 7.988165680473373331e-02 2.085798816568047442e-01 8.568502503413745475e-02 0.000000000000000000e+00
5.200000000000000000e+03 2.079975637791788845e-01 6.228948566226673034e-01 8.022303140646336317e-02 2.130177514792899462e-01 8.386436049157942885e-02 0.000000000000000000e+00
5.225000000000000000e+03 2.089975520665787734e-01 6.226672735548475224e-01 7.703686845698680397e-02 2.155211652253072319e-01 8.477469276285844180e-02 0.000000000000000000e+00
5.250000000000000000e+03 2.099975403539786623e-01 6.236913973600364258e-01 7.635411925352754425e-02 2.183659535730541612e-01 8.158852981338188259e-02 0.000000000000000000e+00
5.275000000000000000e+03 2.109975286413785511e-01 6.273327264451524776e-01 7.726445152480655720e-02 2.165452890304961353e-01 7.885753299954482987e-02 0.000000000000000000e+00
5.300000000000000000e+03 2.119975169287784400e-01 6.236913973600364258e-01 7.225762403277195822e-02 2.243969048702776636e-01 7.954028220300408958e-02 1.137915339098771066e-04
5.325000000000000000e+03 2.129975052161783289e-01 6.341602184797451303e-01 7.259899863450158808e-02 2.181383705052344080e-01 7.510241238051888757e-02 0.000000000000000000e+00
5.350000000000000000e+03 2.139974935035782178e-01 6.366636322257623881e-01 7.055075102412380894e-02 2.195038689121529274e-01 7.328174783796086167e-02 0.000000000000000000e+00
5.375000000000000000e+03 2.149974817909783287e-01 6.304050978607191880e-01 6.804733727810650945e-02 2.265589440145653055e-01 7.498862084660901095e-02 0.000000000000000000e+00
5.400000000000000000e+03 2.159974700783782176e-01 6.350705507510241432e-01 6.986800182066454923e-02 2.246244879380974169e-01 7.043695949021393232e-02 0.000000000000000000e+00
5.425000000000000000e+03 2.169974583657781064e-01 6.362084660901229372e-01 6.873008648156576916e-02 2.228038233955393632e-01 7.214383249886208160e-02 1.137915339098771066e-04
5.450000000000000000e+03 2.179974466531779953e-01 6.308602639963586389e-01 7.225762403277195822e-02 2.240555302685480199e-01 7.271279016841146470e-02 1.137915339098771066e-04
5.475000000000000000e+03 2.189974349405778842e-01 6.261948111060536837e-01 7.146108329540282189e-02 2.210969503868912278e-01 8.124715521165225274e-02 0.000000000000000000e+00
5.500000000000000000e+03 2.199974232279777731e-01 6.269913518434228061e-01 7.157487482931269851e-02 2.286071916249431124e-01 7.259899863450158808e-02 2.275830678197542133e-04
5.525000000000000000e+03 2.209974115153776619e-01 6.239189804278562068e-01 7.203004096495220498e-02 2.319071461083295482e-01 7.191624943104232837e-02 2.275830678197542133e-04
5.550000000000000000e+03 2.219973998027775508e-01 6.219845243513882904e-01 6.986800182066454923e-02 2.311106053709603980e-01 7.692307692307692735e-02 1.137915339098771066e-04
5.575000000000000000e+03 2.229973880901774397e-01 6.282430587164314906e-01 6.918525261720527564e-02 2.312243969048702885e-01 7.123350022758306865e-02 1.137915339098771066e-04
5.600000000000000000e+03 2.239973763775773286e-01 6.281292671825216001e-01 7.157487482931269851e-02 2.375967228038234069e-01 6.269913518434228061e-02 0.000000000000000000e+00
5.625000000000000000e+03 2.249973646649772174e-01 6.269913518434228061e-01 6.929904415111515226e-02 2.385070550751024199e-01 6.508875739644970349e-02 1.137915339098771066e-04
5.650000000000000000e+03 2.259973529523771063e-01 6.290395994538006130e-01 6.986800182066454923e-02 2.455621301775147980e-01 5.553026854802002588e-02 0.000000000000000000e+00
5.675000000000000000e+03 2.269973412397769952e-01 6.293809740555302845e-01 6.690942193900774326e-02 2.430587164314974846e-01 6.065088757396449454e-02 0.000000000000000000e+00
