# itime ezz other fcc hcp bcc ico
0.000000000000000000e+00 0.000000000000000000e+00 0.000000000000000000e+00 1.000000000000000000e+00 0.000000000000000000e+00 0.000000000000000000e+00 0.000000000000000000e+00
3.000000000000000000e+00 1.199938437641101530e-03 0.000000000000000000e+00 1.000000000000000000e+00 0.000000000000000000e+00 0.000000000000000000e+00 0.000000000000000000e+00
6.000000000000000000e+00 2.399876875282425104e-03 0.000000000000000000e+00 1.000000000000000000e+00 0.000000000000000000e+00 0.000000000000000000e+00 0.000000000000000000e+00
9.000000000000000000e+00 3.599815312923526633e-03 0.000000000000000000e+00 1.000000000000000000e+00 0.000000000000000000e+00 0.000000000000000000e+00 0.000000000000000000e+00
1.200000000000000000e+01 4.799753750564628163e-03 0.000000000000000000e+00 1.000000000000000000e+00 0.000000000000000000e+00 0.000000000000000000e+00 0.000000000000000000e+00
1.500000000000000000e+01 5.999692188205951737e-03 0.000000000000000000e+00 1.000000000000000000e+00 0.000000000000000000e+00 0.000000000000000000e+00 0.000000000000000000e+00
1.800000000000000000e+01 7.199630625847053267e-03 0.000000000000000000e+00 1.000000000000000000e+00 0.000000000000000000e+00 0.000000000000000000e+00 0.000000000000000000e+00
2.100000000000000000e+01 8.399569063488376841e-03 0.000000000000000000e+00 1.000000000000000000e+00 0.000000000000000000e+00 0.000000000000000000e+00 0.000000000000000000e+00
2.400000000000000000e+01 9.599507501129478371e-03 0.000000000000000000e+00 1.000000000000000000e+00 0.000000000000000000e+00 0.000000000000000000e+00 0.000000000000000000e+00
2.700000000000000000e+01 1.079944593877057990e-02 0.000000000000000000e+00 1.000000000000000000e+00 0.000000000000000000e+00 0.000000000000000000e+00 0.000000000000000000e+00
3.000000000000000000e+01 1.199938437641190347e-02 0.000000000000000000e+00 1.000000000000000000e+00 0.000000000000000000e+00 0.000000000000000000e+00 0.000000000000000000e+00
3.300000000000000000e+01 1.319932281405300500e-02 0.000000000000000000e+00 1.000000000000000000e+00 0.000000000000000000e+00 0.000000000000000000e+00 0.000000000000000000e+00
3.600000000000000000e+01 1.439926125169410653e-02 0.000000000000000000e+00 1.000000000000000000e+00 0.000000000000000000e+00 0.000000000000000000e+00 0.000000000000000000e+00
3.900000000000000000e+01 1.559919968933543011e-02 0.000000000000000000e+00 1.000000000000000000e+00 0.000000000000000000e+00 0.000000000000000000e+00 0.000000000000000000e+00
4.200000000000000000e+01 1.679913812697653164e-02 0.000000000000000000e+00 1.000000000000000000e+00 0.000000000000000000e+00 0.000000000000000000e+00 0.000000000000000000e+00
4.500000000000000000e+01 1.799907656461763317e-02 0.000000000000000000e+00 1.000000000000000000e+00 0.000000000000000000e+00 0.000000000000000000e+00 0.000000000000000000e+00
4.800000000000000000e+01 1.919901500225895674e-02 0.000000000000000000e+00 1.000000000000000000e+00 0.000000000000000000e+00 0.000000000000000000e+00 0.000000000000000000e+00
5.100000000000000000e+01 2.039895343990005827e-02 0.000000000000000000e+00 1.000000000000000000e+00 0.000000000000000000e+00 0.000000000000000000e+00 0.000000000000000000e+00
5.400000000000000000e+01 2.159889187754138185e-02 0.000000000000000000e+00 1.000000000000000000e+00 0.000000000000000000e+00 0.000000000000000000e+00 0.000000000000000000e+00
5.700000000000000000e+01 2.279883031518248337e-02 0.000000000000000000e+00 1.000000000000000000e+00 0.000000000000000000e+00 0.000000000000000000e+00 0.000000000000000000e+00
6.000000000000000000e+01 2.399876875282358490e-02 0.000000000000000000e+00 1.000000000000000000e+00 0.000000000000000000e+00 0.000000000000000000e+00 0.000000000000000000e+00
6.300000000000000000e+01 2.519870719046490848e-02 0.000000000000000000e+00 1.000000000000000000e+00 0.000000000000000000e+00 0.000000000000000000e+00 0.000000000000000000e+00
6.600000000000000000e+01 2.639864562810601001e-02 0.000000000000000000e+00 1.000000000000000000e+00 0.000000000000000000e+00 0.000000000000000000e+00 0.000000000000000000e+00
6.900000000000000000e+01 2.759858406574711154e-02 0.000000000000000000e+00 1.000000000000000000e+00 0.000000000000000000e+00 0.000000000000000000e+00 0.000000000000000000e+00
7.200000000000000000e+01 2.879852250338843511e-02 0.000000000000000000e+00 1.000000000000000000e+00 0.000000000000000000e+00 0.000000000000000000e+00 0.000000000000000000e+00
7.500000000000000000e+01 2.999846094102953664e-02 0.000000000000000000e+00 1.000000000000000000e+00 0.000000000000000000e+00 0.000000000000000000e+00 0.000000000000000000e+00
7.800000000000000000e+01 3.119839937867063817e-02 0.000000000000000000e+00 1.000000000000000000e+00 0.000000000000000000e+00 0.000000000000000000e+00 0.000000000000000000e+00
8.100000000000000000e+01 3.239833781631196175e-02 0.000000000000000000e+00 1.000000000000000000e+00 0.000000000000000000e+00 0.000000000000000000e+00 0.000000000000000000e+00
8.400000000000000000e+01 3.359827625395306328e-02 0.000000000000000000e+00 1.000000000000000000e+00 0.000000000000000000e+00 0.000000000000000000e+00 0.000000000000000000e+00
8.700000000000000000e+01 3.479821469159438685e-02 0.000000000000000000e+00 1.000000000000000000e+00 0.000000000000000000e+00 0.000000000000000000e+00 0.000000000000000000e+00
9.000000000000000000e+01 3.599815312923548838e-02 0.000000000000000000e+00 1.000000000000000000e+00 0.000000000000000000e+00 0.000000000000000000e+00 0.000000000000000000e+00
9.300000000000000000e+01 3.719809156687658991e-02 0.000000000000000000e+00 1.000000000000000000e+00 0.000000000000000000e+00 0.000000000000000000e+00 0.000000000000000000e+00
9.600000000000000000e+01 3.839803000451791348e-02 0.000000000000000000e+00 1.000000000000000000e+00 0.000000000000000000e+00 0.000000000000000000e+00 0.000000000000000000e+00
9.900000000000000000e+01 3.959796844215901501e-02 0.000000000000000000e+00 1.000000000000000000e+00 0.000000000000000000e+00 0.000000000000000000e+00 0.000000000000000000e+00
1.020000000000000000e+02 4.079790687980011654e-02 0.000000000000000000e+00 1.000000000000000000e+00 0.000000000000000000e+00 0.000000000000000000e+00 0.000000000000000000e+00
1.050000000000000000e+02 4.199784531744144012e-02 0.000000000000000000e+00 1.000000000000000000e+00 0.000000000000000000e+00 0.000000000000000000e+00 0.000000000000000000e+00
1.080000000000000000e+02 4.319778375508254165e-02 0.000000000000000000e+00 1.000000000000000000e+00 0.000000000000000000e+00 0.000000000000000000e+00 0.000000000000000000e+00
1.110000000000000000e+02 4.439772219272364318e-02 0.000000000000000000e+00 1.000000000000000000e+00 0.000000000000000000e+00 0.000000000000000000e+00 0.000000000000000000e+00
1.140000000000000000e+02 4.559766063036496675e-02 0.000000000000000000e+00 1.000000000000000000e+00 0.000000000000000000e+00 0.000000000000000000e+00 0.000000000000000000e+00
1.170000000000000000e+02 4.679759906800606828e-02 0.000000000000000000e+00 1.000000000000000000e+00 0.000000000000000000e+00 0.000000000000000000e+00 0.000000000000000000e+00
1.200000000000000000e+02 4.799753750564739185e-02 0.000000000000000000e+00 1.000000000000000000e+00 0.000000000000000000e+00 0.000000000000000000e+00 0.000000000000000000e+00
1.230000000000000000e+02 4.919747594328849338e-02 0.000000000000000000e+00 1.000000000000000000e+00 0.000000000000000000e+00 0.000000000000000000e+00 0.000000000000000000e+00
1.260000000000000000e+02 5.039741438092959491e-02 0.000000000000000000e+00 1.000000000000000000e+00 0.000000000000000000e+00 0.000000000000000000e+00 0.000000000000000000e+00
1.290000000000000000e+02 5.159735281857091849e-02 0.000000000000000000e+00 1.000000000000000000e+00 0.000000000000000000e+00 0.000000000000000000e+00 0.000000000000000000e+00
1.320000000000000000e+02 5.279729125621202002e-02 0.000000000000000000e+00 1.000000000000000000e+00 0.000000000000000000e+00 0.000000000000000000e+00 0.000000000000000000e+00
1.350000000000000000e+02 5.399722969385312155e-02 0.000000000000000000e+00 1.000000000000000000e+00 0.000000000000000000e+00 0.000000000000000000e+00 0.000000000000000000e+00
1.380000000000000000e+02 5.519716813149444512e-02 0.000000000000000000e+00 1.000000000000000000e+00 0.000000000000000000e+00 0.000000000000000000e+00 0.000000000000000000e+00
1.410000000000000000e+02 5.639710656913554665e-02 0.000000000000000000e+00 1.000000000000000000e+00 0.000000000000000000e+00 0.000000000000000000e+00 0.000000000000000000e+00
1.440000000000000000e+02 5.759704500677664818e-02 0.000000000000000000e+00 1.000000000000000000e+00 0.000000000000000000e+00 0.000000000000000000e+00 0.000000000000000000e+00
1.470000000000000000e+02 5.879698344441797175e-02 0.000000000000000000e+00 1.000000000000000000e+00 0.000000000000000000e+00 0.000000000000000000e+00 0.000000000000000000e+00
1.500000000000000000e+02 5.999692188205907328e-02 0.000000000000000000e+00 1.000000000000000000e+00 0.000000000000000000e+00 0.000000000000000000e+00 0.000000000000000000e+00
1.530000000000000000e+02 6.119686031970039686e-02 0.000000000000000000e+00 1.000000000000000000e+00 0.000000000000000000e+00 0.000000000000000000e+00 0.000000000000000000e+00
1.560000000000000000e+02 6.239679875734149839e-02 0.000000000000000000e+00 1.000000000000000000e+00 0.000000000000000000e+00 0.000000000000000000e+00 0.000000000000000000e+00
1.590000000000000000e+02 6.359673719498259992e-02 0.000000000000000000e+00 1.000000000000000000e+00 0.000000000000000000e+00 0.000000000000000000e+00 0.000000000000000000e+00
1.620000000000000000e+02 6.479667563262392349e-02 1.137915339098771066e-04 9.998862084660901095e-01 0.000000000000000000e+00 0.000000000000000000e+00 0.000000000000000000e+00
1.650000000000000000e+02 6.599661407026502502e-02 0.000000000000000000e+00 1.000000000000000000e+00 0.000000000000000000e+00 0.000000000000000000e+00 0.000000000000000000e+00
1.680000000000000000e+02 6.719655250790612655e-02 0.000000000000000000e+00 1.000000000000000000e+00 0.000000000000000000e+00 0.000000000000000000e+00 0.000000000000000000e+00
1.710000000000000000e+02 6.839649094554745012e-02 0.000000000000000000e+00 1.000000000000000000e+00 0.000000000000000000e+00 0.000000000000000000e+00 0.000000000000000000e+00
1.740000000000000000e+02 6.959642938318855165e-02 0.000000000000000000e+00 1.000000000000000000e+00 0.000000000000000000e+00 0.000000000000000000e+00 0.000000000000000000e+00
1.770000000000000000e+02 7.079636782082965318e-02 0.000000000000000000e+00 1.000000000000000000e+00 0.000000000000000000e+00 0.000000000000000000e+00 0.000000000000000000e+00
1.800000000000000000e+02 7.199630625847097676e-02 0.000000000000000000e+00 1.000000000000000000e+00 0.000000000000000000e+00 0.000000000000000000e+00 0.000000000000000000e+00
1.830000000000000000e+02 7.319624469611207829e-02 0.000000000000000000e+00 1.000000000000000000e+00 0.000000000000000000e+00 0.000000000000000000e+00 0.000000000000000000e+00
1.860000000000000000e+02 7.439618313375340186e-02 0.000000000000000000e+00 1.000000000000000000e+00 0.000000000000000000e+00 0.000000000000000000e+00 0.000000000000000000e+00
1.890000000000000000e+02 7.559612157139450339e-02 0.000000000000000000e+00 1.000000000000000000e+00 0.000000000000000000e+00 0.000000000000000000e+00 0.000000000000000000e+00
1.920000000000000000e+02 7.679606000903560492e-02 0.000000000000000000e+00 1.000000000000000000e+00 0.000000000000000000e+00 0.000000000000000000e+00 0.000000000000000000e+00
1.950000000000000000e+02 7.799599844667692849e-02 0.000000000000000000e+00 1.000000000000000000e+00 0.000000000000000000e+00 0.000000000000000000e+00 0.000000000000000000e+00
1.980000000000000000e+02 7.919593688431803002e-02 0.000000000000000000e+00 1.000000000000000000e+00 0.000000000000000000e+00 0.000000000000000000e+00 0.000000000000000000e+00
2.010000000000000000e+02 8.039587532195913155e-02 0.000000000000000000e+00 1.000000000000000000e+00 0.000000000000000000e+00 0.000000000000000000e+00 0.000000000000000000e+00
2.040000000000000000e+02 8.159581375960045513e-02 0.000000000000000000e+00 1.000000000000000000e+00 0.000000000000000000e+00 0.000000000000000000e+00 0.000000000000000000e+00
2.070000000000000000e+02 8.279575219724155666e-02 4.551661356395084266e-04 9.995448338643604380e-01 0.000000000000000000e+00 0.000000000000000000e+00 0.000000000000000000e+00
2.100000000000000000e+02 8.399569063488265819e-02 2.275830678197542133e-04 9.997724169321802190e-01 0.000000000000000000e+00 0.000000000000000000e+00 0.000000000000000000e+00
2.130000000000000000e+02 8.519562907252398176e-02 1.137915339098771066e-04 9.998862084660901095e-01 0.000000000000000000e+00 0.000000000000000000e+00 0.000000000000000000e+00
2.160000000000000000e+02 8.639556751016508329e-02 7.965407373691396923e-04 9.992034592626308775e-01 0.000000000000000000e+00 0.000000000000000000e+00 0.000000000000000000e+00
2.190000000000000000e+02 8.759550594780640687e-02 4.551661356395084266e-04 9.995448338643604380e-01 0.000000000000000000e+00 0.000000000000000000e+00 0.000000000000000000e+00
2.220000000000000000e+02 8.879544438544750840e-02 4.551661356395084266e-04 9.995448338643604380e-01 0.000000000000000000e+00 0.000000000000000000e+00 0.000000000000000000e+00
2.250000000000000000e+02 8.999538282308860992e-02 4.551661356395084266e-04 9.995448338643604380e-01 0.000000000000000000e+00 0.000000000000000000e+00 0.000000000000000000e+00
2.280000000000000000e+02 9.119532126072993350e-02 4.551661356395084266e-04 9.995448338643604380e-01 0.000000000000000000e+00 0.000000000000000000e+00 0.000000000000000000e+00
2.310000000000000000e+02 9.239525969837103503e-02 1.024123805188893906e-03 9.988620846609012061e-01 0.000000000000000000e+00 1.137915339098771066e-04 0.000000000000000000e+00
2.340000000000000000e+02 9.359519813601213656e-02 5.689576695493854790e-04 9.994310423304506585e-01 0.000000000000000000e+00 0.000000000000000000e+00 0.000000000000000000e+00
2.370000000000000000e+02 9.479513657365346013e-02 7.965407373691396923e-04 9.992034592626308775e-01 0.000000000000000000e+00 0.000000000000000000e+00 0.000000000000000000e+00
2.400000000000000000e+02 9.599507501129456166e-02 4.551661356395084266e-04 9.995448338643604380e-01 0.000000000000000000e+00 0.000000000000000000e+00 0.000000000000000000e+00
2.430000000000000000e+02 9.719501344893588524e-02 0.000000000000000000e+00 1.000000000000000000e+00 0.000000000000000000e+00 0.000000000000000000e+00 0.000000000000000000e+00
2.460000000000000000e+02 9.839495188657698677e-02 1.137915339098771066e-04 9.998862084660901095e-01 0.000000000000000000e+00 0.000000000000000000e+00 0.000000000000000000e+00
2.490000000000000000e+02 9.959489032421808830e-02 1.024123805188893906e-03 9.989758761948110966e-01 0.000000000000000000e+00 0.000000000000000000e+00 0.000000000000000000e+00
2.520000000000000000e+02 1.007948287618594119e-01 1.479289940828402332e-03 9.985207100591716456e-01 0.000000000000000000e+00 0.000000000000000000e+00 0.000000000000000000e+00
2.550000000000000000e+02 1.019947671995005134e-01 9.103322712790168532e-04 9.990896677287209870e-01 0.000000000000000000e+00 0.000000000000000000e+00 0.000000000000000000e+00
2.580000000000000000e+02 1.031947056371416149e-01 1.137915339098771066e-04 9.998862084660901095e-01 0.000000000000000000e+00 0.000000000000000000e+00 0.000000000000000000e+00
2.610000000000000000e+02 1.043946440747829385e-01 0.000000000000000000e+00 1.000000000000000000e+00 0.000000000000000000e+00 0.000000000000000000e+00 0.000000000000000000e+00
2.640000000000000000e+02 1.055945825124240400e-01 4.551661356395084266e-04 9.995448338643604380e-01 0.000000000000000000e+00 0.000000000000000000e+00 0.000000000000000000e+00
2.670000000000000000e+02 1.067945209500651416e-01 9.103322712790168532e-04 9.990896677287209870e-01 0.000000000000000000e+00 0.000000000000000000e+00 0.000000000000000000e+00
2.700000000000000000e+02 1.079944593877064651e-01 5.689576695493854790e-04 9.994310423304506585e-01 0.000000000000000000e+00 0.000000000000000000e+00 0.000000000000000000e+00
2.730000000000000000e+02 1.091943978253475667e-01 3.413746017296313199e-04 9.996586253982703285e-01 0.000000000000000000e+00 0.000000000000000000e+00 0.000000000000000000e+00
2.760000000000000000e+02 1.103943362629888902e-01 0.000000000000000000e+00 1.000000000000000000e+00 0.000000000000000000e+00 0.000000000000000000e+00 0.000000000000000000e+00
2.790000000000000000e+02 1.115942747006299918e-01 4.551661356395084266e-04 9.995448338643604380e-01 0.000000000000000000e+00 0.000000000000000000e+00 0.000000000000000000e+00
2.820000000000000000e+02 1.127942131382710933e-01 2.048247610377787811e-03 9.979517523896221931e-01 0.000000000000000000e+00 0.000000000000000000e+00 0.000000000000000000e+00
2.850000000000000000e+02 1.139941515759124169e-01 1.479289940828402332e-03 9.984069185252617551e-01 0.000000000000000000e+00 1.137915339098771066e-04 0.000000000000000000e+00
2.880000000000000000e+02 1.151940900135535184e-01 3.299954483386436255e-03 9.967000455166135087e-01 0.000000000000000000e+00 0.000000000000000000e+00 0.000000000000000000e+00
2.910000000000000000e+02 1.163940284511946199e-01 3.868912152935821518e-03 9.960172963131542767e-01 0.000000000000000000e+00 1.137915339098771066e-04 0.000000000000000000e+00
2.940000000000000000e+02 1.175939668888359435e-01 2.048247610377787811e-03 9.979517523896221931e-01 0.000000000000000000e+00 0.000000000000000000e+00 0.000000000000000000e+00
2.970000000000000000e+02 1.187939053264770450e-01 1.251706873008648227e-03 9.986345015930814251e-01 0.000000000000000000e+00 1.137915339098771066e-04 0.000000000000000000e+00
3.000000000000000000e+02 1.199938437641181466e-01 3.982703686845699004e-03 9.960172963131542767e-01 0.000000000000000000e+00 0.000000000000000000e+00 0.000000000000000000e+00
3.030000000000000000e+02 1.211937822017594701e-01 5.006827492034592909e-03 9.947655894401457033e-01 0.000000000000000000e+00 2.275830678197542133e-04 0.000000000000000000e+00
3.060000000000000000e+02 1.223937206394005717e-01 4.893035958124715423e-03 9.949931725079653733e-01 0.000000000000000000e+00 1.137915339098771066e-04 0.000000000000000000e+00
3.090000000000000000e+02 1.235936590770418952e-01 6.258534365043240920e-03 9.937414656349567998e-01 0.000000000000000000e+00 0.000000000000000000e+00 0.000000000000000000e+00
3.120000000000000000e+02 1.247935975146829968e-01 5.575785161583977738e-03 9.944242148384160318e-01 0.000000000000000000e+00 0.000000000000000000e+00 0.000000000000000000e+00
3.150000000000000000e+02 1.259935359523240983e-01 6.030951297223486815e-03 9.937414656349567998e-01 0.000000000000000000e+00 2.275830678197542133e-04 0.000000000000000000e+00
3.180000000000000000e+02 1.271934743899654219e-01 9.899863450159307465e-03 9.899863450159308575e-01 0.000000000000000000e+00 1.137915339098771066e-04 0.000000000000000000e+00
3.210000000000000000e+02 1.283934128276065234e-01 1.115157032316795548e-02 9.883932635411925016e-01 0.000000000000000000e+00 4.551661356395084266e-04 0.000000000000000000e+00
3.240000000000000000e+02 1.295933512652476249e-01 1.490669094219390124e-02 9.845243513882566688e-01 0.000000000000000000e+00 5.689576695493854790e-04 0.000000000000000000e+00
3.270000000000000000e+02 1.307932897028889485e-01 1.479289940828402289e-02 9.845243513882566688e-01 0.000000000000000000e+00 6.827492034592626399e-04 0.000000000000000000e+00
3.300000000000000000e+02 1.319932281405300500e-01 1.638598088302230249e-02 9.830450614474283144e-01 0.000000000000000000e+00 5.689576695493854790e-04 0.000000000000000000e+00
3.330000000000000000e+02 1.331931665781711516e-01 1.763768775603095224e-02 9.819071461083295205e-01 0.000000000000000000e+00 4.551661356395084266e-04 0.000000000000000000e+00
3.360000000000000000e+02 1.343931050158124751e-01 1.536185707783340945e-02 9.842967683204369989e-01 0.000000000000000000e+00 3.413746017296313199e-04 0.000000000000000000e+00
3.390000000000000000e+02 1.355930434534535767e-01 1.843422849340009204e-02 9.807692307692307265e-01 0.000000000000000000e+00 7.965407373691396923e-04 0.000000000000000000e+00
3.420000000000000000e+02 1.367929818910949002e-01 2.469276285844333035e-02 9.742831133363677454e-01 0.000000000000000000e+00 1.024123805188893906e-03 0.000000000000000000e+00
3.450000000000000000e+02 1.379929203287360018e-01 3.140646335912607862e-02 9.674556213017750927e-01 0.000000000000000000e+00 1.137915339098770958e-03 0.000000000000000000e+00
3.480000000000000000e+02 1.391928587663771033e-01 4.119253527537550946e-02 9.572143832498861693e-01 0.000000000000000000e+00 1.593081474738279385e-03 0.000000000000000000e+00
3.510000000000000000e+02 1.403927972040184269e-01 4.426490669094219205e-02 9.548247610377788019e-01 0.000000000000000000e+00 9.103322712790168532e-04 0.000000000000000000e+00
3.540000000000000000e+02 1.415927356416595284e-01 4.779244424214838111e-02 9.501593081474738467e-01 0.000000000000000000e+00 2.048247610377787811e-03 0.000000000000000000e+00
3.570000000000000000e+02 1.427926740793006299e-01 5.894401456531633832e-02 9.382111970869366768e-01 0.000000000000000000e+00 2.844788347746927612e-03 0.000000000000000000e+00
3.600000000000000000e+02 1.439926125169419535e-01 7.055075102412380894e-02 9.261492944924897275e-01 0.000000000000000000e+00 3.299954483386436255e-03 0.000000000000000000e+00
3.630000000000000000e+02 1.451925509545830550e-01 8.147473827947200598e-02 9.149977241693217911e-01 0.000000000000000000e+00 3.527537551206190360e-03 0.000000000000000000e+00
3.660000000000000000e+02 1.463924893922241566e-01 9.057806099226217711e-02 9.037323623122439642e-01 0.000000000000000000e+00 5.689576695493855224e-03 0.000000000000000000e+00
3.690000000000000000e+02 1.475924278298654801e-01 1.050295857988165632e-01 8.880291306326809631e-01 0.000000000000000000e+00 6.941283568502503235e-03 0.000000000000000000e+00
3.720000000000000000e+02 1.487923662675065817e-01 1.236913973600364119e-01 8.658397815202548697e-01 0.000000000000000000e+00 1.046882111970869403e-02 0.000000000000000000e+00
3.750000000000000000e+02 1.499923047051479053e-01 1.471324533454710926e-01 8.387573964497041512e-01 0.000000000000000000e+00 1.411015020482476144e-02 0.000000000000000000e+00
3.780000000000000000e+02 1.511922431427890068e-01 1.800182066454255880e-01 8.005234410559853853e-01 0.000000000000000000e+00 1.945835229858898507e-02 0.000000000000000000e+00
3.810000000000000000e+02 1.523921815804301083e-01 2.179107874374146547e-01 7.572826581702321036e-01 0.000000000000000000e+00 2.480655439235321044e-02 0.000000000000000000e+00
3.840000000000000000e+02 1.535921200180714319e-01 2.600136549840691980e-01 7.083522985889849632e-01 0.000000000000000000e+00 3.163404642694583185e-02 0.000000000000000000e+00
3.870000000000000000e+02 1.547920584557125334e-01 3.033682294037323701e-01 6.579426490669094685e-01 0.000000000000000000e+00 3.868912152935821691e-02 0.000000000000000000e+00
3.900000000000000000e+02 1.559919968933536349e-01 3.485434683659535682e-01 6.026399635867091265e-01 0.000000000000000000e+00 4.881656804733727761e-02 0.000000000000000000e+00
3.930000000000000000e+02 1.571919353309949585e-01 3.949704142011834507e-01 5.427856167501138307e-01 0.000000000000000000e+00 6.224396904870277414e-02 0.000000000000000000e+00
3.960000000000000000e+02 1.583918737686360600e-01 4.461766044606281234e-01 4.802002730996813851e-01 0.000000000000000000e+00 7.362312243969049153e-02 0.000000000000000000e+00
3.990000000000000000e+02 1.595918122062771616e-01 4.911242603550295960e-01 4.220527992717341692e-01 0.000000000000000000e+00 8.682294037323623481e-02 0.000000000000000000e+00
4.020000000000000000e+02 1.607917506439184852e-01 5.341374601729631522e-01 3.633363677742376119e-01 0.000000000000000000e+00 1.025261720527992776e-01 0.000000000000000000e+00
4.050000000000000000e+02 1.619916890815595867e-01 5.723714155666818071e-01 3.098543468365953513e-01 1.137915339098771066e-04 1.176604460628129234e-01 0.000000000000000000e+00
4.080000000000000000e+02 1.631916275192009103e-01 6.139053254437869533e-01 2.554619936276740777e-01 1.137915339098771066e-04 1.305188893946290507e-01 0.000000000000000000e+00
4.110000000000000000e+02 1.643915659568420118e-01 6.412152935821574529e-01 2.126763768775603025e-01 5.689576695493854790e-04 1.455393718707328199e-01 0.000000000000000000e+00
4.140000000000000000e+02 1.655915043944831133e-01 6.698907601274465273e-01 1.681838871187983642e-01 7.965407373691396923e-04 1.611288120163859861e-01 0.000000000000000000e+00
4.170000000000000000e+02 1.667914428321244369e-01 6.950386891215293295e-01 1.309740555302685572e-01 1.479289940828402332e-03 1.725079654073737034e-01 0.000000000000000000e+00
4.200000000000000000e+02 1.679913812697655384e-01 7.015248065543923106e-01 1.071916249431042328e-01 1.820664542558033706e-03 1.894629039599453890e-01 0.000000000000000000e+00
4.230000000000000000e+02 1.691913197074066399e-01 7.141556668183887124e-01 8.568502503413745475e-02 3.299954483386436255e-03 1.968593536640873831e-01 0.000000000000000000e+00
4.260000000000000000e+02 1.703912581450479635e-01 7.220072826581702685e-01 6.736458807464724974e-02 4.779244424214838804e-03 2.058488848429676776e-01 0.000000000000000000e+00
4.290000000000000000e+02 1.715911965826890651e-01 7.282658170232134687e-01 5.416477014110149951e-02 5.006827492034592909e-03 2.125625853436504398e-01 0.000000000000000000e+00
4.320000000000000000e+02 1.727911350203301666e-01 7.303140646335912756e-01 4.437869822485206867e-02 6.258534365043240920e-03 2.190487027765134209e-01 0.000000000000000000e+00
4.350000000000000000e+02 1.739910734579714902e-01 7.336140191169776559e-01 3.720983158852981393e-02 6.599908966772872511e-03 2.225762403277196100e-01 0.000000000000000000e+00
4.380000000000000000e+02 1.751910118956125917e-01 7.368001820664542567e-01 3.186162949476559203e-02 7.282658170232134826e-03 2.240555302685480199e-01 0.000000000000000000e+00
4.410000000000000000e+02 1.763909503332539153e-01 7.428311333636777869e-01 2.560309512972235024e-02 8.420573509330906217e-03 2.231451979972690070e-01 0.000000000000000000e+00
4.440000000000000000e+02 1.775908887708950168e-01 7.489758761948110966e-01 2.412380518889394726e-02 9.217114246700046018e-03 2.176832043695949015e-01 0.000000000000000000e+00
4.470000000000000000e+02 1.787908272085361183e-01 7.531861629494766008e-01 2.241693218024579104e-02 1.115157032316795548e-02 2.132453345471096995e-01 0.000000000000000000e+00
4.500000000000000000e+02 1.799907656461774419e-01 7.545516613563950648e-01 2.150659990896677115e-02 1.194811106053709528e-02 2.119936276741010428e-01 0.000000000000000000e+00
4.530000000000000000e+02 1.811907040838185434e-01 7.552344105598542967e-01 2.264451524806554428e-02 1.126536185707783383e-02 2.108557123350022766e-01 0.000000000000000000e+00
4.560000000000000000e+02 1.823906425214596450e-01 7.612653618570778269e-01 2.184797451069640448e-02 1.149294492489758707e-02 2.053937187073281712e-01 0.000000000000000000e+00
4.590000000000000000e+02 1.835905809591009685e-01 7.646791078743740977e-01 2.116522530723714129e-02 1.092398725534820224e-02 2.032316795630405015e-01 0.000000000000000000e+00
4.620000000000000000e+02 1.847905193967420701e-01 7.658170232134728916e-01 2.105143377332726468e-02 1.308602639963586667e-02 2.000455166135639562e-01 0.000000000000000000e+00
4.650000000000000000e+02 1.859904578343831716e-01 7.700273099681383959e-01 2.230314064633591095e-02 1.490669094219390124e-02 1.927628584433318248e-01 0.000000000000000000e+00
4.680000000000000000e+02 1.871903962720244952e-01 7.701411015020482864e-01 2.241693218024579104e-02 1.741010468821119553e-02 1.900318616294947582e-01 0.000000000000000000e+00
4.710000000000000000e+02 1.883903347096655967e-01 7.729858898497952158e-01 2.264451524806554428e-02 1.877560309512972189e-02 1.855939918070095562e-01 0.000000000000000000e+00
4.740000000000000000e+02 1.895902731473069203e-01 7.769685935366408280e-01 2.321347291761493084e-02 2.162039144287665124e-02 1.781975421028675344e-01 0.000000000000000000e+00
4.770000000000000000e+02 1.907902115849480218e-01 7.800409649522075384e-01 2.514792899408284030e-02 2.332726445152480746e-02 1.714838416021848000e-01 0.000000000000000000e+00
4.800000000000000000e+02 1.919901500225891233e-01 7.786754665452890745e-01 2.856167501137915274e-02 2.344105598543468408e-02 1.693218024578971304e-01 0.000000000000000000e+00
4.830000000000000000e+02 1.931900884602304469e-01 7.774237596722803900e-01 3.060992262175694228e-02 2.457897132453345374e-02 1.673873463814292140e-01 0.000000000000000000e+00
4.860000000000000000e+02 1.943900268978715484e-01 7.798133818843877574e-01 3.106508875739644876e-02 2.617205279927173334e-02 1.629494765589440120e-01 0.000000000000000000e+00
4.890000000000000000e+02 1.955899653355126500e-01 7.834547109695039202e-01 3.231679563040509851e-02 2.662721893491124328e-02 1.576012744651797970e-01 0.000000000000000000e+00
4.920000000000000000e+02 1.967899037731539735e-01 7.844788347746927126e-01 3.334091943559399501e-02 2.719617660446062984e-02 1.549840691852526209e-01 0.000000000000000000e+00
4.950000000000000000e+02 1.979898422107950751e-01 7.844788347746927126e-01 3.561675011379153433e-02 2.833409194355939950e-02 1.515703231679562946e-01 0.000000000000000000e+00
4.980000000000000000e+02 1.991897806484361766e-01 7.865270823850705195e-01 3.629949931725079404e-02 2.935821574874829254e-02 1.478152025489303523e-01 0.000000000000000000e+00
5.010000000000000000e+02 2.003897190860775002e-01 7.897132453345471204e-01 3.504779244424215123e-02 3.163404642694583185e-02 1.436049157942649035e-01 0.000000000000000000e+00
5.040000000000000000e+02 2.015896575237186017e-01 7.911925352753754748e-01 3.493400091033227461e-02 3.425125170687300796e-02 1.396222121074192080e-01 0.000000000000000000e+00
5.070000000000000000e+02 2.027895959613599253e-01 7.908511606736459143e-01 3.561675011379153433e-02 3.493400091033227461e-02 1.385980883022303045e-01 0.000000000000000000e+00
5.100000000000000000e+02 2.039895343990010268e-01 7.999544833864360438e-01 3.652708238507055422e-02 3.482020937642239106e-02 1.286982248520709970e-01 0.000000000000000000e+00
5.130000000000000000e+02 2.051894728366421283e-01 8.065543923532089154e-01 3.686845698680018407e-02 3.618570778334091742e-02 1.203914428766499761e-01 0.000000000000000000e+00
5.160000000000000000e+02 2.063894112742834519e-01 8.072371415566681474e-01 3.903049613108784677e-02 3.846153846153846367e-02 1.152708238507055144e-01 0.000000000000000000e+00
5.190000000000000000e+02 2.075893497119245534e-01 8.048475193445607800e-01 3.971324533454710648e-02 4.119253527537550946e-02 1.142467000455166110e-01 0.000000000000000000e+00
5.220000000000000000e+02 2.087892881495656550e-01 8.122439690487027741e-01 3.937187073281747662e-02 4.096495220755575623e-02 1.074192080109239861e-01 0.000000000000000000e+00
5.250000000000000000e+02 2.099892265872069785e-01 8.180473372781065233e-01 3.937187073281747662e-02 4.221665908056440597e-02 1.003641329085116080e-01 0.000000000000000000e+00
5.280000000000000000e+02 2.111891650248480801e-01 8.179335457441966328e-01 3.959945380063722986e-02 4.380974055530268557e-02 9.865725989986344480e-02 0.000000000000000000e+00
5.310000000000000000e+02 2.123891034624891816e-01 8.194128356850249872e-01 4.255803368229403583e-02 4.483386436049158208e-02 9.319526627218935322e-02 0.000000000000000000e+00
5.340000000000000000e+02 2.135890419001305052e-01 8.205507510241237812e-01 4.335457441966317910e-02 4.802002730996814128e-02 8.807464724624487762e-02 0.000000000000000000e+00
5.370000000000000000e+02 2.147889803377716067e-01 8.222576240327719166e-01 4.426490669094219205e-02 4.722348657259899801e-02 8.625398270368685172e-02 0.000000000000000000e+00
5.400000000000000000e+02 2.159889187754129303e-01 8.229403732362312596e-01 4.551661356395084179e-02 4.699590350477924477e-02 8.454710969503868856e-02 0.000000000000000000e+00
5.430000000000000000e+02 2.171888572130540318e-01 8.281747837960855563e-01 4.585798816568047165e-02 4.597177969959034827e-02 7.999544833864360993e-02 0.000000000000000000e+00
5.460000000000000000e+02 2.183887956506951333e-01 8.337505689576695245e-01 4.346836595357305572e-02 4.893035958124715423e-02 7.385070550751024476e-02 0.000000000000000000e+00
5.490000000000000000e+02 2.195887340883364569e-01 8.290851160673645692e-01 4.449248975876194528e-02 5.268548020027309653e-02 7.373691397360036814e-02 0.000000000000000000e+00
5.520000000000000000e+02 2.207886725259775584e-01 8.339781520254893055e-01 4.506144742831133532e-02 5.177514792899408358e-02 6.918525261720527564e-02 0.000000000000000000e+00
5.550000000000000000e+02 2.219886109636186600e-01 8.314747382794720476e-01 4.517523896222121194e-02 5.325443786982248656e-02 7.009558488848430247e-02 0.000000000000000000e+00
5.580000000000000000e+02 2.231885494012599835e-01 8.312471552116522666e-01 4.551661356395084179e-02 5.257168866636321991e-02 7.066454255803368556e-02 0.000000000000000000e+00
5.610000000000000000e+02 2.243884878389010851e-01 8.304506144742831442e-01 4.688211197086936816e-02 5.518889394629039602e-02 6.747837960855712636e-02 0.000000000000000000e+00
5.640000000000000000e+02 2.255884262765421866e-01 8.301092398725534727e-01 4.767865270823850449e-02 5.609922621756941591e-02 6.611288120163859305e-02 0.000000000000000000e+00
5.670000000000000000e+02 2.267883647141835102e-01 8.298816568047336917e-01 4.915794264906690747e-02 5.564406008192990249e-02 6.531634046426945672e-02 0.000000000000000000e+00
5.700000000000000000e+02 2.279883031518246117e-01 8.303368229403732537e-01 5.052344105598543383e-02 5.575785161583977911e-02 6.338188438780155420e-02 0.000000000000000000e+00
5.730000000000000000e+02 2.291882415894659353e-01 8.313609467455621571e-01 5.052344105598543383e-02 5.575785161583977911e-02 6.235776058261265076e-02 0.000000000000000000e+00
5.760000000000000000e+02 2.303881800271070368e-01 8.323850705507510606e-01 5.052344105598543383e-02 5.609922621756941591e-02 6.099226217569413133e-02 0.000000000000000000e+00
5.790000000000000000e+02 2.315881184647481383e-01 8.340919435593991960e-01 4.961310878470642088e-02 5.757851615839781195e-02 5.871643149749658508e-02 0.000000000000000000e+00
5.820000000000000000e+02 2.327880569023894619e-01 8.401228948566226151e-01 4.813381884387801790e-02 5.507510241238051940e-02 5.666818388711879900e-02 0.000000000000000000e+00
5.850000000000000000e+02 2.339879953400305634e-01 8.417159763313609711e-01 4.767865270823850449e-02 5.461993627674101293e-02 5.598543468365953235e-02 0.000000000000000000e+00
5.880000000000000000e+02 2.351879337776716650e-01 8.427401001365498745e-01 4.949931725079653733e-02 5.382339553937186966e-02 5.393718707328174627e-02 0.000000000000000000e+00
5.910000000000000000e+02 2.363878722153129885e-01 8.420573509330905315e-01 5.006827492034592736e-02 5.461993627674101293e-02 5.325443786982248656e-02 0.000000000000000000e+00
5.940000000000000000e+02 2.375878106529540901e-01 8.402366863905325056e-01 5.131998179335457710e-02 5.598543468365953235e-02 5.245789713245334329e-02 0.000000000000000000e+00
5.970000000000000000e+02 2.387877490905951916e-01 8.378470641784251383e-01 5.211652253072371344e-02 5.712335002275830548e-02 5.291306326809285671e-02 0.000000000000000000e+00
6.000000000000000000e+02 2.399876875282365152e-01 8.397815202548930547e-01 5.211652253072371344e-02 5.780609922621757213e-02 5.029585798816568060e-02 0.000000000000000000e+00
6.030000000000000000e+02 2.411876259658776167e-01 8.431952662721893255e-01 5.120619025944470049e-02 5.735093309057805872e-02 4.824761037778789452e-02 0.000000000000000000e+00
6.060000000000000000e+02 2.423875644035189403e-01 8.418297678652708615e-01 5.302685480200273332e-02 5.917159763313609155e-02 4.597177969959034827e-02 0.000000000000000000e+00
6.090000000000000000e+02 2.435875028411600418e-01 8.413746017296312996e-01 5.188893946290396020e-02 5.996813837050523482e-02 4.676832043695949154e-02 0.000000000000000000e+00
6.120000000000000000e+02 2.447874412788011433e-01 8.381884387801548097e-01 5.370960400546199304e-02 6.087847064178425471e-02 4.722348657259899801e-02 0.000000000000000000e+00
6.150000000000000000e+02 2.459873797164424669e-01 8.395539371870732737e-01 5.393718707328174627e-02 5.996813837050523482e-02 4.654073736913973830e-02 0.000000000000000000e+00
6.180000000000000000e+02 2.471873181540835684e-01 8.422849340009103125e-01 5.405097860719162289e-02 5.780609922621757213e-02 4.585798816568047165e-02 0.000000000000000000e+00
6.210000000000000000e+02 2.483872565917246700e-01 8.446745562130177909e-01 5.257168866636321991e-02 5.757851615839781195e-02 4.517523896222121194e-02 0.000000000000000000e+00
6.240000000000000000e+02 2.495871950293659935e-01 8.430814747382794350e-01 5.359581247155211642e-02 5.848884842967683184e-02 4.483386436049158208e-02 0.000000000000000000e+00
6.270000000000000000e+02 2.507871334670070951e-01 8.469503868912152678e-01 5.131998179335457710e-02 5.848884842967683184e-02 4.324078288575330248e-02 0.000000000000000000e+00
6.300000000000000000e+02 2.519870719046481966e-01 8.483158852981338427e-01 5.245789713245334329e-02 5.848884842967683184e-02 4.073736913973600299e-02 0.000000000000000000e+00
6.330000000000000000e+02 2.531870103422895202e-01 8.501365498406918686e-01 5.223031406463359005e-02 5.666818388711879900e-02 4.096495220755575623e-02 0.000000000000000000e+00
6.360000000000000000e+02 2.543869487799306217e-01 8.515020482476103325e-01 5.131998179335457710e-02 5.621301775147929253e-02 4.096495220755575623e-02 0.000000000000000000e+00
6.390000000000000000e+02 2.555868872175719453e-01 8.496813837050523066e-01 5.188893946290396020e-02 5.723714155666818210e-02 4.119253527537550946e-02 0.000000000000000000e+00
6.420000000000000000e+02 2.567868256552130468e-01 8.513882567137005530e-01 5.097860719162494031e-02 5.632680928538916915e-02 4.130632680928538608e-02 0.000000000000000000e+00
6.450000000000000000e+02 2.579867640928541483e-01 8.524123805188893455e-01 5.040964952207555722e-02 5.655439235320892238e-02 4.062357760582612637e-02 0.000000000000000000e+00
6.480000000000000000e+02 2.591867025304954719e-01 8.500227583067819781e-01 5.188893946290396020e-02 5.735093309057805872e-02 4.062357760582612637e-02 1.137915339098771066e-04
6.510000000000000000e+02 2.603866409681365734e-01 8.527537551206190169e-01 5.223031406463359005e-02 5.484751934456076616e-02 4.005461993627674328e-02 1.137915339098771066e-04
6.540000000000000000e+02 2.615865794057776750e-01 8.565088757396449592e-01 5.268548020027309653e-02 5.325443786982248656e-02 3.743741465634956717e-02 1.137915339098771066e-04
6.570000000000000000e+02 2.627865178434189986e-01 8.528675466545289074e-01 5.427856167501137613e-02 5.393718707328174627e-02 3.880291306326809353e-02 1.137915339098771066e-04
6.600000000000000000e+02 2.639864562810601001e-01 8.496813837050523066e-01 5.598543468365953235e-02 5.598543468365953235e-02 3.834774692762858705e-02 0.000000000000000000e+00
6.630000000000000000e+02 2.651863947187012016e-01 8.467228038233954868e-01 5.735093309057805872e-02 5.666818388711879900e-02 3.925807919890760000e-02 0.000000000000000000e+00
6.660000000000000000e+02 2.663863331563425252e-01 8.471779699590350488e-01 5.678197542102867562e-02 5.575785161583977911e-02 4.028220300409649651e-02 0.000000000000000000e+00
6.690000000000000000e+02 2.675862715939836267e-01 8.513882567137005530e-01 5.689576695493855224e-02 5.461993627674101293e-02 3.709604005461993731e-02 0.000000000000000000e+00
6.720000000000000000e+02 2.687862100316249503e-01 8.500227583067819781e-01 5.689576695493855224e-02 5.575785161583977911e-02 3.732362312243969055e-02 0.000000000000000000e+00
6.750000000000000000e+02 2.699861484692660518e-01 8.527537551206190169e-01 5.735093309057805872e-02 5.450614474283113631e-02 3.538916704597178109e-02 0.000000000000000000e+00
6.780000000000000000e+02 2.711860869069071533e-01 8.500227583067819781e-01 5.837505689576695522e-02 5.461993627674101293e-02 3.698224852071006069e-02 0.000000000000000000e+00
6.810000000000000000e+02 2.723860253445484769e-01 8.501365498406918686e-01 5.803368229403732537e-02 5.609922621756941591e-02 3.573054164770141095e-02 0.000000000000000000e+00
