# itime ezz other fcc hcp bcc ico
0.000000000000000000e+00 0.000000000000000000e+00 0.000000000000000000e+00 1.000000000000000000e+00 0.000000000000000000e+00 0.000000000000000000e+00 0.000000000000000000e+00
2.500000000000000000e+02 1.000001442334053081e-02 0.000000000000000000e+00 1.000000000000000000e+00 0.000000000000000000e+00 0.000000000000000000e+00 0.000000000000000000e+00
5.000000000000000000e+02 2.000002884668128367e-02 0.000000000000000000e+00 1.000000000000000000e+00 0.000000000000000000e+00 0.000000000000000000e+00 0.000000000000000000e+00
7.500000000000000000e+02 3.000004327002181448e-02 0.000000000000000000e+00 1.000000000000000000e+00 0.000000000000000000e+00 0.000000000000000000e+00 0.000000000000000000e+00
1.000000000000000000e+03 4.000005769336256733e-02 0.000000000000000000e+00 1.000000000000000000e+00 0.000000000000000000e+00 0.000000000000000000e+00 0.000000000000000000e+00
1.250000000000000000e+03 5.000007211670309815e-02 0.000000000000000000e+00 1.000000000000000000e+00 0.000000000000000000e+00 0.000000000000000000e+00 0.000000000000000000e+00
1.500000000000000000e+03 6.000008654004385100e-02 0.000000000000000000e+00 1.000000000000000000e+00 0.000000000000000000e+00 0.000000000000000000e+00 0.000000000000000000e+00
1.750000000000000000e+03 7.000010096338438181e-02 2.275830678197542133e-04 9.997724169321802190e-01 0.000000000000000000e+00 0.000000000000000000e+00 0.000000000000000000e+00
2.000000000000000000e+03 8.000011538672513467e-02 6.827492034592626399e-04 9.993172507965407680e-01 0.000000000000000000e+00 0.000000000000000000e+00 0.000000000000000000e+00
2.250000000000000000e+03 9.000012981006566548e-02 3.413746017296313199e-04 9.996586253982703285e-01 0.000000000000000000e+00 0.000000000000000000e+00 0.000000000000000000e+00
2.500000000000000000e+03 1.000001442334064183e-01 2.389622212107419402e-03 9.976103777878926326e-01 0.000000000000000000e+00 0.000000000000000000e+00 0.000000000000000000e+00
2.750000000000000000e+03 1.100001586567469491e-01 1.069640418752844727e-02 9.882794720072826111e-01 0.000000000000000000e+00 1.024123805188893906e-03 0.000000000000000000e+00
3.000000000000000000e+03 1.200001730800877020e-01 1.040054619936276736e-01 8.221438324988621371e-01 0.000000000000000000e+00 7.385070550751024476e-02 0.000000000000000000e+00
3.250000000000000000e+03 1.300001875034282328e-01 3.639053254437870089e-01 1.495220755575785154e-01 9.103322712790168532e-04 4.856622667273554628e-01 0.000000000000000000e+00
3.500000000000000000e+03 1.400002019267689857e-01 3.936049157942649313e-01 1.874146563495675821e-01 8.818843878015475424e-02 3.307919890760127601e-01 0.000000000000000000e+00
3.750000000000000000e+03 1.500002163501095165e-01 3.928083750568957533e-01 2.999544833864360438e-01 1.597633136094674666e-01 1.474738279472007363e-01 0.000000000000000000e+00
4.000000000000000000e+03 1.600002307734502693e-01 3.740327719617660418e-01 3.406918525261720676e-01 1.989076012744651900e-01 8.636777423759672834e-02 0.000000000000000000e+00
4.250000000000000000e+03 1.700002451967908002e-01 3.984979517523896120e-01 3.412608101957214646e-01 2.017523896222121194e-01 5.848884842967683184e-02 0.000000000000000000e+00
4.500000000000000000e+03 1.800002596201313310e-01 4.077150659990896875e-01 3.587847064178424916e-01 1.875284478834774726e-01 4.597177969959034827e-02 0.000000000000000000e+00
4.750000000000000000e+03 1.900002740434720838e-01 4.292216659080564378e-01 3.469503868912152678e-01 1.827492034592626269e-01 4.107874374146563284e-02 0.000000000000000000e+00
5.000000000000000000e+03 2.000002884668126146e-01 4.410559854346836617e-01 3.293126991351843502e-01 1.925352753755120716e-01 3.709604005461993731e-02 0.000000000000000000e+00
5.250000000000000000e+03 2.100003028901533675e-01 4.530040964952207760e-01 3.221438324988620816e-01 1.884387801547564856e-01 3.641329085116067066e-02 0.000000000000000000e+00
5.500000000000000000e+03 2.200003173134938983e-01 4.535730541647701175e-01 3.345471096950387024e-01 1.826354119253527641e-01 2.924442421483841592e-02 0.000000000000000000e+00
5.750000000000000000e+03 2.300003317368346512e-01 4.599453800637232637e-01 3.339781520254893055e-01 1.825216203914428736e-01 2.355484751934456070e-02 0.000000000000000000e+00
6.000000000000000000e+03 2.400003461601751820e-01 4.710969503868912001e-01 3.279472007282658308e-01 1.801319981793354508e-01 2.082385070550751144e-02 0.000000000000000000e+00
6.250000000000000000e+03 2.500003605835159348e-01 4.763313609467455523e-01 3.235093309057806010e-01 1.800182066454255880e-01 2.014110150204824826e-02 0.000000000000000000e+00
6.500000000000000000e+03 2.600003750068564656e-01 4.845243513882567243e-01 3.247610377787892855e-01 1.718252162039144160e-01 1.888939462903959851e-02 0.000000000000000000e+00
6.750000000000000000e+03 2.700003894301972185e-01 4.978379608557123581e-01 3.195266272189349332e-01 1.651115157032316816e-01 1.741010468821119553e-02 1.137915339098771066e-04
7.000000000000000000e+03 2.800004038535377493e-01 5.118343195266271684e-01 3.100819299044151323e-01 1.610150204824760956e-01 1.706873008648156567e-02 0.000000000000000000e+00
7.250000000000000000e+03 2.900004182768785022e-01 5.218479745106964218e-01 3.045061447428311086e-01 1.571461083295402905e-01 1.649977241693217911e-02 0.000000000000000000e+00
7.500000000000000000e+03 3.000004327002190330e-01 5.296995903504779779e-01 3.041647701411014926e-01 1.451979972690031762e-01 2.093764223941738806e-02 0.000000000000000000e+00
7.750000000000000000e+03 3.100004471235597858e-01 5.350477924442421651e-01 3.109922621756941452e-01 1.346153846153846090e-01 1.934456076467910846e-02 0.000000000000000000e+00
8.000000000000000000e+03 3.200004615469003166e-01 5.342512517068730427e-01 3.146335912608101970e-01 1.331360946745562268e-01 1.797906235776058209e-02 0.000000000000000000e+00
8.250000000000000000e+03 3.300004759702410695e-01 5.298133818843877574e-01 3.136094674556212936e-01 1.367774237596722786e-01 1.979972690031861493e-02 0.000000000000000000e+00
8.500000000000000000e+03 3.400004903935816003e-01 5.413063268092853653e-01 3.024578971324533572e-01 1.351843422849340060e-01 2.105143377332726468e-02 0.000000000000000000e+00
8.750000000000000000e+03 3.500005048169221311e-01 5.580336822940372699e-01 2.839098771051433712e-01 1.366636322257624159e-01 2.139280837505689453e-02 0.000000000000000000e+00
9.000000000000000000e+03 3.600005192402628840e-01 5.633818843878015681e-01 2.827719617660446327e-01 1.340464269458352398e-01 1.979972690031861493e-02 0.000000000000000000e+00
9.250000000000000000e+03 3.700005336636034148e-01 5.631543013199817871e-01 2.756030951297223641e-01 1.393946290395994547e-01 2.184797451069640448e-02 0.000000000000000000e+00
9.500000000000000000e+03 3.800005480869441676e-01 5.417614929449249273e-01 2.928994082840236657e-01 1.446290395994538069e-01 2.071005917159763482e-02 0.000000000000000000e+00
9.750000000000000000e+03 3.900005625102846984e-01 5.228720983158853253e-01 3.208921256258534527e-01 1.370050068274920319e-01 1.923076923076923184e-02 0.000000000000000000e+00
1.000000000000000000e+04 4.000005769336254513e-01 4.976103777878925771e-01 3.447883477469276259e-01 1.373463814292216756e-01 2.025489303595812488e-02 0.000000000000000000e+00
1.025000000000000000e+04 4.100005913569659821e-01 4.690487027765134487e-01 3.779016841147018746e-01 1.335912608101957333e-01 1.945835229858898507e-02 0.000000000000000000e+00
1.050000000000000000e+04 4.200006057803067350e-01 4.506144742831133532e-01 3.990669094219390090e-01 1.351843422849340060e-01 1.513427401001365448e-02 0.000000000000000000e+00
1.075000000000000000e+04 4.300006202036472658e-01 4.523213472917614886e-01 4.114701866181156298e-01 1.258534365043240677e-01 1.035502958579881741e-02 0.000000000000000000e+00
1.100000000000000000e+04 4.400006346269880186e-01 4.375284478834774449e-01 4.208010923987255403e-01 1.293809740555302568e-01 1.228948566226672687e-02 0.000000000000000000e+00
1.125000000000000000e+04 4.500006490503285494e-01 4.312699135184342447e-01 4.099908966772872199e-01 1.421256258534364936e-01 1.661356395084205573e-02 0.000000000000000000e+00
1.150000000000000000e+04 4.600006634736693023e-01 4.205735093309057593e-01 4.195493855257169113e-01 1.445152480655439164e-01 1.536185707783340945e-02 0.000000000000000000e+00
1.175000000000000000e+04 4.700006778970098331e-01 4.060081929904414966e-01 4.392353208921256358e-01 1.466772872098315861e-01 8.079198907601274626e-03 0.000000000000000000e+00
1.200000000000000000e+04 4.800006923203505860e-01 4.020254893035958288e-01 4.545971779699590209e-01 1.352981338188438687e-01 8.079198907601274626e-03 0.000000000000000000e+00
1.225000000000000000e+04 4.900007067436911168e-01 3.924670004551661373e-01 4.524351388256713791e-01 1.464497041420118328e-01 8.648156577150659455e-03 0.000000000000000000e+00
1.250000000000000000e+04 5.000007211670318696e-01 3.849567592171142527e-01 4.592626308602639762e-01 1.454255803368229294e-01 1.035502958579881741e-02 0.000000000000000000e+00
1.275000000000000000e+04 5.100007355903724005e-01 3.788120163859808875e-01 4.485662266727355463e-01 1.606736458807464796e-01 1.194811106053709528e-02 0.000000000000000000e+00
1.300000000000000000e+04 5.200007500137129313e-01 3.714155666818388934e-01 4.466317705962676299e-01 1.688666363222576239e-01 1.308602639963586667e-02 0.000000000000000000e+00
1.325000000000000000e+04 5.300007644370536841e-01 3.731224396904870289e-01 4.615384615384615641e-01 1.517979062357760478e-01 1.354119253527537488e-02 0.000000000000000000e+00
1.350000000000000000e+04 5.400007788603942149e-01 3.648156577150660218e-01 4.679107874374146547e-01 1.541875284478834707e-01 1.308602639963586667e-02 0.000000000000000000e+00
1.375000000000000000e+04 5.500007932837349678e-01 3.645880746472462408e-01 4.908966772872098150e-01 1.299499317250796537e-01 1.456531634046426965e-02 0.000000000000000000e+00
1.400000000000000000e+04 5.600008077070754986e-01 3.650432407828857473e-01 4.797451069640418786e-01 1.441738734638143005e-01 1.103777878925807886e-02 0.000000000000000000e+00
1.425000000000000000e+04 5.700008221304162515e-01 3.591260810195721631e-01 4.773554847519344557e-01 1.529358215748748417e-01 1.058261265361857065e-02 0.000000000000000000e+00
1.450000000000000000e+04 5.800008365537567823e-01 3.510468821119708815e-01 4.903277196176604735e-01 1.450842057350933134e-01 1.354119253527537488e-02 0.000000000000000000e+00
1.475000000000000000e+04 5.900008509770975351e-01 3.496813837050523621e-01 4.992034592626308775e-01 1.408739189804278646e-01 1.024123805188893906e-02 0.000000000000000000e+00
1.500000000000000000e+04 6.000008654004380659e-01 3.373918980427856318e-01 5.217341829767865313e-01 1.310878470641784199e-01 9.786071916249430847e-03 0.000000000000000000e+00
1.525000000000000000e+04 6.100008798237788188e-01 3.281747837960855563e-01 5.257168866636322546e-01 1.334774692762858428e-01 1.263086026399635846e-02 0.000000000000000000e+00
1.550000000000000000e+04 6.200008942471193496e-01 3.070095584888484219e-01 5.433545744196631722e-01 1.422394173873463841e-01 7.396449704142011444e-03 0.000000000000000000e+00
1.575000000000000000e+04 6.300009086704601025e-01 2.843650432407828776e-01 5.629267182521620061e-01 1.464497041420118328e-01 6.258534365043240920e-03 0.000000000000000000e+00
1.600000000000000000e+04 6.400009230938006333e-01 2.839098771051433712e-01 5.572371415566681474e-01 1.530496131087847045e-01 5.803368229403732710e-03 0.000000000000000000e+00
1.625000000000000000e+04 6.500009375171413861e-01 2.795857988165680319e-01 5.679335457441966328e-01 1.457669549385525731e-01 6.713700500682749130e-03 0.000000000000000000e+00
1.650000000000000000e+04 6.600009519404819169e-01 2.663859808830222886e-01 6.131087847064178309e-01 1.143604915794264876e-01 6.144742831133363434e-03 0.000000000000000000e+00
1.675000000000000000e+04 6.700009663638226698e-01 2.610377787892581014e-01 6.127674101046881594e-01 1.168639053254437871e-01 9.330905780609922637e-03 0.000000000000000000e+00
1.700000000000000000e+04 6.800009807871632006e-01 2.386208466090122826e-01 6.420118343195265753e-01 1.165225307237141572e-01 2.844788347746927612e-03 0.000000000000000000e+00
1.725000000000000000e+04 6.900009952105037314e-01 2.204142011834319403e-01 6.604460628129267263e-01 1.151570323167956239e-01 3.982703686845699004e-03 0.000000000000000000e+00
1.750000000000000000e+04 7.000010096338444843e-01 2.014110150204824756e-01 6.439462903959944917e-01 1.519116977696859383e-01 2.730996813837050560e-03 0.000000000000000000e+00
1.775000000000000000e+04 7.100010240571850151e-01 2.038006372325898985e-01 6.367774237596722786e-01 1.576012744651797970e-01 1.820664542558033706e-03 0.000000000000000000e+00
1.800000000000000000e+04 7.200010384805257679e-01 2.045971779699590487e-01 6.356395084205734847e-01 1.582840236686390567e-01 1.479289940828402332e-03 0.000000000000000000e+00
1.825000000000000000e+04 7.300010529038662987e-01 2.069868001820664438e-01 6.363222576240327166e-01 1.554392353208921274e-01 1.251706873008648227e-03 0.000000000000000000e+00
1.850000000000000000e+04 7.400010673272070516e-01 2.066454255803368278e-01 6.455393718707328476e-01 1.464497041420118328e-01 1.365498406918525280e-03 0.000000000000000000e+00
1.875000000000000000e+04 7.500010817505475824e-01 2.075557578516158408e-01 6.371187983614019501e-01 1.537323623122439642e-01 1.593081474738279385e-03 0.000000000000000000e+00
1.900000000000000000e+04 7.600010961738883353e-01 2.123350022758306865e-01 6.346153846153845812e-01 1.507737824305871721e-01 2.275830678197541916e-03 0.000000000000000000e+00
1.925000000000000000e+04 7.700011105972288661e-01 2.233727810650887602e-01 6.223258989531178509e-01 1.512289485662266786e-01 3.072371415566681717e-03 0.000000000000000000e+00
1.950000000000000000e+04 7.800011250205696189e-01 2.535275375512062168e-01 5.890987710514338227e-01 1.539599453800637174e-01 3.413746017296313308e-03 0.000000000000000000e+00
1.975000000000000000e+04 7.900011394439101498e-01 2.690031861629494925e-01 5.434683659535730627e-01 1.847974510696404060e-01 2.730996813837050560e-03 0.000000000000000000e+00
2.000000000000000000e+04 8.000011538672509026e-01 2.749203459262630767e-01 5.289030496131087444e-01 1.933318161128811941e-01 2.844788347746927612e-03 0.000000000000000000e+00
2.025000000000000000e+04 8.100011682905914334e-01 2.769685935366408835e-01 5.219617660446063123e-01 1.989076012744651900e-01 2.162039144287664864e-03 0.000000000000000000e+00
2.050000000000000000e+04 8.200011827139321863e-01 2.765134274010013771e-01 5.167273554847519046e-01 2.027765134274009950e-01 3.982703686845699004e-03 0.000000000000000000e+00
2.075000000000000000e+04 8.300011971372727171e-01 2.827719617660446327e-01 5.268548020027310486e-01 1.830905780609922706e-01 7.282658170232134826e-03 0.000000000000000000e+00
2.100000000000000000e+04 8.400012115606134699e-01 2.860719162494310686e-01 5.719162494310423561e-01 1.352981338188438687e-01 6.713700500682749130e-03 0.000000000000000000e+00
2.125000000000000000e+04 8.500012259839540008e-01 2.729858898497951603e-01 5.827264451524806210e-01 1.387118798361401950e-01 5.575785161583977738e-03 0.000000000000000000e+00
2.150000000000000000e+04 8.600012404072945316e-01 2.662721893491124536e-01 5.716886663632225751e-01 1.562357760582612776e-01 5.803368229403732710e-03 0.000000000000000000e+00
2.175000000000000000e+04 8.700012548306352844e-01 2.718479745106964218e-01 5.328857532999544677e-01 1.885525716886663761e-01 6.713700500682749130e-03 0.000000000000000000e+00
2.200000000000000000e+04 8.800012692539758152e-01 2.716203914428766408e-01 5.282203004096495125e-01 1.958352298588985074e-01 4.324078288575329727e-03 0.000000000000000000e+00
2.225000000000000000e+04 8.900012836773165681e-01 2.581929904415111721e-01 5.382339553937186549e-01 1.984524351388256835e-01 5.120619025944469528e-03 0.000000000000000000e+00
2.250000000000000000e+04 9.000012981006570989e-01 2.601274465179790885e-01 5.364132908511606290e-01 1.989076012744651900e-01 4.551661356395083832e-03 0.000000000000000000e+00
2.275000000000000000e+04 9.100013125239978518e-01 2.618343195266272239e-01 5.225307237141556538e-01 2.114246700045516736e-01 4.210286754665453109e-03 0.000000000000000000e+00
2.300000000000000000e+04 9.200013269473383826e-01 2.572826581702321591e-01 5.246927628584433512e-01 2.143832498862084657e-01 3.641329085116067413e-03 0.000000000000000000e+00
2.325000000000000000e+04 9.300013413706791354e-01 2.581929904415111721e-01 5.242375967228037892e-01 2.147246244879381094e-01 2.844788347746927612e-03 0.000000000000000000e+00
2.350000000000000000e+04 9.400013557940196662e-01 2.546654528903049552e-01 5.226445152480655443e-01 2.207555757851615841e-01 1.934456076467910759e-03 0.000000000000000000e+00
2.375000000000000000e+04 9.500013702173604191e-01 2.580791989076012816e-01 5.257168866636322546e-01 2.135867091488393155e-01 2.617205279927173507e-03 0.000000000000000000e+00
2.400000000000000000e+04 9.600013846407009499e-01 2.565999089667728716e-01 5.318616294947655643e-01 2.083522985889849910e-01 3.186162949476558769e-03 0.000000000000000000e+00
2.425000000000000000e+04 9.700013990640417028e-01 2.784478834774692935e-01 5.138825671370049752e-01 2.032316795630405015e-01 4.437869822485207214e-03 0.000000000000000000e+00
2.450000000000000000e+04 9.800014134873822336e-01 2.900546199362767363e-01 5.207100591715976279e-01 1.804733727810650945e-01 8.761948111060537808e-03 0.000000000000000000e+00
2.475000000000000000e+04 9.900014279107229864e-01 2.812926718252162228e-01 5.401684114701865713e-01 1.759217114246700020e-01 2.617205279927173507e-03 0.000000000000000000e+00
2.500000000000000000e+04 1.000001442334063739e+00 2.688893946290396020e-01 5.480200273099681274e-01 1.800182066454255880e-01 3.072371415566681717e-03 0.000000000000000000e+00
