# itime ezz other fcc hcp bcc ico
0.000000000000000000e+00 0.000000000000000000e+00 0.000000000000000000e+00 1.000000000000000000e+00 0.000000000000000000e+00 0.000000000000000000e+00 0.000000000000000000e+00
5.000000000000000000e+01 1.999968615678415773e-03 0.000000000000000000e+00 1.000000000000000000e+00 0.000000000000000000e+00 0.000000000000000000e+00 0.000000000000000000e+00
1.000000000000000000e+02 3.999937231356609502e-03 0.000000000000000000e+00 1.000000000000000000e+00 0.000000000000000000e+00 0.000000000000000000e+00 0.000000000000000000e+00
1.500000000000000000e+02 5.999905847035025275e-03 0.000000000000000000e+00 1.000000000000000000e+00 0.000000000000000000e+00 0.000000000000000000e+00 0.000000000000000000e+00
2.000000000000000000e+02 7.999874462713219003e-03 0.000000000000000000e+00 1.000000000000000000e+00 0.000000000000000000e+00 0.000000000000000000e+00 0.000000000000000000e+00
2.500000000000000000e+02 9.999843078391634776e-03 0.000000000000000000e+00 1.000000000000000000e+00 0.000000000000000000e+00 0.000000000000000000e+00 0.000000000000000000e+00
3.000000000000000000e+02 1.199981169406982850e-02 0.000000000000000000e+00 1.000000000000000000e+00 0.000000000000000000e+00 0.000000000000000000e+00 0.000000000000000000e+00
3.500000000000000000e+02 1.399978030974824428e-02 0.000000000000000000e+00 1.000000000000000000e+00 0.000000000000000000e+00 0.000000000000000000e+00 0.000000000000000000e+00
4.000000000000000000e+02 1.599974892542643801e-02 0.000000000000000000e+00 1.000000000000000000e+00 0.000000000000000000e+00 0.000000000000000000e+00 0.000000000000000000e+00
4.500000000000000000e+02 1.799971754110485378e-02 0.000000000000000000e+00 1.000000000000000000e+00 0.000000000000000000e+00 0.000000000000000000e+00 0.000000000000000000e+00
5.000000000000000000e+02 1.999968615678326955e-02 0.000000000000000000e+00 1.000000000000000000e+00 0.000000000000000000e+00 0.000000000000000000e+00 0.000000000000000000e+00
5.500000000000000000e+02 2.199965477246146328e-02 0.000000000000000000e+00 1.000000000000000000e+00 0.000000000000000000e+00 0.000000000000000000e+00 0.000000000000000000e+00
6.000000000000000000e+02 2.399962338813987905e-02 0.000000000000000000e+00 1.000000000000000000e+00 0.000000000000000000e+00 0.000000000000000000e+00 0.000000000000000000e+00
6.500000000000000000e+02 2.599959200381807278e-02 0.000000000000000000e+00 1.000000000000000000e+00 0.000000000000000000e+00 0.000000000000000000e+00 0.000000000000000000e+00
7.000000000000000000e+02 2.799956061949648856e-02 0.000000000000000000e+00 1.000000000000000000e+00 0.000000000000000000e+00 0.000000000000000000e+00 0.000000000000000000e+00
7.500000000000000000e+02 2.999952923517468228e-02 0.000000000000000000e+00 1.000000000000000000e+00 0.000000000000000000e+00 0.000000000000000000e+00 0.000000000000000000e+00
8.000000000000000000e+02 3.199949785085309806e-02 0.000000000000000000e+00 1.000000000000000000e+00 0.000000000000000000e+00 0.000000000000000000e+00 0.000000000000000000e+00
8.500000000000000000e+02 3.399946646653129179e-02 0.000000000000000000e+00 1.000000000000000000e+00 0.000000000000000000e+00 0.000000000000000000e+00 0.000000000000000000e+00
9.000000000000000000e+02 3.599943508220970756e-02 0.000000000000000000e+00 1.000000000000000000e+00 0.000000000000000000e+00 0.000000000000000000e+00 0.000000000000000000e+00
9.500000000000000000e+02 3.799940369788812333e-02 0.000000000000000000e+00 1.000000000000000000e+00 0.000000000000000000e+00 0.000000000000000000e+00 0.000000000000000000e+00
1.000000000000000000e+03 3.999937231356631706e-02 0.000000000000000000e+00 1.000000000000000000e+00 0.000000000000000000e+00 0.000000000000000000e+00 0.000000000000000000e+00
1.050000000000000000e+03 4.199934092924473283e-02 0.000000000000000000e+00 1.000000000000000000e+00 0.000000000000000000e+00 0.000000000000000000e+00 0.000000000000000000e+00
1.100000000000000000e+03 4.399930954492292656e-02 0.000000000000000000e+00 1.000000000000000000e+00 0.000000000000000000e+00 0.000000000000000000e+00 0.000000000000000000e+00
1.150000000000000000e+03 4.599927816060134234e-02 0.000000000000000000e+00 1.000000000000000000e+00 0.000000000000000000e+00 0.000000000000000000e+00 0.000000000000000000e+00
1.200000000000000000e+03 4.799924677627953606e-02 0.000000000000000000e+00 1.000000000000000000e+00 0.000000000000000000e+00 0.000000000000000000e+00 0.000000000000000000e+00
1.250000000000000000e+03 4.999921539195795184e-02 0.000000000000000000e+00 1.000000000000000000e+00 0.000000000000000000e+00 0.000000000000000000e+00 0.000000000000000000e+00
1.300000000000000000e+03 5.199918400763614557e-02 0.000000000000000000e+00 1.000000000000000000e+00 0.000000000000000000e+00 0.000000000000000000e+00 0.000000000000000000e+00
1.350000000000000000e+03 5.399915262331456134e-02 0.000000000000000000e+00 1.000000000000000000e+00 0.000000000000000000e+00 0.000000000000000000e+00 0.000000000000000000e+00
1.400000000000000000e+03 5.599912123899275507e-02 0.000000000000000000e+00 1.000000000000000000e+00 0.000000000000000000e+00 0.000000000000000000e+00 0.000000000000000000e+00
1.450000000000000000e+03 5.799908985467117084e-02 0.000000000000000000e+00 1.000000000000000000e+00 0.000000000000000000e+00 0.000000000000000000e+00 0.000000000000000000e+00
1.500000000000000000e+03 5.999905847034958661e-02 0.000000000000000000e+00 1.000000000000000000e+00 0.000000000000000000e+00 0.000000000000000000e+00 0.000000000000000000e+00
1.550000000000000000e+03 6.199902708602778034e-02 0.000000000000000000e+00 1.000000000000000000e+00 0.000000000000000000e+00 0.000000000000000000e+00 0.000000000000000000e+00
1.600000000000000000e+03 6.399899570170619612e-02 0.000000000000000000e+00 1.000000000000000000e+00 0.000000000000000000e+00 0.000000000000000000e+00 0.000000000000000000e+00
1.650000000000000000e+03 6.599896431738438984e-02 0.000000000000000000e+00 1.000000000000000000e+00 0.000000000000000000e+00 0.000000000000000000e+00 0.000000000000000000e+00
1.700000000000000000e+03 6.799893293306280562e-02 0.000000000000000000e+00 1.000000000000000000e+00 0.000000000000000000e+00 0.000000000000000000e+00 0.000000000000000000e+00
1.750000000000000000e+03 6.999890154874099935e-02 2.275830678197542133e-04 9.997724169321802190e-01 0.000000000000000000e+00 0.000000000000000000e+00 0.000000000000000000e+00
1.800000000000000000e+03 7.199887016441941512e-02 0.000000000000000000e+00 1.000000000000000000e+00 0.000000000000000000e+00 0.000000000000000000e+00 0.000000000000000000e+00
1.850000000000000000e+03 7.399883878009760885e-02 2.275830678197542133e-04 9.997724169321802190e-01 0.000000000000000000e+00 0.000000000000000000e+00 0.000000000000000000e+00
1.900000000000000000e+03 7.599880739577602462e-02 3.413746017296313199e-04 9.996586253982703285e-01 0.000000000000000000e+00 0.000000000000000000e+00 0.000000000000000000e+00
1.950000000000000000e+03 7.799877601145444039e-02 2.275830678197542133e-04 9.997724169321802190e-01 0.000000000000000000e+00 0.000000000000000000e+00 0.000000000000000000e+00
2.000000000000000000e+03 7.999874462713263412e-02 6.827492034592626399e-04 9.993172507965407680e-01 0.000000000000000000e+00 0.000000000000000000e+00 0.000000000000000000e+00
2.050000000000000000e+03 8.199871324281104989e-02 4.551661356395084266e-04 9.995448338643604380e-01 0.000000000000000000e+00 0.000000000000000000e+00 0.000000000000000000e+00
2.100000000000000000e+03 8.399868185848924362e-02 3.413746017296313199e-04 9.996586253982703285e-01 0.000000000000000000e+00 0.000000000000000000e+00 0.000000000000000000e+00
2.150000000000000000e+03 8.599865047416765940e-02 0.000000000000000000e+00 1.000000000000000000e+00 0.000000000000000000e+00 0.000000000000000000e+00 0.000000000000000000e+00
2.200000000000000000e+03 8.799861908984585313e-02 1.479289940828402332e-03 9.984069185252617551e-01 0.000000000000000000e+00 1.137915339098771066e-04 0.000000000000000000e+00
2.250000000000000000e+03 8.999858770552426890e-02 3.413746017296313199e-04 9.996586253982703285e-01 0.000000000000000000e+00 0.000000000000000000e+00 0.000000000000000000e+00
2.300000000000000000e+03 9.199855632120246263e-02 1.251706873008648227e-03 9.986345015930814251e-01 0.000000000000000000e+00 1.137915339098771066e-04 0.000000000000000000e+00
2.350000000000000000e+03 9.399852493688087840e-02 2.275830678197542133e-04 9.997724169321802190e-01 0.000000000000000000e+00 0.000000000000000000e+00 0.000000000000000000e+00
2.400000000000000000e+03 9.599849355255929417e-02 1.934456076467910759e-03 9.978379608557123026e-01 0.000000000000000000e+00 2.275830678197542133e-04 0.000000000000000000e+00
2.450000000000000000e+03 9.799846216823748790e-02 2.617205279927173507e-03 9.970414201183431802e-01 0.000000000000000000e+00 3.413746017296313199e-04 0.000000000000000000e+00
2.500000000000000000e+03 9.999843078391590367e-02 2.389622212107419402e-03 9.976103777878926326e-01 0.000000000000000000e+00 0.000000000000000000e+00 0.000000000000000000e+00
2.550000000000000000e+03 1.019983993995940974e-01 4.893035958124715423e-03 9.948793809740554828e-01 0.000000000000000000e+00 2.275830678197542133e-04 0.000000000000000000e+00
2.600000000000000000e+03 1.039983680152725132e-01 3.755120619025944465e-03 9.960172963131542767e-01 0.000000000000000000e+00 2.275830678197542133e-04 0.000000000000000000e+00
2.650000000000000000e+03 1.059983366309507069e-01 5.575785161583977738e-03 9.941966317705962508e-01 0.000000000000000000e+00 2.275830678197542133e-04 0.000000000000000000e+00
2.700000000000000000e+03 1.079983052466291227e-01 6.713700500682749130e-03 9.924897587619481154e-01 0.000000000000000000e+00 7.965407373691396923e-04 0.000000000000000000e+00
2.750000000000000000e+03 1.099982738623073164e-01 1.069640418752844727e-02 9.882794720072826111e-01 0.000000000000000000e+00 1.024123805188893906e-03 0.000000000000000000e+00
2.800000000000000000e+03 1.119982424779857322e-01 9.217114246700046018e-03 9.902139280837505275e-01 0.000000000000000000e+00 5.689576695493854790e-04 0.000000000000000000e+00
2.850000000000000000e+03 1.139982110936641480e-01 1.649977241693217911e-02 9.817933545744196300e-01 0.000000000000000000e+00 1.706873008648156654e-03 0.000000000000000000e+00
2.900000000000000000e+03 1.159981797093423417e-01 1.957214383249886169e-02 9.767865270823851143e-01 0.000000000000000000e+00 3.641329085116067413e-03 0.000000000000000000e+00
2.950000000000000000e+03 1.179981483250207575e-01 4.187528447883477611e-02 9.483386436049158208e-01 0.000000000000000000e+00 9.786071916249430847e-03 0.000000000000000000e+00
3.000000000000000000e+03 1.199981169406989512e-01 1.040054619936276736e-01 8.221438324988621371e-01 0.000000000000000000e+00 7.385070550751024476e-02 0.000000000000000000e+00
3.050000000000000000e+03 1.219980855563773670e-01 2.200728265817023244e-01 4.440145653163404815e-01 0.000000000000000000e+00 3.359126081019572219e-01 0.000000000000000000e+00
3.100000000000000000e+03 1.239980541720555607e-01 3.700500682749203185e-01 1.176604460628129234e-01 0.000000000000000000e+00 5.122894856622667303e-01 0.000000000000000000e+00
3.150000000000000000e+03 1.259980227877339765e-01 3.500227583067819781e-01 8.784706417842512438e-02 0.000000000000000000e+00 5.621301775147928836e-01 0.000000000000000000e+00
3.200000000000000000e+03 1.279979914034121702e-01 3.691397360036413056e-01 1.458807464724624359e-01 2.275830678197542133e-04 4.847519344560764498e-01 0.000000000000000000e+00
3.250000000000000000e+03 1.299979600190905860e-01 3.639053254437870089e-01 1.495220755575785154e-01 9.103322712790168532e-04 4.856622667273554628e-01 0.000000000000000000e+00
3.300000000000000000e+03 1.319979286347690017e-01 3.586709148839326566e-01 1.318843878015475701e-01 3.641329085116067413e-03 5.058033682294037492e-01 0.000000000000000000e+00
3.350000000000000000e+03 1.339978972504471955e-01 3.794947655894401195e-01 1.193673190714610866e-01 1.274465179790623508e-02 4.883932635411925571e-01 0.000000000000000000e+00
3.400000000000000000e+03 1.359978658661256112e-01 3.806326809285389134e-01 1.391670459717797015e-01 3.220300409649522189e-02 4.479972690031861493e-01 0.000000000000000000e+00
3.450000000000000000e+03 1.379978344818038050e-01 3.971324533454710926e-01 1.516841147018661851e-01 5.348202093764223980e-02 3.977014110150204895e-01 0.000000000000000000e+00
3.500000000000000000e+03 1.399978030974822207e-01 3.936049157942649313e-01 1.874146563495675821e-01 8.818843878015475424e-02 3.307919890760127601e-01 0.000000000000000000e+00
3.550000000000000000e+03 1.419977717131604145e-01 4.200045516613564178e-01 2.168866636322257513e-01 1.043468365953573035e-01 2.587619481110605135e-01 0.000000000000000000e+00
3.600000000000000000e+03 1.439977403288388302e-01 4.296768320436959443e-01 2.467000455166135642e-01 1.240327719617660418e-01 1.995903504779244497e-01 0.000000000000000000e+00
3.650000000000000000e+03 1.459977089445170240e-01 4.201183431952662528e-01 2.613791533909877174e-01 1.499772416932180219e-01 1.685252617205279801e-01 0.000000000000000000e+00
3.700000000000000000e+03 1.479976775601954397e-01 4.116977696859353553e-01 2.836822940373236457e-01 1.598771051433773294e-01 1.447428311333636697e-01 0.000000000000000000e+00
3.750000000000000000e+03 1.499976461758736335e-01 3.928083750568957533e-01 2.999544833864360438e-01 1.597633136094674666e-01 1.474738279472007363e-01 0.000000000000000000e+00
3.800000000000000000e+03 1.519976147915520492e-01 3.765361857077833552e-01 3.079198907601274349e-01 1.709148839326354030e-01 1.446290395994538069e-01 0.000000000000000000e+00
3.850000000000000000e+03 1.539975834072304650e-01 3.819981793354574329e-01 3.153163404642694845e-01 1.789940828402366846e-01 1.236913973600364119e-01 0.000000000000000000e+00
3.900000000000000000e+03 1.559975520229086587e-01 3.799499317250796815e-01 3.303368229403732537e-01 1.804733727810650945e-01 1.092398725534820259e-01 0.000000000000000000e+00
3.950000000000000000e+03 1.579975206385870745e-01 3.757396449704141772e-01 3.397815202548930547e-01 1.901456531634046487e-01 9.433318161128811941e-02 0.000000000000000000e+00
4.000000000000000000e+03 1.599974892542652682e-01 3.740327719617660418e-01 3.406918525261720676e-01 1.989076012744651900e-01 8.636777423759672834e-02 0.000000000000000000e+00
4.050000000000000000e+03 1.619974578699436840e-01 3.727810650887574129e-01 3.429676832043696000e-01 2.025489303595812418e-01 8.170232134729175921e-02 0.000000000000000000e+00
4.100000000000000000e+03 1.639974264856218777e-01 3.741465634956759323e-01 3.456986800182066388e-01 2.057350933090578149e-01 7.441966317705962786e-02 0.000000000000000000e+00
4.150000000000000000e+03 1.659973951013002935e-01 3.839326354119253493e-01 3.431952662721893255e-01 2.047109695038689114e-01 6.816112881201638607e-02 0.000000000000000000e+00
4.200000000000000000e+03 1.679973637169784872e-01 3.864360491579426626e-01 3.417159763313609711e-01 2.019799726900318726e-01 6.986800182066454923e-02 0.000000000000000000e+00
4.250000000000000000e+03 1.699973323326569030e-01 3.984979517523896120e-01 3.412608101957214646e-01 2.017523896222121194e-01 5.848884842967683184e-02 0.000000000000000000e+00
4.300000000000000000e+03 1.719973009483353188e-01 3.996358670914884059e-01 3.414883932635411901e-01 2.011834319526627224e-01 5.769230769230769551e-02 0.000000000000000000e+00
4.350000000000000000e+03 1.739972695640135125e-01 3.918980427856167403e-01 3.491124260355029651e-01 1.960628129267182607e-01 6.292671825216203385e-02 0.000000000000000000e+00
4.400000000000000000e+03 1.759972381796919283e-01 4.012289485662266508e-01 3.494538006372325811e-01 1.945835229858898507e-01 5.473372781065088954e-02 0.000000000000000000e+00
4.450000000000000000e+03 1.779972067953701220e-01 4.065771506599908935e-01 3.485434683659535682e-01 1.888939462903959920e-01 5.598543468365953235e-02 0.000000000000000000e+00
4.500000000000000000e+03 1.799971754110485378e-01 4.077150659990896875e-01 3.587847064178424916e-01 1.875284478834774726e-01 4.597177969959034827e-02 0.000000000000000000e+00
4.550000000000000000e+03 1.819971440267267315e-01 4.082840236686390289e-01 3.581019572143832597e-01 1.900318616294947582e-01 4.358215748748293233e-02 0.000000000000000000e+00
4.600000000000000000e+03 1.839971126424051473e-01 4.165908056440600915e-01 3.551433773327264398e-01 1.832043695949021334e-01 4.506144742831133532e-02 0.000000000000000000e+00
4.650000000000000000e+03 1.859970812580833410e-01 4.147701411015020656e-01 3.532089212562585234e-01 1.858215748748293095e-01 4.619936276741010150e-02 0.000000000000000000e+00
4.700000000000000000e+03 1.879970498737617568e-01 4.188666363222576239e-01 3.505917159763313751e-01 1.830905780609922706e-01 4.745106964041875125e-02 0.000000000000000000e+00
4.750000000000000000e+03 1.899970184894401726e-01 4.292216659080564378e-01 3.469503868912152678e-01 1.827492034592626269e-01 4.107874374146563284e-02 0.000000000000000000e+00
4.800000000000000000e+03 1.919969871051183663e-01 4.243286299499317016e-01 3.429676832043696000e-01 1.895766954938552518e-01 4.312699135184342586e-02 0.000000000000000000e+00
4.850000000000000000e+03 1.939969557207967821e-01 4.263768775603095085e-01 3.381884387801547542e-01 1.931042330450614408e-01 4.233045061447428259e-02 0.000000000000000000e+00
4.900000000000000000e+03 1.959969243364749758e-01 4.379836140191169513e-01 3.320436959490213891e-01 1.924214838416021811e-01 3.755120619025944378e-02 0.000000000000000000e+00
4.950000000000000000e+03 1.979968929521533916e-01 4.326354119253527641e-01 3.353436504324078249e-01 1.949248975876194945e-01 3.709604005461993731e-02 0.000000000000000000e+00
5.000000000000000000e+03 1.999968615678315853e-01 4.410559854346836617e-01 3.293126991351843502e-01 1.925352753755120716e-01 3.709604005461993731e-02 0.000000000000000000e+00
5.050000000000000000e+03 2.019968301835100011e-01 4.443559399180700975e-01 3.306781975421028696e-01 1.941283568502503443e-01 3.083750568957669552e-02 0.000000000000000000e+00
5.100000000000000000e+03 2.039967987991881948e-01 4.420801092398725651e-01 3.240782885753299980e-01 1.976558944014565333e-01 3.618570778334091742e-02 0.000000000000000000e+00
5.150000000000000000e+03 2.059967674148666106e-01 4.436731907146108100e-01 3.214610832954028496e-01 1.990213928083750528e-01 3.584433318161128756e-02 0.000000000000000000e+00
5.200000000000000000e+03 2.079967360305450264e-01 4.539144287664997890e-01 3.183887118798361393e-01 1.961766044606281234e-01 3.152025489303595523e-02 0.000000000000000000e+00
5.250000000000000000e+03 2.099967046462232201e-01 4.530040964952207760e-01 3.221438324988620816e-01 1.884387801547564856e-01 3.641329085116067066e-02 0.000000000000000000e+00
5.300000000000000000e+03 2.119966732619016359e-01 4.578971324533454568e-01 3.280609922621757213e-01 1.809285389167046010e-01 3.311333636777423484e-02 0.000000000000000000e+00
5.350000000000000000e+03 2.139966418775798296e-01 4.593764223941738667e-01 3.289713245334547342e-01 1.795630405097860816e-01 3.208921256258534527e-02 0.000000000000000000e+00
5.400000000000000000e+03 2.159966104932582454e-01 4.573281747837960598e-01 3.310195721438324856e-01 1.774010013654984119e-01 3.425125170687300796e-02 0.000000000000000000e+00
5.450000000000000000e+03 2.179965791089364391e-01 4.578971324533454568e-01 3.301092398725534727e-01 1.816112881201638607e-01 3.038233955393718558e-02 0.000000000000000000e+00
5.500000000000000000e+03 2.199965477246148549e-01 4.535730541647701175e-01 3.345471096950387024e-01 1.826354119253527641e-01 2.924442421483841592e-02 0.000000000000000000e+00
5.550000000000000000e+03 2.219965163402930486e-01 4.600591715976331542e-01 3.319299044151114986e-01 1.801319981793354508e-01 2.787892580791988956e-02 0.000000000000000000e+00
5.600000000000000000e+03 2.239964849559714644e-01 4.607419208010923861e-01 3.324988620846608955e-01 1.787664997724169313e-01 2.799271734182976618e-02 0.000000000000000000e+00
5.650000000000000000e+03 2.259964535716498801e-01 4.672280382339553673e-01 3.293126991351843502e-01 1.795630405097860816e-01 2.389622212107419055e-02 0.000000000000000000e+00
5.700000000000000000e+03 2.279964221873280739e-01 4.654073736913973414e-01 3.305644060081929791e-01 1.819526627218935044e-01 2.207555757851615771e-02 0.000000000000000000e+00
5.750000000000000000e+03 2.299963908030064896e-01 4.599453800637232637e-01 3.339781520254893055e-01 1.825216203914428736e-01 2.355484751934456070e-02 0.000000000000000000e+00
5.800000000000000000e+03 2.319963594186846834e-01 4.629039599453800835e-01 3.330678197542102925e-01 1.849112426035502965e-01 1.911697769685935522e-02 0.000000000000000000e+00
5.850000000000000000e+03 2.339963280343630991e-01 4.713245334547109811e-01 3.299954483386435822e-01 1.828629949931725174e-01 1.581702321347291593e-02 0.000000000000000000e+00
5.900000000000000000e+03 2.359962966500412929e-01 4.635867091488393155e-01 3.323850705507510050e-01 1.855939918070095562e-01 1.832043695949021542e-02 1.137915339098771066e-04
5.950000000000000000e+03 2.379962652657197086e-01 4.659763313609467383e-01 3.299954483386435822e-01 1.834319526627218866e-01 2.059626763768775473e-02 0.000000000000000000e+00
6.000000000000000000e+03 2.399962338813979024e-01 4.710969503868912001e-01 3.279472007282658308e-01 1.801319981793354508e-01 2.082385070550751144e-02 0.000000000000000000e+00
6.050000000000000000e+03 2.419962024970763181e-01 4.717796995903504875e-01 3.280609922621757213e-01 1.791078743741465751e-01 2.105143377332726468e-02 0.000000000000000000e+00
6.100000000000000000e+03 2.439961711127545119e-01 4.743969048702776359e-01 3.310195721438324856e-01 1.777423759672280279e-01 1.684114701866181243e-02 0.000000000000000000e+00
6.150000000000000000e+03 2.459961397284329276e-01 4.796313154301319881e-01 3.271506599908966528e-01 1.784251251706872876e-01 1.479289940828402289e-02 0.000000000000000000e+00
6.200000000000000000e+03 2.479961083441113434e-01 4.779244424214838527e-01 3.254437869822485174e-01 1.811561219845243542e-01 1.536185707783340945e-02 1.137915339098771066e-04
6.250000000000000000e+03 2.499960769597895371e-01 4.763313609467455523e-01 3.235093309057806010e-01 1.800182066454255880e-01 2.014110150204824826e-02 0.000000000000000000e+00
6.300000000000000000e+03 2.519960455754679529e-01 4.757624032771961553e-01 3.235093309057806010e-01 1.793354574419663283e-01 2.139280837505689453e-02 0.000000000000000000e+00
6.350000000000000000e+03 2.539960141911461466e-01 4.791761492944924816e-01 3.214610832954028496e-01 1.779699590350477811e-01 2.139280837505689453e-02 0.000000000000000000e+00
6.400000000000000000e+03 2.559959828068245624e-01 4.840691852526172179e-01 3.240782885753299980e-01 1.731907146108329631e-01 1.866181156121984527e-02 0.000000000000000000e+00
6.450000000000000000e+03 2.579959514225027561e-01 4.865725989986344757e-01 3.219162494310423561e-01 1.711424670004551563e-01 2.036868456986800149e-02 0.000000000000000000e+00
6.500000000000000000e+03 2.599959200381811719e-01 4.845243513882567243e-01 3.247610377787892855e-01 1.718252162039144160e-01 1.888939462903959851e-02 0.000000000000000000e+00
6.550000000000000000e+03 2.619958886538593656e-01 4.828174783796085334e-01 3.253299954483386269e-01 1.712562585343650468e-01 2.059626763768775473e-02 0.000000000000000000e+00
6.600000000000000000e+03 2.639958572695377814e-01 4.862312243969048597e-01 3.232817478379608755e-01 1.681838871187983642e-01 2.230314064633591095e-02 0.000000000000000000e+00
6.650000000000000000e+03 2.659958258852161972e-01 4.902139280837505830e-01 3.216886663632225751e-01 1.659080564406008318e-01 2.218934911242603433e-02 0.000000000000000000e+00
6.700000000000000000e+03 2.679957945008943909e-01 4.898725534820209115e-01 3.214610832954028496e-01 1.690942193900773771e-01 1.957214383249886169e-02 0.000000000000000000e+00
6.750000000000000000e+03 2.699957631165728067e-01 4.978379608557123581e-01 3.195266272189349332e-01 1.651115157032316816e-01 1.741010468821119553e-02 1.137915339098771066e-04
6.800000000000000000e+03 2.719957317322510004e-01 5.022758306781975879e-01 3.149749658625398130e-01 1.634046426945835184e-01 1.934456076467910846e-02 0.000000000000000000e+00
6.850000000000000000e+03 2.739957003479294162e-01 4.990896677287209870e-01 3.148611743286299225e-01 1.630632680928539024e-01 2.298588984979517413e-02 0.000000000000000000e+00
6.900000000000000000e+03 2.759956689636076099e-01 5.087619481110605690e-01 3.108784706417842547e-01 1.624943104233045055e-01 1.786527082385070547e-02 0.000000000000000000e+00
6.950000000000000000e+03 2.779956375792860257e-01 5.150204824761037692e-01 3.087164314974966128e-01 1.578288575329995502e-01 1.843422849340009204e-02 0.000000000000000000e+00
7.000000000000000000e+03 2.799956061949642194e-01 5.118343195266271684e-01 3.100819299044151323e-01 1.610150204824760956e-01 1.706873008648156567e-02 0.000000000000000000e+00
7.050000000000000000e+03 2.819955748106426352e-01 5.227583067819754348e-01 3.021165225307237412e-01 1.595357305416477134e-01 1.547564861174328607e-02 1.137915339098771066e-04
7.100000000000000000e+03 2.839955434263210510e-01 5.205962676376877374e-01 3.040509786071916021e-01 1.607874374146563423e-01 1.456531634046426965e-02 0.000000000000000000e+00
7.150000000000000000e+03 2.859955120419992447e-01 5.197997269003186149e-01 3.041647701411014926e-01 1.553254437869822369e-01 2.071005917159763482e-02 0.000000000000000000e+00
7.200000000000000000e+03 2.879954806576776605e-01 5.199135184342285054e-01 3.074647246244879284e-01 1.558944014565316338e-01 1.672735548475193582e-02 0.000000000000000000e+00
7.250000000000000000e+03 2.899954492733558542e-01 5.218479745106964218e-01 3.045061447428311086e-01 1.571461083295402905e-01 1.649977241693217911e-02 0.000000000000000000e+00
7.300000000000000000e+03 2.919954178890342700e-01 5.281065088757396220e-01 3.030268548020027541e-01 1.498634501593081592e-01 1.900318616294947513e-02 0.000000000000000000e+00
7.350000000000000000e+03 2.939953865047124637e-01 5.281065088757396220e-01 3.020027309968138507e-01 1.504324078288575284e-01 1.945835229858898507e-02 0.000000000000000000e+00
7.400000000000000000e+03 2.959953551203908795e-01 5.271961766044606090e-01 3.025716886663632477e-01 1.479289940828402428e-01 2.230314064633591095e-02 0.000000000000000000e+00
7.450000000000000000e+03 2.979953237360690732e-01 5.294720072826581969e-01 3.023441055985434667e-01 1.505461993627674189e-01 1.752389622212107562e-02 1.137915339098771066e-04
7.500000000000000000e+03 2.999952923517474890e-01 5.296995903504779779e-01 3.041647701411014926e-01 1.451979972690031762e-01 2.093764223941738806e-02 0.000000000000000000e+00
7.550000000000000000e+03 3.019952609674259048e-01 5.236686390532544477e-01 3.030268548020027541e-01 1.483841602184797492e-01 2.492034592626308706e-02 0.000000000000000000e+00
7.600000000000000000e+03 3.039952295831040985e-01 5.386891215293582169e-01 2.991579426490669213e-01 1.415566681838871244e-01 2.059626763768775473e-02 0.000000000000000000e+00
7.650000000000000000e+03 3.059951981987825143e-01 5.353891670459717256e-01 3.064406008192990249e-01 1.364360491579426626e-01 2.173418297678652786e-02 0.000000000000000000e+00
7.700000000000000000e+03 3.079951668144607080e-01 5.352753755120619461e-01 3.086026399635867223e-01 1.372325898953117851e-01 1.888939462903959851e-02 0.000000000000000000e+00
7.750000000000000000e+03 3.099951354301391238e-01 5.350477924442421651e-01 3.109922621756941452e-01 1.346153846153846090e-01 1.934456076467910846e-02 0.000000000000000000e+00
7.800000000000000000e+03 3.119951040458173175e-01 5.307237141556667703e-01 3.145197997269003065e-01 1.354119253527537592e-01 1.934456076467910846e-02 0.000000000000000000e+00
7.850000000000000000e+03 3.139950726614957333e-01 5.356167501137915066e-01 3.123577605826126646e-01 1.348429676832043622e-01 1.718252162039144229e-02 0.000000000000000000e+00
7.900000000000000000e+03 3.159950412771739270e-01 5.413063268092853653e-01 3.101957214383249672e-01 1.332498862084660896e-01 1.524806554392353283e-02 0.000000000000000000e+00
7.950000000000000000e+03 3.179950098928523428e-01 5.307237141556667703e-01 3.171370050068275104e-01 1.341602184797451025e-01 1.797906235776058209e-02 0.000000000000000000e+00
8.000000000000000000e+03 3.199949785085305365e-01 5.342512517068730427e-01 3.146335912608101970e-01 1.331360946745562268e-01 1.797906235776058209e-02 0.000000000000000000e+00
8.050000000000000000e+03 3.219949471242089523e-01 5.318616294947655643e-01 3.177059626763768518e-01 1.310878470641784199e-01 1.934456076467910846e-02 0.000000000000000000e+00
8.100000000000000000e+03 3.239949157398873680e-01 5.284478834774692935e-01 3.182749203459262488e-01 1.309740555302685572e-01 2.230314064633591095e-02 0.000000000000000000e+00
8.150000000000000000e+03 3.259948843555655618e-01 5.290168411470186349e-01 3.144060081929904160e-01 1.360946745562130189e-01 2.048247610377787811e-02 0.000000000000000000e+00
8.200000000000000000e+03 3.279948529712439775e-01 5.317478379608556738e-01 3.106508875739644737e-01 1.393946290395994547e-01 1.820664542558033533e-02 0.000000000000000000e+00
8.250000000000000000e+03 3.299948215869221713e-01 5.298133818843877574e-01 3.136094674556212936e-01 1.367774237596722786e-01 1.979972690031861493e-02 0.000000000000000000e+00
8.300000000000000000e+03 3.319947902026005870e-01 5.299271734182976479e-01 3.120163859808830487e-01 1.378015475648611821e-01 2.025489303595812488e-02 0.000000000000000000e+00
8.350000000000000000e+03 3.339947588182787808e-01 5.329995448338643582e-01 3.129267182521620616e-01 1.363222576240327721e-01 1.775147928994082885e-02 0.000000000000000000e+00
8.400000000000000000e+03 3.359947274339571965e-01 5.416477014110150368e-01 3.049613108784706150e-01 1.354119253527537592e-01 1.797906235776058209e-02 0.000000000000000000e+00
8.450000000000000000e+03 3.379946960496353903e-01 5.424442421483841592e-01 3.043923532089212736e-01 1.334774692762858428e-01 1.957214383249886169e-02 1.137915339098771066e-04
8.500000000000000000e+03 3.399946646653138060e-01 5.413063268092853653e-01 3.024578971324533572e-01 1.351843422849340060e-01 2.105143377332726468e-02 0.000000000000000000e+00
8.550000000000000000e+03 3.419946332809922218e-01 5.482476103777879084e-01 2.987027765134274149e-01 1.330223031406463363e-01 2.002730996813837164e-02 0.000000000000000000e+00
8.600000000000000000e+03 3.439946018966704155e-01 5.506372325898952758e-01 2.881201638598088199e-01 1.396222121074192080e-01 2.150659990896677115e-02 1.137915339098771066e-04
8.650000000000000000e+03 3.459945705123488313e-01 5.520027309968138507e-01 2.872098315885298070e-01 1.407601274465179741e-01 2.002730996813837164e-02 0.000000000000000000e+00
8.700000000000000000e+03 3.479945391280270250e-01 5.513199817933546187e-01 2.893718707328175044e-01 1.389394629039599482e-01 2.036868456986800149e-02 0.000000000000000000e+00
8.750000000000000000e+03 3.499945077437054408e-01 5.580336822940372699e-01 2.839098771051433712e-01 1.366636322257624159e-01 2.139280837505689453e-02 0.000000000000000000e+00
8.800000000000000000e+03 3.519944763593836345e-01 5.550751024123805610e-01 2.869822485207100815e-01 1.367774237596722786e-01 2.116522530723714129e-02 0.000000000000000000e+00
8.850000000000000000e+03 3.539944449750620503e-01 5.598543468365954068e-01 2.823167956304050707e-01 1.370050068274920319e-01 2.082385070550751144e-02 0.000000000000000000e+00
8.900000000000000000e+03 3.559944135907402440e-01 5.593991807009558448e-01 2.825443786982248517e-01 1.349567592171142527e-01 2.309968138370505075e-02 0.000000000000000000e+00
8.950000000000000000e+03 3.579943822064186598e-01 5.601957214383249672e-01 2.834547109695038647e-01 1.339326354119253493e-01 2.241693218024579104e-02 0.000000000000000000e+00
9.000000000000000000e+03 3.599943508220970756e-01 5.633818843878015681e-01 2.827719617660446327e-01 1.340464269458352398e-01 1.979972690031861493e-02 0.000000000000000000e+00
9.050000000000000000e+03 3.619943194377752693e-01 5.576923076923077094e-01 2.851615839781520001e-01 1.371187983614019223e-01 2.002730996813837164e-02 0.000000000000000000e+00
9.100000000000000000e+03 3.639942880534536851e-01 5.555302685480200120e-01 2.851615839781520001e-01 1.368912152935821691e-01 2.241693218024579104e-02 0.000000000000000000e+00
9.150000000000000000e+03 3.659942566691318788e-01 5.525716886663631922e-01 2.859581247155211781e-01 1.409877105143377274e-01 2.036868456986800149e-02 1.137915339098771066e-04
9.200000000000000000e+03 3.679942252848102946e-01 5.608784706417841992e-01 2.786754665452890189e-01 1.426945835229858905e-01 1.775147928994082885e-02 0.000000000000000000e+00
9.250000000000000000e+03 3.699941939004884883e-01 5.631543013199817871e-01 2.756030951297223641e-01 1.393946290395994547e-01 2.184797451069640448e-02 0.000000000000000000e+00
9.300000000000000000e+03 3.719941625161669041e-01 5.662266727355484974e-01 2.716203914428766408e-01 1.387118798361401950e-01 2.344105598543468408e-02 0.000000000000000000e+00
9.350000000000000000e+03 3.739941311318450978e-01 5.604233045061447482e-01 2.735548475193445572e-01 1.434911242603550408e-01 2.253072371415566766e-02 0.000000000000000000e+00
9.400000000000000000e+03 3.759940997475235136e-01 5.572371415566681474e-01 2.810650887573964418e-01 1.424670004551661373e-01 1.923076923076923184e-02 0.000000000000000000e+00
9.450000000000000000e+03 3.779940683632019294e-01 5.512061902594447282e-01 2.916477014110150368e-01 1.409877105143377274e-01 1.615839781520254925e-02 0.000000000000000000e+00
9.500000000000000000e+03 3.799940369788801231e-01 5.417614929449249273e-01 2.928994082840236657e-01 1.446290395994538069e-01 2.071005917159763482e-02 0.000000000000000000e+00
9.550000000000000000e+03 3.819940055945585389e-01 5.497269003186162628e-01 2.958579881656804855e-01 1.339326354119253493e-01 2.048247610377787811e-02 0.000000000000000000e+00
9.600000000000000000e+03 3.839939742102367326e-01 5.411925352753754748e-01 3.025716886663632477e-01 1.340464269458352398e-01 2.218934911242603433e-02 0.000000000000000000e+00
9.650000000000000000e+03 3.859939428259151484e-01 5.369822485207100815e-01 3.092853891670459543e-01 1.333636777423759801e-01 2.036868456986800149e-02 0.000000000000000000e+00
9.700000000000000000e+03 3.879939114415933421e-01 5.293582157487483064e-01 3.136094674556212936e-01 1.355257168866636219e-01 2.150659990896677115e-02 0.000000000000000000e+00
9.750000000000000000e+03 3.899938800572719799e-01 5.228720983158853253e-01 3.208921256258534527e-01 1.370050068274920319e-01 1.923076923076923184e-02 0.000000000000000000e+00
9.800000000000000000e+03 3.919938486729499516e-01 5.190031861629494925e-01 3.281747837960855563e-01 1.364360491579426626e-01 1.638598088302230249e-02 0.000000000000000000e+00
9.850000000000000000e+03 3.939938172886281453e-01 5.097860719162494725e-01 3.369367319071461253e-01 1.367774237596722786e-01 1.649977241693217911e-02 0.000000000000000000e+00
9.900000000000000000e+03 3.959937859043067832e-01 5.052344105598542967e-01 3.344333181611288119e-01 1.414428766499772339e-01 1.888939462903959851e-02 0.000000000000000000e+00
9.950000000000000000e+03 3.979937545199851989e-01 5.076240327719617751e-01 3.379608557123350288e-01 1.391670459717797015e-01 1.524806554392353283e-02 0.000000000000000000e+00
1.000000000000000000e+04 3.999937231356633927e-01 4.976103777878925771e-01 3.447883477469276259e-01 1.373463814292216756e-01 2.025489303595812488e-02 0.000000000000000000e+00
1.005000000000000000e+04 4.019936917513413643e-01 4.964724624487937832e-01 3.450159308147474069e-01 1.357532999544833752e-01 2.275830678197542090e-02 0.000000000000000000e+00
1.010000000000000000e+04 4.039936603670200022e-01 4.915794264906691025e-01 3.509330905780609910e-01 1.376877560309512916e-01 1.979972690031861493e-02 0.000000000000000000e+00
1.015000000000000000e+04 4.059936289826984179e-01 4.855484751934456278e-01 3.608329540282202985e-01 1.357532999544833752e-01 1.786527082385070547e-02 0.000000000000000000e+00
1.020000000000000000e+04 4.079935975983766117e-01 4.758761948111060458e-01 3.682294037323622926e-01 1.396222121074192080e-01 1.627218934911242587e-02 0.000000000000000000e+00
1.025000000000000000e+04 4.099935662140548054e-01 4.690487027765134487e-01 3.779016841147018746e-01 1.335912608101957333e-01 1.945835229858898507e-02 0.000000000000000000e+00
1.030000000000000000e+04 4.119935348297332212e-01 4.731451979972690070e-01 3.813154301319982009e-01 1.240327719617660418e-01 2.139280837505689453e-02 1.137915339098771066e-04
1.035000000000000000e+04 4.139935034454116369e-01 4.679107874374146547e-01 3.879153390987710726e-01 1.271051433773327244e-01 1.706873008648156567e-02 0.000000000000000000e+00
1.040000000000000000e+04 4.159934720610898307e-01 4.635867091488393155e-01 3.933773327264451503e-01 1.253982703686845612e-01 1.763768775603095224e-02 0.000000000000000000e+00
1.045000000000000000e+04 4.179934406767680244e-01 4.557350933090578149e-01 3.958807464724624636e-01 1.324533454710969393e-01 1.593081474738279601e-02 0.000000000000000000e+00
1.050000000000000000e+04 4.199934092924464402e-01 4.506144742831133532e-01 3.990669094219390090e-01 1.351843422849340060e-01 1.513427401001365448e-02 0.000000000000000000e+00
1.055000000000000000e+04 4.219933779081248559e-01 4.510696404187528596e-01 4.019116977696859383e-01 1.312016385980883104e-01 1.581702321347291593e-02 0.000000000000000000e+00
1.060000000000000000e+04 4.239933465238030497e-01 4.441283568502503165e-01 4.105598543468366168e-01 1.309740555302685572e-01 1.433773327264451468e-02 0.000000000000000000e+00
1.065000000000000000e+04 4.259933151394812434e-01 4.425352753755120716e-01 4.096495220755576039e-01 1.331360946745562268e-01 1.456531634046426965e-02 1.137915339098771066e-04
1.070000000000000000e+04 4.279932837551596592e-01 4.489076012744651623e-01 4.056668183887118806e-01 1.296085571233500100e-01 1.581702321347291593e-02 0.000000000000000000e+00
1.075000000000000000e+04 4.299932523708382970e-01 4.523213472917614886e-01 4.114701866181156298e-01 1.258534365043240677e-01 1.035502958579881741e-02 0.000000000000000000e+00
1.080000000000000000e+04 4.319932209865162687e-01 4.392353208921256358e-01 4.149977241693217911e-01 1.314292216659080637e-01 1.433773327264451468e-02 0.000000000000000000e+00
1.085000000000000000e+04 4.339931896021944624e-01 4.382111970869367323e-01 4.118115612198452458e-01 1.349567592171142527e-01 1.502048247610377786e-02 0.000000000000000000e+00
1.090000000000000000e+04 4.359931582178731002e-01 4.449248975876194945e-01 4.072598998634501810e-01 1.339326354119253493e-01 1.388256713700500647e-02 0.000000000000000000e+00
1.095000000000000000e+04 4.379931268335515160e-01 4.428766499772416876e-01 4.128356850250341492e-01 1.296085571233500100e-01 1.467910787437414627e-02 0.000000000000000000e+00
1.100000000000000000e+04 4.399930954492297097e-01 4.375284478834774449e-01 4.208010923987255403e-01 1.293809740555302568e-01 1.228948566226672687e-02 0.000000000000000000e+00
1.105000000000000000e+04 4.419930640649079034e-01 4.376422394173873354e-01 4.182976786527082269e-01 1.312016385980883104e-01 1.285844333181611343e-02 0.000000000000000000e+00
1.110000000000000000e+04 4.439930326805863192e-01 4.351388256713700775e-01 4.169321802457897075e-01 1.350705507510241155e-01 1.285844333181611343e-02 0.000000000000000000e+00
1.115000000000000000e+04 4.459930012962647350e-01 4.337733272644515026e-01 4.128356850250341492e-01 1.413290851160673711e-01 1.206190259444697363e-02 0.000000000000000000e+00
1.120000000000000000e+04 4.479929699119429287e-01 4.319526627218934767e-01 4.132908511606736557e-01 1.409877105143377274e-01 1.376877560309512985e-02 0.000000000000000000e+00
1.125000000000000000e+04 4.499929385276211224e-01 4.312699135184342447e-01 4.099908966772872199e-01 1.421256258534364936e-01 1.661356395084205573e-02 0.000000000000000000e+00
1.130000000000000000e+04 4.519929071432995382e-01 4.342284934000910090e-01 4.110150204824761233e-01 1.422394173873463841e-01 1.251706873008648184e-02 0.000000000000000000e+00
1.135000000000000000e+04 4.539928757589779540e-01 4.345698680018206805e-01 4.094219390077378229e-01 1.404187528447883582e-01 1.558944014565316269e-02 0.000000000000000000e+00
