# itime ezz other fcc hcp bcc ico
0.000000000000000000e+00 0.000000000000000000e+00 9.103322712790168532e-04 9.990896677287209870e-01 0.000000000000000000e+00 0.000000000000000000e+00 0.000000000000000000e+00
2.500000000000000000e+02 9.999867673264883905e-04 6.827492034592626399e-04 9.993172507965407680e-01 0.000000000000000000e+00 0.000000000000000000e+00 0.000000000000000000e+00
5.000000000000000000e+02 1.999973534652754736e-03 2.275830678197542133e-04 9.997724169321802190e-01 0.000000000000000000e+00 0.000000000000000000e+00 0.000000000000000000e+00
7.500000000000000000e+02 2.999960301979243127e-03 1.479289940828402332e-03 9.985207100591716456e-01 0.000000000000000000e+00 0.000000000000000000e+00 0.000000000000000000e+00
1.000000000000000000e+03 3.999947069305731517e-03 3.413746017296313199e-04 9.996586253982703285e-01 0.000000000000000000e+00 0.000000000000000000e+00 0.000000000000000000e+00
1.250000000000000000e+03 4.999933836632219908e-03 9.103322712790168532e-04 9.990896677287209870e-01 0.000000000000000000e+00 0.000000000000000000e+00 0.000000000000000000e+00
1.500000000000000000e+03 5.999920603958486254e-03 5.689576695493854790e-04 9.994310423304506585e-01 0.000000000000000000e+00 0.000000000000000000e+00 0.000000000000000000e+00
1.750000000000000000e+03 6.999907371284974644e-03 1.024123805188893906e-03 9.989758761948110966e-01 0.000000000000000000e+00 0.000000000000000000e+00 0.000000000000000000e+00
2.000000000000000000e+03 7.999894138611463035e-03 1.024123805188893906e-03 9.989758761948110966e-01 0.000000000000000000e+00 0.000000000000000000e+00 0.000000000000000000e+00
2.250000000000000000e+03 8.999880905937951425e-03 1.365498406918525280e-03 9.985207100591716456e-01 0.000000000000000000e+00 1.137915339098771066e-04 0.000000000000000000e+00
2.500000000000000000e+03 9.999867673264217771e-03 9.103322712790168532e-04 9.990896677287209870e-01 0.000000000000000000e+00 0.000000000000000000e+00 0.000000000000000000e+00
2.750000000000000000e+03 1.099985444059070616e-02 1.137915339098770958e-03 9.988620846609012061e-01 0.000000000000000000e+00 0.000000000000000000e+00 0.000000000000000000e+00
3.000000000000000000e+03 1.199984120791719455e-02 1.024123805188893906e-03 9.989758761948110966e-01 0.000000000000000000e+00 0.000000000000000000e+00 0.000000000000000000e+00
3.250000000000000000e+03 1.299982797524346090e-02 9.103322712790168532e-04 9.989758761948110966e-01 0.000000000000000000e+00 1.137915339098771066e-04 0.000000000000000000e+00
3.500000000000000000e+03 1.399981474256994929e-02 3.299954483386436255e-03 9.967000455166135087e-01 0.000000000000000000e+00 0.000000000000000000e+00 0.000000000000000000e+00
3.750000000000000000e+03 1.499980150989643768e-02 1.365498406918525280e-03 9.986345015930814251e-01 0.000000000000000000e+00 0.000000000000000000e+00 0.000000000000000000e+00
4.000000000000000000e+03 1.599978827722292607e-02 4.437869822485207214e-03 9.954483386436049352e-01 0.000000000000000000e+00 1.137915339098771066e-04 0.000000000000000000e+00
4.250000000000000000e+03 1.699977504454919242e-02 9.103322712790168532e-04 9.990896677287209870e-01 0.000000000000000000e+00 0.000000000000000000e+00 0.000000000000000000e+00
4.500000000000000000e+03 1.799976181187568081e-02 1.024123805188893906e-03 9.989758761948110966e-01 0.000000000000000000e+00 0.000000000000000000e+00 0.000000000000000000e+00
4.750000000000000000e+03 1.899974857920216920e-02 2.048247610377787811e-03 9.978379608557123026e-01 0.000000000000000000e+00 1.137915339098771066e-04 0.000000000000000000e+00
5.000000000000000000e+03 1.999973534652865759e-02 1.820664542558033706e-03 9.981793354574419741e-01 0.000000000000000000e+00 0.000000000000000000e+00 0.000000000000000000e+00
5.250000000000000000e+03 2.099972211385492393e-02 3.527537551206190360e-03 9.964724624487938387e-01 0.000000000000000000e+00 0.000000000000000000e+00 0.000000000000000000e+00
5.500000000000000000e+03 2.199970888118141232e-02 2.389622212107419402e-03 9.976103777878926326e-01 0.000000000000000000e+00 0.000000000000000000e+00 0.000000000000000000e+00
5.750000000000000000e+03 2.299969564850790071e-02 5.689576695493854790e-04 9.994310423304506585e-01 0.000000000000000000e+00 0.000000000000000000e+00 0.000000000000000000e+00
6.000000000000000000e+03 2.399968241583416706e-02 1.706873008648156654e-03 9.981793354574419741e-01 0.000000000000000000e+00 1.137915339098771066e-04 0.000000000000000000e+00
6.250000000000000000e+03 2.499966918316065545e-02 1.479289940828402332e-03 9.985207100591716456e-01 0.000000000000000000e+00 0.000000000000000000e+00 0.000000000000000000e+00
6.500000000000000000e+03 2.599965595048714384e-02 1.479289940828402332e-03 9.985207100591716456e-01 0.000000000000000000e+00 0.000000000000000000e+00 0.000000000000000000e+00
6.750000000000000000e+03 2.699964271781363223e-02 1.706873008648156654e-03 9.980655439235320836e-01 0.000000000000000000e+00 2.275830678197542133e-04 0.000000000000000000e+00
7.000000000000000000e+03 2.799962948513989858e-02 4.779244424214838804e-03 9.949931725079653733e-01 0.000000000000000000e+00 2.275830678197542133e-04 0.000000000000000000e+00
7.250000000000000000e+03 2.899961625246638697e-02 2.503413746017296455e-03 9.974965862539827421e-01 0.000000000000000000e+00 0.000000000000000000e+00 0.000000000000000000e+00
7.500000000000000000e+03 2.999960301979287536e-02 2.389622212107419402e-03 9.974965862539827421e-01 0.000000000000000000e+00 1.137915339098771066e-04 0.000000000000000000e+00
7.750000000000000000e+03 3.099958978711914170e-02 2.048247610377787811e-03 9.979517523896221931e-01 0.000000000000000000e+00 0.000000000000000000e+00 0.000000000000000000e+00
8.000000000000000000e+03 3.199957655444563009e-02 4.665452890304961318e-03 9.949931725079653733e-01 0.000000000000000000e+00 3.413746017296313199e-04 0.000000000000000000e+00
8.250000000000000000e+03 3.299956332177211848e-02 3.755120619025944465e-03 9.961310878470641672e-01 0.000000000000000000e+00 1.137915339098771066e-04 0.000000000000000000e+00
8.500000000000000000e+03 3.399955008909860688e-02 3.868912152935821518e-03 9.960172963131542767e-01 0.000000000000000000e+00 1.137915339098771066e-04 0.000000000000000000e+00
8.750000000000000000e+03 3.499953685642487322e-02 4.551661356395083832e-03 9.954483386436049352e-01 0.000000000000000000e+00 0.000000000000000000e+00 0.000000000000000000e+00
9.000000000000000000e+03 3.599952362375136161e-02 5.803368229403732710e-03 9.939690487027764698e-01 0.000000000000000000e+00 2.275830678197542133e-04 0.000000000000000000e+00
9.250000000000000000e+03 3.699951039107785000e-02 6.030951297223486815e-03 9.938552571688666903e-01 0.000000000000000000e+00 1.137915339098771066e-04 0.000000000000000000e+00
9.500000000000000000e+03 3.799949715840433839e-02 4.437869822485207214e-03 9.954483386436049352e-01 0.000000000000000000e+00 1.137915339098771066e-04 0.000000000000000000e+00
9.750000000000000000e+03 3.899948392573060474e-02 7.965407373691398007e-03 9.920345926263085534e-01 0.000000000000000000e+00 0.000000000000000000e+00 0.000000000000000000e+00
1.000000000000000000e+04 3.999947069305709313e-02 9.217114246700046018e-03 9.906690942193900895e-01 0.000000000000000000e+00 1.137915339098771066e-04 0.000000000000000000e+00
1.025000000000000000e+04 4.099945746038358152e-02 6.258534365043240920e-03 9.937414656349567998e-01 0.000000000000000000e+00 0.000000000000000000e+00 0.000000000000000000e+00
1.050000000000000000e+04 4.199944422770984787e-02 7.851615839781519654e-03 9.916932180245789930e-01 0.000000000000000000e+00 4.551661356395084266e-04 0.000000000000000000e+00
1.075000000000000000e+04 4.299943099503633626e-02 5.689576695493855224e-03 9.941966317705962508e-01 0.000000000000000000e+00 1.137915339098771066e-04 0.000000000000000000e+00
1.100000000000000000e+04 4.399941776236282465e-02 1.285844333181611343e-02 9.866863905325443662e-01 0.000000000000000000e+00 4.551661356395084266e-04 0.000000000000000000e+00
1.125000000000000000e+04 4.499940452968931304e-02 1.581702321347291593e-02 9.836140191169776559e-01 0.000000000000000000e+00 5.689576695493854790e-04 0.000000000000000000e+00
1.150000000000000000e+04 4.599939129701557938e-02 9.899863450159307465e-03 9.898725534820209671e-01 0.000000000000000000e+00 2.275830678197542133e-04 0.000000000000000000e+00
1.175000000000000000e+04 4.699937806434206777e-02 8.534365043240782836e-03 9.912380518889394310e-01 0.000000000000000000e+00 2.275830678197542133e-04 0.000000000000000000e+00
1.200000000000000000e+04 4.799936483166855616e-02 1.354119253527537488e-02 9.857760582612653533e-01 0.000000000000000000e+00 6.827492034592626399e-04 0.000000000000000000e+00
1.225000000000000000e+04 4.899935159899504455e-02 1.627218934911242587e-02 9.830450614474283144e-01 0.000000000000000000e+00 6.827492034592626399e-04 0.000000000000000000e+00
1.250000000000000000e+04 4.999933836632131090e-02 1.012744651797906244e-02 9.895311788802912956e-01 0.000000000000000000e+00 3.413746017296313199e-04 0.000000000000000000e+00
1.275000000000000000e+04 5.099932513364779929e-02 1.365498406918525323e-02 9.858898497951752438e-01 0.000000000000000000e+00 4.551661356395084266e-04 0.000000000000000000e+00
1.300000000000000000e+04 5.199931190097428768e-02 1.786527082385070547e-02 9.811106053709603980e-01 0.000000000000000000e+00 1.024123805188893906e-03 0.000000000000000000e+00
1.325000000000000000e+04 5.299929866830055403e-02 1.695493855257168905e-02 9.821347291761493015e-01 0.000000000000000000e+00 9.103322712790168532e-04 0.000000000000000000e+00
1.350000000000000000e+04 5.399928543562704242e-02 2.082385070550751144e-02 9.784934000910332497e-01 0.000000000000000000e+00 6.827492034592626399e-04 0.000000000000000000e+00
1.375000000000000000e+04 5.499927220295353081e-02 1.832043695949021542e-02 9.808830223031406170e-01 0.000000000000000000e+00 7.965407373691396923e-04 0.000000000000000000e+00
1.400000000000000000e+04 5.599925897028001920e-02 2.059626763768775473e-02 9.786071916249431402e-01 0.000000000000000000e+00 7.965407373691396923e-04 0.000000000000000000e+00
1.425000000000000000e+04 5.699924573760628554e-02 2.332726445152480746e-02 9.748520710059171979e-01 0.000000000000000000e+00 1.820664542558033706e-03 0.000000000000000000e+00
1.450000000000000000e+04 5.799923250493277394e-02 2.378243058716431393e-02 9.754210286754665393e-01 0.000000000000000000e+00 7.965407373691396923e-04 0.000000000000000000e+00
1.475000000000000000e+04 5.899921927225926233e-02 2.241693218024579104e-02 9.764451524806554428e-01 0.000000000000000000e+00 1.137915339098770958e-03 0.000000000000000000e+00
1.500000000000000000e+04 5.999920603958575072e-02 2.605826126536185672e-02 9.712107419208011461e-01 0.000000000000000000e+00 2.730996813837050560e-03 0.000000000000000000e+00
1.525000000000000000e+04 6.099919280691201706e-02 2.833409194355939950e-02 9.700728265817023521e-01 0.000000000000000000e+00 1.593081474738279385e-03 0.000000000000000000e+00
1.550000000000000000e+04 6.199917957423850545e-02 3.208921256258534527e-02 9.666590805644059703e-01 0.000000000000000000e+00 1.251706873008648227e-03 0.000000000000000000e+00
1.575000000000000000e+04 6.299916634156499384e-02 2.810650887573964626e-02 9.704142011834319126e-01 0.000000000000000000e+00 1.479289940828402332e-03 0.000000000000000000e+00
1.600000000000000000e+04 6.399915310889126019e-02 3.356850250341374825e-02 9.650659990896677254e-01 0.000000000000000000e+00 1.365498406918525280e-03 0.000000000000000000e+00
1.625000000000000000e+04 6.499913987621774858e-02 4.335457441966317910e-02 9.545971779699590209e-01 0.000000000000000000e+00 2.048247610377787811e-03 0.000000000000000000e+00
1.650000000000000000e+04 6.599912664354423697e-02 4.005461993627674328e-02 9.571005917159762788e-01 0.000000000000000000e+00 2.844788347746927612e-03 0.000000000000000000e+00
1.675000000000000000e+04 6.699911341087072536e-02 4.392353208921256219e-02 9.527765134274009950e-01 0.000000000000000000e+00 3.299954483386436255e-03 0.000000000000000000e+00
1.700000000000000000e+04 6.799910017819699171e-02 4.244424214838415921e-02 9.545971779699590209e-01 0.000000000000000000e+00 2.958579881656804664e-03 0.000000000000000000e+00
1.725000000000000000e+04 6.899908694552348010e-02 4.403732362312243881e-02 9.520937642239417631e-01 0.000000000000000000e+00 3.868912152935821518e-03 0.000000000000000000e+00
1.750000000000000000e+04 6.999907371284996849e-02 6.235776058261265076e-02 9.336595357305416121e-01 0.000000000000000000e+00 3.982703686845699004e-03 0.000000000000000000e+00
1.775000000000000000e+04 7.099906048017645688e-02 5.461993627674101293e-02 9.424214838416021811e-01 0.000000000000000000e+00 2.958579881656804664e-03 0.000000000000000000e+00
1.800000000000000000e+04 7.199904724750272322e-02 5.109239872553481693e-02 9.451524806554392200e-01 0.000000000000000000e+00 3.755120619025944465e-03 0.000000000000000000e+00
1.825000000000000000e+04 7.299903401482921161e-02 5.518889394629039602e-02 9.390077378243059103e-01 0.000000000000000000e+00 5.803368229403732710e-03 0.000000000000000000e+00
1.850000000000000000e+04 7.399902078215570000e-02 6.144742831133363781e-02 9.335457441966317216e-01 0.000000000000000000e+00 5.006827492034592909e-03 0.000000000000000000e+00
1.875000000000000000e+04 7.499900754948196635e-02 7.123350022758306865e-02 9.239872553482021411e-01 0.000000000000000000e+00 4.779244424214838804e-03 0.000000000000000000e+00
1.900000000000000000e+04 7.599899431680845474e-02 7.646791078743742087e-02 9.156804733727810230e-01 0.000000000000000000e+00 7.851615839781519654e-03 0.000000000000000000e+00
1.925000000000000000e+04 7.699898108413494313e-02 9.968138370505234824e-02 8.891670459717796460e-01 0.000000000000000000e+00 1.115157032316795548e-02 0.000000000000000000e+00
1.950000000000000000e+04 7.799896785146143152e-02 1.058261265361857134e-01 8.747155211652253293e-01 0.000000000000000000e+00 1.945835229858898507e-02 0.000000000000000000e+00
1.975000000000000000e+04 7.899895461878769787e-02 9.831588529813381494e-02 8.888256713700500855e-01 0.000000000000000000e+00 1.285844333181611343e-02 0.000000000000000000e+00
2.000000000000000000e+04 7.999894138611418626e-02 1.246017296313154249e-01 8.548020027309968238e-01 0.000000000000000000e+00 2.059626763768775473e-02 0.000000000000000000e+00
2.025000000000000000e+04 8.099892815344067465e-02 1.293809740555302568e-01 8.493400091033227461e-01 0.000000000000000000e+00 2.127901684114701791e-02 0.000000000000000000e+00
2.050000000000000000e+04 8.199891492076716304e-02 1.681838871187983642e-01 7.880063723258989850e-01 0.000000000000000000e+00 4.380974055530268557e-02 0.000000000000000000e+00
2.075000000000000000e+04 8.299890168809342939e-02 1.898042785616750050e-01 7.370277651342740377e-01 6.030951297223486815e-03 6.713700500682749650e-02 0.000000000000000000e+00
2.100000000000000000e+04 8.399888845541991778e-02 2.045971779699590487e-01 6.931042330450614131e-01 1.081019572143832562e-02 9.148839326354119006e-02 0.000000000000000000e+00
2.125000000000000000e+04 8.499887522274640617e-02 2.111970869367319203e-01 6.722803823395538947e-01 1.365498406918525323e-02 1.028675466545289074e-01 0.000000000000000000e+00
2.150000000000000000e+04 8.599886199007267251e-02 2.319071461083295482e-01 6.321119708693673234e-01 1.149294492489758707e-02 1.244879380974055483e-01 0.000000000000000000e+00
2.175000000000000000e+04 8.699884875739916090e-02 2.383932635411925294e-01 5.904642694583522866e-01 3.732362312243969055e-02 1.338188438780154865e-01 0.000000000000000000e+00
2.200000000000000000e+04 8.799883552472564929e-02 2.346381429221665871e-01 5.795402822030041312e-01 7.749203459262631044e-02 1.083295402822029990e-01 0.000000000000000000e+00
2.225000000000000000e+04 8.899882229205213768e-02 2.234865725989986229e-01 5.646335912608101415e-01 1.260810195721438209e-01 8.579881656804733137e-02 0.000000000000000000e+00
2.250000000000000000e+04 8.999880905937840403e-02 2.036868456986800080e-01 5.502958579881657153e-01 1.695493855257168836e-01 7.646791078743742087e-02 0.000000000000000000e+00
2.275000000000000000e+04 9.099879582670489242e-02 1.515703231679562946e-01 5.696404187528447682e-01 2.364588074647246130e-01 4.233045061447428259e-02 0.000000000000000000e+00
2.300000000000000000e+04 9.199878259403138081e-02 1.291533909877105035e-01 5.669094219390077294e-01 2.756030951297223641e-01 2.833409194355939950e-02 0.000000000000000000e+00
2.325000000000000000e+04 9.299876936135764716e-02 1.091260810195721492e-01 5.735093309057806010e-01 2.853891670459717811e-01 3.197542102867546865e-02 0.000000000000000000e+00
2.350000000000000000e+04 9.399875612868413555e-02 1.098088302230314089e-01 5.758989531178880794e-01 2.820892125625853453e-01 3.220300409649522189e-02 0.000000000000000000e+00
2.375000000000000000e+04 9.499874289601062394e-02 1.125398270368684617e-01 5.772644515248065433e-01 2.799271734182977034e-01 3.026854802002730896e-02 0.000000000000000000e+00
2.400000000000000000e+04 9.599872966333711233e-02 1.201638598088302229e-01 5.677059626763768518e-01 2.826581702321347422e-01 2.947200728265816916e-02 0.000000000000000000e+00
2.425000000000000000e+04 9.699871643066337867e-02 1.259672280382339582e-01 5.591715976331360638e-01 2.810650887573964418e-01 3.379608557123350149e-02 0.000000000000000000e+00
2.450000000000000000e+04 9.799870319798986706e-02 1.337050523441055960e-01 5.541647701411015481e-01 2.802685480200273194e-01 3.186162949476559203e-02 0.000000000000000000e+00
2.475000000000000000e+04 9.899868996531635545e-02 1.284706417842512438e-01 5.527992717341829731e-01 2.812926718252162228e-01 3.743741465634956717e-02 0.000000000000000000e+00
2.500000000000000000e+04 9.999867673264284385e-02 1.306326809285389134e-01 5.542785616750113276e-01 2.833409194355939742e-01 3.174783796085571541e-02 0.000000000000000000e+00
2.525000000000000000e+04 1.009986634999691102e-01 1.412152935821574806e-01 5.463131543013199920e-01 2.745789713245334607e-01 3.789258079198907364e-02 0.000000000000000000e+00
2.550000000000000000e+04 1.019986502672955986e-01 1.535047792444242110e-01 5.273099681383704995e-01 2.759444697314519801e-01 4.324078288575330248e-02 0.000000000000000000e+00
2.575000000000000000e+04 1.029986370346220870e-01 1.533909877105143482e-01 5.284478834774692935e-01 2.703686845698680119e-01 4.779244424214838111e-02 0.000000000000000000e+00
2.600000000000000000e+04 1.039986238019483533e-01 1.727355484751934567e-01 5.120619025944469493e-01 2.709376422394174089e-01 4.426490669094219205e-02 0.000000000000000000e+00
2.625000000000000000e+04 1.049986105692748417e-01 1.634046426945835184e-01 5.119481110605370588e-01 2.692307692307692180e-01 5.541647701411014926e-02 0.000000000000000000e+00
2.650000000000000000e+04 1.059985973366013301e-01 1.834319526627218866e-01 4.952207555757851543e-01 2.637687756030951403e-01 5.757851615839781195e-02 0.000000000000000000e+00
2.675000000000000000e+04 1.069985841039278185e-01 1.786527082385070686e-01 4.939690487027765253e-01 2.645653163404642627e-01 6.281292671825215723e-02 0.000000000000000000e+00
2.700000000000000000e+04 1.079985708712540848e-01 2.022075557578516258e-01 4.621074192080109055e-01 2.563723258989530907e-01 7.931269913518433634e-02 0.000000000000000000e+00
2.725000000000000000e+04 1.089985576385805732e-01 1.985662266727355463e-01 4.527765134274009950e-01 2.658170232134728916e-01 8.284023668639053928e-02 0.000000000000000000e+00
2.750000000000000000e+04 1.099985444059070616e-01 1.964041875284478766e-01 4.494765589440145592e-01 2.683204369594902050e-01 8.579881656804733137e-02 0.000000000000000000e+00
2.775000000000000000e+04 1.109985311732335500e-01 2.001593081474738189e-01 4.390077378243058548e-01 2.645653163404642627e-01 9.626763768775603580e-02 0.000000000000000000e+00
2.800000000000000000e+04 1.119985179405598164e-01 2.149522075557578626e-01 4.094219390077378229e-01 2.675238962221210826e-01 1.081019572143832458e-01 0.000000000000000000e+00
2.825000000000000000e+04 1.129985047078863047e-01 2.394173873463814328e-01 3.831360946745562268e-01 2.488620846609012338e-01 1.285844333181611343e-01 0.000000000000000000e+00
2.850000000000000000e+04 1.139984914752127931e-01 2.573964497041419941e-01 3.524123805188894010e-01 2.396449704142011861e-01 1.505461993627674189e-01 0.000000000000000000e+00
2.875000000000000000e+04 1.149984782425390595e-01 2.675238962221210826e-01 3.268092853891670369e-01 2.320209376422394110e-01 1.736458807464724696e-01 0.000000000000000000e+00
2.900000000000000000e+04 1.159984650098655479e-01 2.529585798816568198e-01 3.031406463359125891e-01 2.374829312699135164e-01 2.064178425125170746e-01 0.000000000000000000e+00
2.925000000000000000e+04 1.169984517771920363e-01 2.642239417387346467e-01 3.072371415566682029e-01 2.373691397360036537e-01 1.911697769685935244e-01 0.000000000000000000e+00
2.950000000000000000e+04 1.179984385445185247e-01 2.523896222121074229e-01 3.227127901684114786e-01 2.505689576695493970e-01 1.743286299499317293e-01 0.000000000000000000e+00
2.975000000000000000e+04 1.189984253118447910e-01 2.630860263996358528e-01 3.526399635867091265e-01 2.583067819754210070e-01 1.259672280382339582e-01 0.000000000000000000e+00
3.000000000000000000e+04 1.199984120791712794e-01 2.083522985889849910e-01 4.614246700045516736e-01 2.715065999089667503e-01 5.871643149749658508e-02 0.000000000000000000e+00
3.025000000000000000e+04 1.209983988464977678e-01 1.484979517523896120e-01 5.242375967228037892e-01 2.934683659535730627e-01 3.379608557123350149e-02 0.000000000000000000e+00
3.050000000000000000e+04 1.219983856138242562e-01 1.330223031406463363e-01 5.359581247155211781e-01 2.961993627674101015e-01 3.482020937642239106e-02 0.000000000000000000e+00
3.075000000000000000e+04 1.229983723811505225e-01 1.274465179790623681e-01 5.408511606736459143e-01 3.026854802002730827e-01 2.901684114701866268e-02 0.000000000000000000e+00
3.100000000000000000e+04 1.239983591484770109e-01 1.255120619025944517e-01 5.440373236231224041e-01 3.056440600819299025e-01 2.480655439235321044e-02 0.000000000000000000e+00
3.125000000000000000e+04 1.249983459158034993e-01 1.345015930814747462e-01 5.375512061902594230e-01 2.939235320892125691e-01 3.402366863905325473e-02 0.000000000000000000e+00
3.150000000000000000e+04 1.259983326831297656e-01 1.256258534365043145e-01 5.380063723258989850e-01 3.007510241238051663e-01 3.561675011379153433e-02 0.000000000000000000e+00
3.175000000000000000e+04 1.269983194504562540e-01 1.348429676832043622e-01 5.253755120619025831e-01 3.046199362767409990e-01 3.516158397815202785e-02 0.000000000000000000e+00
3.200000000000000000e+04 1.279983062177827424e-01 1.346153846153846090e-01 5.221893491124259823e-01 3.031406463359125891e-01 4.005461993627674328e-02 0.000000000000000000e+00
3.225000000000000000e+04 1.289982929851092308e-01 1.390532544378698110e-01 5.262858443331815961e-01 2.992717341829768118e-01 3.538916704597178109e-02 0.000000000000000000e+00
3.250000000000000000e+04 1.299982797524354972e-01 1.406463359126081114e-01 5.190031861629494925e-01 3.047337278106508895e-01 3.561675011379153433e-02 0.000000000000000000e+00
3.275000000000000000e+04 1.309982665197619855e-01 1.390532544378698110e-01 5.208238507055075184e-01 3.054164770141101770e-01 3.470641784251251444e-02 0.000000000000000000e+00
3.300000000000000000e+04 1.319982532870884739e-01 1.423532089212562468e-01 5.192307692307692735e-01 3.029130632680928636e-01 3.550295857988165771e-02 0.000000000000000000e+00
3.325000000000000000e+04 1.329982400544149623e-01 1.395084205735093175e-01 5.230996813837051063e-01 3.005234410559854408e-01 3.686845698680018407e-02 0.000000000000000000e+00
3.350000000000000000e+04 1.339982268217412287e-01 1.421256258534364936e-01 5.134274010013655243e-01 3.079198907601274349e-01 3.652708238507055422e-02 0.000000000000000000e+00
3.375000000000000000e+04 1.349982135890677171e-01 1.404187528447883582e-01 5.126308602639964018e-01 3.073509330905780379e-01 3.959945380063722986e-02 0.000000000000000000e+00
3.400000000000000000e+04 1.359982003563942055e-01 1.434911242603550408e-01 4.918070095584888279e-01 3.284023668639053373e-01 3.629949931725079404e-02 0.000000000000000000e+00
3.425000000000000000e+04 1.369981871237204718e-01 1.370050068274920319e-01 4.564178425125170468e-01 3.817705962676377074e-01 2.480655439235321044e-02 0.000000000000000000e+00
3.450000000000000000e+04 1.379981738910469602e-01 1.322257624032771861e-01 4.258079198907601115e-01 4.187528447883477334e-01 2.321347291761493084e-02 0.000000000000000000e+00
3.475000000000000000e+04 1.389981606583734486e-01 1.234638142922166587e-01 4.283113336367774249e-01 4.270596267637687959e-01 2.116522530723714129e-02 0.000000000000000000e+00
3.500000000000000000e+04 1.399981474256999370e-01 1.216431497496586189e-01 4.242148384160218666e-01 4.255803368229403860e-01 2.856167501137915274e-02 0.000000000000000000e+00
3.525000000000000000e+04 1.409981341930262033e-01 1.280154756486117373e-01 4.189804278561675144e-01 4.229631315430131822e-01 3.004096495220755572e-02 0.000000000000000000e+00
3.550000000000000000e+04 1.419981209603526917e-01 1.209604005461993592e-01 4.260355029585798925e-01 4.233045061447428536e-01 2.969959035047792587e-02 0.000000000000000000e+00
3.575000000000000000e+04 1.429981077276791801e-01 1.313154301319981732e-01 4.205735093309057593e-01 4.186390532544378429e-01 2.947200728265816916e-02 0.000000000000000000e+00
3.600000000000000000e+04 1.439980944950056685e-01 1.339326354119253493e-01 4.231907146108329631e-01 4.176149294492489950e-01 2.526172052799271692e-02 0.000000000000000000e+00
3.625000000000000000e+04 1.449980812623319348e-01 1.343878015475648557e-01 4.089667728720983164e-01 4.203459262630860338e-01 3.629949931725079404e-02 0.000000000000000000e+00
3.650000000000000000e+04 1.459980680296584232e-01 1.315430131998179264e-01 4.173873463814292140e-01 4.184114701866181174e-01 3.265817023213472836e-02 0.000000000000000000e+00
3.675000000000000000e+04 1.469980547969849116e-01 1.378015475648611821e-01 4.119253527537551363e-01 4.127218934911242587e-01 3.755120619025944378e-02 0.000000000000000000e+00
3.700000000000000000e+04 1.479980415643111780e-01 1.339326354119253493e-01 4.130632680928538747e-01 4.175011379153391045e-01 3.550295857988165771e-02 0.000000000000000000e+00
3.725000000000000000e+04 1.489980283316376664e-01 1.372325898953117851e-01 4.143149749658625591e-01 4.167045971779699820e-01 3.174783796085571541e-02 0.000000000000000000e+00
3.750000000000000000e+04 1.499980150989641547e-01 1.335912608101957333e-01 4.152253072371415721e-01 4.173873463814292140e-01 3.379608557123350149e-02 0.000000000000000000e+00
3.775000000000000000e+04 1.509980018662906431e-01 1.415566681838871244e-01 4.127218934911242587e-01 4.101046882111971104e-01 3.561675011379153433e-02 0.000000000000000000e+00
3.800000000000000000e+04 1.519979886336169095e-01 1.464497041420118328e-01 4.146563495675921751e-01 4.053254437869822646e-01 3.356850250341374825e-02 0.000000000000000000e+00
3.825000000000000000e+04 1.529979754009433979e-01 1.449704142011834229e-01 4.105598543468366168e-01 4.129494765589440397e-01 3.152025489303595523e-02 0.000000000000000000e+00
3.850000000000000000e+04 1.539979621682698863e-01 1.521392808375056915e-01 4.045289030496130867e-01 4.045289030496130867e-01 3.880291306326809353e-02 0.000000000000000000e+00
3.875000000000000000e+04 1.549979489355961526e-01 1.486117432862995025e-01 4.058944014565316616e-01 4.087391898042785354e-01 3.675466545289030745e-02 0.000000000000000000e+00
3.900000000000000000e+04 1.559979357029226410e-01 1.606736458807464796e-01 3.965634956759216956e-01 4.045289030496130867e-01 3.823395539371871044e-02 0.000000000000000000e+00
3.925000000000000000e+04 1.569979224702491294e-01 1.577150659990896597e-01 4.028220300409649512e-01 4.060081929904414966e-01 3.345471096950387163e-02 0.000000000000000000e+00
3.950000000000000000e+04 1.579979092375756178e-01 1.569185252617205373e-01 3.979289940828402150e-01 4.020254893035958288e-01 4.312699135184342586e-02 0.000000000000000000e+00
3.975000000000000000e+04 1.589978960049018841e-01 1.543013199817933612e-01 4.006599908966773094e-01 4.037323623122439642e-01 4.130632680928538608e-02 0.000000000000000000e+00
4.000000000000000000e+04 1.599978827722283725e-01 1.629494765589440120e-01 4.013427401001365413e-01 3.934911242603550408e-01 4.221665908056440597e-02 0.000000000000000000e+00
4.025000000000000000e+04 1.609978695395548609e-01 1.604460628129267263e-01 3.925807919890760278e-01 4.047564861174328676e-01 4.221665908056440597e-02 0.000000000000000000e+00
4.050000000000000000e+04 1.619978563068813493e-01 1.694355939918070209e-01 3.904187528447883304e-01 4.006599908966773094e-01 3.948566226672735324e-02 0.000000000000000000e+00
4.075000000000000000e+04 1.629978430742076156e-01 1.728493400091033194e-01 3.890532544378698110e-01 3.936049157942649313e-01 4.449248975876194528e-02 0.000000000000000000e+00
4.100000000000000000e+04 1.639978298415341040e-01 1.754665452890304955e-01 3.942876649977241632e-01 3.845015930814747462e-01 4.574419663177059503e-02 0.000000000000000000e+00
4.125000000000000000e+04 1.649978166088605924e-01 1.808147473827947105e-01 3.860946745562129911e-01 3.895084205735093175e-01 4.358215748748293233e-02 0.000000000000000000e+00
4.150000000000000000e+04 1.659978033761868588e-01 1.899180700955848955e-01 3.780154756486117651e-01 3.843878015475648557e-01 4.767865270823850449e-02 0.000000000000000000e+00
4.175000000000000000e+04 1.669977901435133472e-01 1.942421483841602070e-01 3.691397360036413056e-01 3.841602184797451303e-01 5.245789713245334329e-02 0.000000000000000000e+00
4.200000000000000000e+04 1.679977769108398356e-01 1.844560764679107900e-01 3.776741010468820936e-01 3.831360946745562268e-01 5.473372781065088954e-02 0.000000000000000000e+00
4.225000000000000000e+04 1.689977636781663239e-01 2.030040964952207483e-01 3.669776968593536637e-01 3.749431042330450548e-01 5.507510241238051940e-02 0.000000000000000000e+00
4.250000000000000000e+04 1.699977504454925903e-01 2.139280837505689592e-01 3.633363677742376119e-01 3.640191169776968438e-01 5.871643149749658508e-02 0.000000000000000000e+00
4.275000000000000000e+04 1.709977372128190787e-01 2.175694128356850388e-01 3.565088757396449592e-01 3.674328629949931702e-01 5.848884842967683184e-02 0.000000000000000000e+00
4.300000000000000000e+04 1.719977239801455671e-01 2.142694583522985752e-01 3.528675466545289074e-01 3.635639508420573374e-01 6.929904415111515226e-02 0.000000000000000000e+00
4.325000000000000000e+04 1.729977107474720555e-01 2.313381884387801513e-01 3.462676376877560358e-01 3.515020482476103880e-01 7.089212562585343880e-02 0.000000000000000000e+00
4.350000000000000000e+04 1.739976975147983218e-01 2.467000455166135642e-01 3.197542102867546587e-01 3.503641329085115941e-01 8.318161128812016913e-02 0.000000000000000000e+00
4.375000000000000000e+04 1.749976842821248102e-01 2.512517068730086289e-01 3.104233045061447482e-01 3.423987255348202030e-01 9.592626308602640595e-02 0.000000000000000000e+00
4.400000000000000000e+04 1.759976710494512986e-01 2.712790168411470249e-01 2.956304050978607045e-01 3.477469276285844457e-01 8.534365043240782489e-02 0.000000000000000000e+00
4.425000000000000000e+04 1.769976578167775649e-01 2.655894401456531662e-01 2.795857988165680319e-01 3.508192990441511006e-01 1.040054619936276736e-01 0.000000000000000000e+00
4.450000000000000000e+04 1.779976445841040533e-01 2.622894856622667303e-01 2.639963586709148657e-01 3.781292671825216001e-01 9.558488848429676221e-02 0.000000000000000000e+00
4.475000000000000000e+04 1.789976313514305417e-01 2.734410559854346667e-01 2.465862539827036737e-01 3.683431952662721831e-01 1.116294947655894348e-01 0.000000000000000000e+00
4.500000000000000000e+04 1.799976181187570301e-01 2.905097860719162428e-01 2.358898497951752438e-01 3.648156577150660218e-01 1.087847064178425194e-01 0.000000000000000000e+00
4.525000000000000000e+04 1.809976048860832964e-01 2.932407828857532817e-01 2.239417387346381294e-01 3.739189804278561513e-01 1.088984979517523960e-01 0.000000000000000000e+00
4.550000000000000000e+04 1.819975916534097848e-01 3.091715976331361193e-01 2.184797451069640517e-01 3.702776513427400995e-01 1.020710059171597572e-01 0.000000000000000000e+00
4.575000000000000000e+04 1.829975784207362732e-01 3.179335457441966328e-01 2.115384615384615363e-01 3.609467455621301890e-01 1.095812471552116557e-01 0.000000000000000000e+00
4.600000000000000000e+04 1.839975651880627616e-01 3.197542102867546587e-01 1.976558944014565333e-01 3.684569868001820736e-01 1.141329085116067343e-01 0.000000000000000000e+00
4.625000000000000000e+04 1.849975519553890280e-01 3.133818843878015681e-01 1.834319526627218866e-01 3.814292216659080359e-01 1.217569412835685094e-01 0.000000000000000000e+00
4.650000000000000000e+04 1.859975387227155164e-01 3.043923532089212736e-01 1.834319526627218866e-01 3.924670004551661373e-01 1.197086936731907164e-01 0.000000000000000000e+00
4.675000000000000000e+04 1.869975254900420047e-01 3.165680473372781134e-01 1.844560764679107900e-01 3.962221210741920796e-01 1.027537551206190308e-01 0.000000000000000000e+00
4.700000000000000000e+04 1.879975122573682711e-01 3.116750113791533772e-01 1.796768320436959443e-01 3.870050068274920596e-01 1.216431497496586189e-01 0.000000000000000000e+00
4.725000000000000000e+04 1.889974990246947595e-01 3.170232134729176199e-01 1.803595812471552040e-01 3.954255803368229572e-01 1.071916249431042328e-01 0.000000000000000000e+00
4.750000000000000000e+04 1.899974857920212479e-01 3.213472917614929592e-01 1.748975876194810986e-01 3.956531634046426826e-01 1.081019572143832458e-01 0.000000000000000000e+00
4.775000000000000000e+04 1.909974725593477363e-01 3.155439235320892100e-01 1.694355939918070209e-01 3.978152025489303800e-01 1.172052799271734169e-01 0.000000000000000000e+00
4.800000000000000000e+04 1.919974593266740026e-01 3.187300864815657553e-01 1.657942649066909413e-01 3.973600364132908735e-01 1.181156121984524299e-01 0.000000000000000000e+00
4.825000000000000000e+04 1.929974460940004910e-01 3.225989986345015881e-01 1.590805644060081792e-01 3.945152480655439442e-01 1.238051888939462886e-01 0.000000000000000000e+00
4.850000000000000000e+04 1.939974328613269794e-01 3.249886208466090110e-01 1.561219845243513871e-01 4.012289485662266508e-01 1.176604460628129234e-01 0.000000000000000000e+00
4.875000000000000000e+04 1.949974196286534678e-01 3.367091488393263443e-01 1.538461538461538547e-01 3.925807919890760278e-01 1.168639053254437871e-01 0.000000000000000000e+00
4.900000000000000000e+04 1.959974063959797341e-01 3.483158852981338427e-01 1.416704597177969871e-01 3.929221665908056438e-01 1.170914883932635403e-01 0.000000000000000000e+00
4.925000000000000000e+04 1.969973931633062225e-01 3.329540282203004020e-01 1.433773327264451503e-01 3.917842512517068498e-01 1.318843878015475701e-01 0.000000000000000000e+00
4.950000000000000000e+04 1.979973799306327109e-01 3.323850705507510050e-01 1.421256258534364936e-01 3.929221665908056438e-01 1.325671370050068298e-01 0.000000000000000000e+00
4.975000000000000000e+04 1.989973666979589773e-01 3.380746472462448637e-01 1.346153846153846090e-01 3.914428766499772339e-01 1.358670914883932657e-01 0.000000000000000000e+00
5.000000000000000000e+04 1.999973534652854656e-01 3.445607646791079004e-01 1.310878470641784199e-01 3.936049157942649313e-01 1.307464724624488039e-01 0.000000000000000000e+00
5.025000000000000000e+04 2.009973402326119540e-01 3.559399180700955623e-01 1.103777878925807920e-01 3.885980883022303045e-01 1.450842057350933134e-01 0.000000000000000000e+00
5.050000000000000000e+04 2.019973269999384424e-01 3.583295402822029851e-01 1.052571688666363164e-01 3.977014110150204895e-01 1.387118798361401950e-01 0.000000000000000000e+00
5.075000000000000000e+04 2.029973137672647088e-01 3.477469276285844457e-01 1.062812926718252199e-01 4.033909877105143482e-01 1.425807919890760000e-01 0.000000000000000000e+00
5.100000000000000000e+04 2.039973005345911972e-01 3.499089667728720876e-01 9.512972234865725574e-02 4.292216659080564378e-01 1.257396449704142050e-01 0.000000000000000000e+00
5.125000000000000000e+04 2.049972873019176856e-01 3.455848884842967483e-01 9.592626308602640595e-02 4.453800637232590010e-01 1.131087847064178448e-01 0.000000000000000000e+00
5.150000000000000000e+04 2.059972740692441739e-01 3.427401001365498190e-01 9.842967683204369156e-02 4.485662266727355463e-01 1.102639963586709154e-01 0.000000000000000000e+00
5.175000000000000000e+04 2.069972608365704403e-01 3.367091488393263443e-01 9.774692762858443185e-02 4.569868001820664438e-01 1.085571233500227523e-01 0.000000000000000000e+00
5.200000000000000000e+04 2.079972476038969287e-01 3.422849340009103125e-01 1.043468365953573035e-01 4.584660901228948537e-01 9.490213928083750250e-02 0.000000000000000000e+00
5.225000000000000000e+04 2.089972343712234171e-01 3.375056895766954668e-01 9.797451069640418508e-02 4.558488848429677054e-01 1.086709148839326289e-01 0.000000000000000000e+00
5.250000000000000000e+04 2.099972211385496834e-01 3.508192990441511006e-01 9.649522075557578904e-02 4.527765134274009950e-01 9.990896677287210148e-02 0.000000000000000000e+00
5.275000000000000000e+04 2.109972079058761718e-01 3.519572143832498945e-01 9.592626308602640595e-02 4.505006827492034627e-01 1.016158397815202508e-01 0.000000000000000000e+00
5.300000000000000000e+04 2.119971946732026602e-01 3.492262175694128556e-01 9.751934456076467861e-02 4.520937642239417631e-01 1.011606736458807443e-01 0.000000000000000000e+00
5.325000000000000000e+04 2.129971814405291486e-01 3.529813381884387979e-01 9.729176149294492537e-02 4.509558488848429691e-01 9.877105143377332142e-02 0.000000000000000000e+00
5.350000000000000000e+04 2.139971682078554149e-01 3.478607191624943362e-01 9.592626308602640595e-02 4.568730086481565533e-01 9.934000910332271839e-02 0.000000000000000000e+00
5.375000000000000000e+04 2.149971549751819033e-01 3.369367319071461253e-01 9.535730541647700897e-02 4.605143377332726606e-01 1.071916249431042328e-01 0.000000000000000000e+00
5.400000000000000000e+04 2.159971417425083917e-01 3.528675466545289074e-01 8.921256258534364381e-02 4.531178880291306110e-01 1.048020027309968100e-01 0.000000000000000000e+00
5.425000000000000000e+04 2.169971285098346581e-01 3.479745106964041712e-01 9.171597633136094330e-02 4.560764679107874309e-01 1.042330450614474269e-01 0.000000000000000000e+00
5.450000000000000000e+04 2.179971152771611465e-01 3.578743741465634787e-01 9.217114246700044977e-02 4.500455166135639562e-01 9.990896677287210148e-02 0.000000000000000000e+00
5.475000000000000000e+04 2.189971020444876348e-01 3.478607191624943362e-01 9.456076467910787264e-02 4.479972690031861493e-01 1.095812471552116557e-01 0.000000000000000000e+00
5.500000000000000000e+04 2.199970888118141232e-01 3.600364132908511761e-01 8.966772872098316416e-02 4.460628129267182329e-01 1.042330450614474269e-01 0.000000000000000000e+00
5.525000000000000000e+04 2.209970755791403896e-01 3.487710514337733492e-01 9.285389167045972336e-02 4.396904870277651423e-01 1.186845698680018268e-01 0.000000000000000000e+00
5.550000000000000000e+04 2.219970623464668780e-01 3.585571233500227661e-01 8.409194355939918208e-02 4.361629494765589254e-01 1.211879836140191125e-01 0.000000000000000000e+00
5.575000000000000000e+04 2.229970491137933664e-01 3.486572598998634587e-01 7.248520710059171146e-02 4.193218024578971304e-01 1.595357305416477134e-01 0.000000000000000000e+00
5.600000000000000000e+04 2.239970358811198547e-01 3.246472462448793950e-01 7.703686845698680397e-02 4.412835685025033872e-01 1.570323167956304000e-01 0.000000000000000000e+00
5.625000000000000000e+04 2.249970226484461211e-01 2.696859353664087244e-01 9.012289485662267063e-02 5.161583978152025631e-01 1.240327719617660418e-01 0.000000000000000000e+00
5.650000000000000000e+04 2.259970094157726095e-01 2.460172963131543045e-01 9.057806099226217711e-02 5.527992717341829731e-01 1.106053709604005453e-01 0.000000000000000000e+00
5.675000000000000000e+04 2.269969961830990979e-01 2.220072826581702408e-01 9.410559854346836617e-02 5.784023668639053373e-01 1.054847519344560697e-01 0.000000000000000000e+00
