# itime ezz other fcc hcp bcc ico
0.000000000000000000e+00 0.000000000000000000e+00 0.000000000000000000e+00 1.000000000000000000e+00 0.000000000000000000e+00 0.000000000000000000e+00 0.000000000000000000e+00
2.500000000000000000e+02 9.999638193107784900e-04 0.000000000000000000e+00 1.000000000000000000e+00 0.000000000000000000e+00 0.000000000000000000e+00 0.000000000000000000e+00
5.000000000000000000e+02 1.999927638621334935e-03 0.000000000000000000e+00 1.000000000000000000e+00 0.000000000000000000e+00 0.000000000000000000e+00 0.000000000000000000e+00
7.500000000000000000e+02 2.999891457932113425e-03 0.000000000000000000e+00 1.000000000000000000e+00 0.000000000000000000e+00 0.000000000000000000e+00 0.000000000000000000e+00
1.000000000000000000e+03 3.999855277242669871e-03 0.000000000000000000e+00 1.000000000000000000e+00 0.000000000000000000e+00 0.000000000000000000e+00 0.000000000000000000e+00
1.250000000000000000e+03 4.999819096553448361e-03 0.000000000000000000e+00 1.000000000000000000e+00 0.000000000000000000e+00 0.000000000000000000e+00 0.000000000000000000e+00
1.500000000000000000e+03 5.999782915864004806e-03 0.000000000000000000e+00 1.000000000000000000e+00 0.000000000000000000e+00 0.000000000000000000e+00 0.000000000000000000e+00
1.750000000000000000e+03 6.999746735174783296e-03 0.000000000000000000e+00 1.000000000000000000e+00 0.000000000000000000e+00 0.000000000000000000e+00 0.000000000000000000e+00
2.000000000000000000e+03 7.999710554485339742e-03 1.137915339098771066e-04 9.998862084660901095e-01 0.000000000000000000e+00 0.000000000000000000e+00 0.000000000000000000e+00
2.250000000000000000e+03 8.999674373796118232e-03 0.000000000000000000e+00 1.000000000000000000e+00 0.000000000000000000e+00 0.000000000000000000e+00 0.000000000000000000e+00
2.500000000000000000e+03 9.999638193106674677e-03 0.000000000000000000e+00 1.000000000000000000e+00 0.000000000000000000e+00 0.000000000000000000e+00 0.000000000000000000e+00
2.750000000000000000e+03 1.099960201241745317e-02 0.000000000000000000e+00 1.000000000000000000e+00 0.000000000000000000e+00 0.000000000000000000e+00 0.000000000000000000e+00
3.000000000000000000e+03 1.199956583172800961e-02 0.000000000000000000e+00 1.000000000000000000e+00 0.000000000000000000e+00 0.000000000000000000e+00 0.000000000000000000e+00
3.250000000000000000e+03 1.299952965103878810e-02 0.000000000000000000e+00 1.000000000000000000e+00 0.000000000000000000e+00 0.000000000000000000e+00 0.000000000000000000e+00
3.500000000000000000e+03 1.399949347034934455e-02 0.000000000000000000e+00 1.000000000000000000e+00 0.000000000000000000e+00 0.000000000000000000e+00 0.000000000000000000e+00
3.750000000000000000e+03 1.499945728966012304e-02 0.000000000000000000e+00 1.000000000000000000e+00 0.000000000000000000e+00 0.000000000000000000e+00 0.000000000000000000e+00
4.000000000000000000e+03 1.599942110897067948e-02 0.000000000000000000e+00 1.000000000000000000e+00 0.000000000000000000e+00 0.000000000000000000e+00 0.000000000000000000e+00
4.250000000000000000e+03 1.699938492828145797e-02 0.000000000000000000e+00 1.000000000000000000e+00 0.000000000000000000e+00 0.000000000000000000e+00 0.000000000000000000e+00
4.500000000000000000e+03 1.799934874759201442e-02 0.000000000000000000e+00 1.000000000000000000e+00 0.000000000000000000e+00 0.000000000000000000e+00 0.000000000000000000e+00
4.750000000000000000e+03 1.899931256690279291e-02 0.000000000000000000e+00 1.000000000000000000e+00 0.000000000000000000e+00 0.000000000000000000e+00 0.000000000000000000e+00
5.000000000000000000e+03 1.999927638621334935e-02 0.000000000000000000e+00 1.000000000000000000e+00 0.000000000000000000e+00 0.000000000000000000e+00 0.000000000000000000e+00
5.250000000000000000e+03 2.099924020552412784e-02 0.000000000000000000e+00 1.000000000000000000e+00 0.000000000000000000e+00 0.000000000000000000e+00 0.000000000000000000e+00
5.500000000000000000e+03 2.199920402483468429e-02 0.000000000000000000e+00 1.000000000000000000e+00 0.000000000000000000e+00 0.000000000000000000e+00 0.000000000000000000e+00
5.750000000000000000e+03 2.299916784414546278e-02 4.551661356395084266e-04 9.995448338643604380e-01 0.000000000000000000e+00 0.000000000000000000e+00 0.000000000000000000e+00
6.000000000000000000e+03 2.399913166345624127e-02 0.000000000000000000e+00 1.000000000000000000e+00 0.000000000000000000e+00 0.000000000000000000e+00 0.000000000000000000e+00
6.250000000000000000e+03 2.499909548276679772e-02 2.275830678197542133e-04 9.997724169321802190e-01 0.000000000000000000e+00 0.000000000000000000e+00 0.000000000000000000e+00
6.500000000000000000e+03 2.599905930207757621e-02 0.000000000000000000e+00 1.000000000000000000e+00 0.000000000000000000e+00 0.000000000000000000e+00 0.000000000000000000e+00
6.750000000000000000e+03 2.699902312138813265e-02 0.000000000000000000e+00 1.000000000000000000e+00 0.000000000000000000e+00 0.000000000000000000e+00 0.000000000000000000e+00
7.000000000000000000e+03 2.799898694069891114e-02 0.000000000000000000e+00 1.000000000000000000e+00 0.000000000000000000e+00 0.000000000000000000e+00 0.000000000000000000e+00
7.250000000000000000e+03 2.899895076000946759e-02 2.275830678197542133e-04 9.997724169321802190e-01 0.000000000000000000e+00 0.000000000000000000e+00 0.000000000000000000e+00
7.500000000000000000e+03 2.999891457932024608e-02 0.000000000000000000e+00 1.000000000000000000e+00 0.000000000000000000e+00 0.000000000000000000e+00 0.000000000000000000e+00
7.750000000000000000e+03 3.099887839863080252e-02 0.000000000000000000e+00 1.000000000000000000e+00 0.000000000000000000e+00 0.000000000000000000e+00 0.000000000000000000e+00
8.000000000000000000e+03 3.199884221794158101e-02 0.000000000000000000e+00 1.000000000000000000e+00 0.000000000000000000e+00 0.000000000000000000e+00 0.000000000000000000e+00
8.250000000000000000e+03 3.299880603725213746e-02 0.000000000000000000e+00 1.000000000000000000e+00 0.000000000000000000e+00 0.000000000000000000e+00 0.000000000000000000e+00
8.500000000000000000e+03 3.399876985656291595e-02 4.551661356395084266e-04 9.995448338643604380e-01 0.000000000000000000e+00 0.000000000000000000e+00 0.000000000000000000e+00
8.750000000000000000e+03 3.499873367587347239e-02 9.103322712790168532e-04 9.990896677287209870e-01 0.000000000000000000e+00 0.000000000000000000e+00 0.000000000000000000e+00
9.000000000000000000e+03 3.599869749518425088e-02 0.000000000000000000e+00 1.000000000000000000e+00 0.000000000000000000e+00 0.000000000000000000e+00 0.000000000000000000e+00
9.250000000000000000e+03 3.699866131449480733e-02 0.000000000000000000e+00 1.000000000000000000e+00 0.000000000000000000e+00 0.000000000000000000e+00 0.000000000000000000e+00
9.500000000000000000e+03 3.799862513380558582e-02 1.137915339098771066e-04 9.998862084660901095e-01 0.000000000000000000e+00 0.000000000000000000e+00 0.000000000000000000e+00
9.750000000000000000e+03 3.899858895311614226e-02 0.000000000000000000e+00 1.000000000000000000e+00 0.000000000000000000e+00 0.000000000000000000e+00 0.000000000000000000e+00
1.000000000000000000e+04 3.999855277242692075e-02 0.000000000000000000e+00 1.000000000000000000e+00 0.000000000000000000e+00 0.000000000000000000e+00 0.000000000000000000e+00
1.025000000000000000e+04 4.099851659173747720e-02 0.000000000000000000e+00 1.000000000000000000e+00 0.000000000000000000e+00 0.000000000000000000e+00 0.000000000000000000e+00
1.050000000000000000e+04 4.199848041104825569e-02 1.137915339098771066e-04 9.998862084660901095e-01 0.000000000000000000e+00 0.000000000000000000e+00 0.000000000000000000e+00
1.075000000000000000e+04 4.299844423035881213e-02 3.413746017296313199e-04 9.996586253982703285e-01 0.000000000000000000e+00 0.000000000000000000e+00 0.000000000000000000e+00
1.100000000000000000e+04 4.399840804966959062e-02 0.000000000000000000e+00 1.000000000000000000e+00 0.000000000000000000e+00 0.000000000000000000e+00 0.000000000000000000e+00
1.125000000000000000e+04 4.499837186898036911e-02 4.551661356395084266e-04 9.995448338643604380e-01 0.000000000000000000e+00 0.000000000000000000e+00 0.000000000000000000e+00
1.150000000000000000e+04 4.599833568829092556e-02 4.551661356395084266e-04 9.995448338643604380e-01 0.000000000000000000e+00 0.000000000000000000e+00 0.000000000000000000e+00
1.175000000000000000e+04 4.699829950760170405e-02 1.137915339098771066e-04 9.998862084660901095e-01 0.000000000000000000e+00 0.000000000000000000e+00 0.000000000000000000e+00
1.200000000000000000e+04 4.799826332691226050e-02 9.103322712790168532e-04 9.990896677287209870e-01 0.000000000000000000e+00 0.000000000000000000e+00 0.000000000000000000e+00
1.225000000000000000e+04 4.899822714622303899e-02 3.413746017296313199e-04 9.996586253982703285e-01 0.000000000000000000e+00 0.000000000000000000e+00 0.000000000000000000e+00
1.250000000000000000e+04 4.999819096553359543e-02 0.000000000000000000e+00 1.000000000000000000e+00 0.000000000000000000e+00 0.000000000000000000e+00 0.000000000000000000e+00
1.275000000000000000e+04 5.099815478484437392e-02 4.551661356395084266e-04 9.995448338643604380e-01 0.000000000000000000e+00 0.000000000000000000e+00 0.000000000000000000e+00
1.300000000000000000e+04 5.199811860415493037e-02 7.965407373691396923e-04 9.992034592626308775e-01 0.000000000000000000e+00 0.000000000000000000e+00 0.000000000000000000e+00
1.325000000000000000e+04 5.299808242346570886e-02 1.137915339098771066e-04 9.998862084660901095e-01 0.000000000000000000e+00 0.000000000000000000e+00 0.000000000000000000e+00
1.350000000000000000e+04 5.399804624277626530e-02 3.413746017296313199e-04 9.995448338643604380e-01 0.000000000000000000e+00 1.137915339098771066e-04 0.000000000000000000e+00
1.375000000000000000e+04 5.499801006208704379e-02 7.965407373691396923e-04 9.990896677287209870e-01 0.000000000000000000e+00 1.137915339098771066e-04 0.000000000000000000e+00
1.400000000000000000e+04 5.599797388139760024e-02 0.000000000000000000e+00 1.000000000000000000e+00 0.000000000000000000e+00 0.000000000000000000e+00 0.000000000000000000e+00
1.425000000000000000e+04 5.699793770070837873e-02 4.551661356395084266e-04 9.995448338643604380e-01 0.000000000000000000e+00 0.000000000000000000e+00 0.000000000000000000e+00
1.450000000000000000e+04 5.799790152001893517e-02 2.275830678197542133e-04 9.997724169321802190e-01 0.000000000000000000e+00 0.000000000000000000e+00 0.000000000000000000e+00
1.475000000000000000e+04 5.899786533932971366e-02 7.965407373691396923e-04 9.992034592626308775e-01 0.000000000000000000e+00 0.000000000000000000e+00 0.000000000000000000e+00
1.500000000000000000e+04 5.999782915864027011e-02 0.000000000000000000e+00 1.000000000000000000e+00 0.000000000000000000e+00 0.000000000000000000e+00 0.000000000000000000e+00
1.525000000000000000e+04 6.099779297795104860e-02 4.551661356395084266e-04 9.995448338643604380e-01 0.000000000000000000e+00 0.000000000000000000e+00 0.000000000000000000e+00
1.550000000000000000e+04 6.199775679726160504e-02 1.137915339098770958e-03 9.988620846609012061e-01 0.000000000000000000e+00 0.000000000000000000e+00 0.000000000000000000e+00
1.575000000000000000e+04 6.299772061657238353e-02 9.103322712790168532e-04 9.990896677287209870e-01 0.000000000000000000e+00 0.000000000000000000e+00 0.000000000000000000e+00
1.600000000000000000e+04 6.399768443588293998e-02 4.551661356395084266e-04 9.995448338643604380e-01 0.000000000000000000e+00 0.000000000000000000e+00 0.000000000000000000e+00
1.625000000000000000e+04 6.499764825519371847e-02 3.413746017296313199e-04 9.995448338643604380e-01 0.000000000000000000e+00 1.137915339098771066e-04 0.000000000000000000e+00
1.650000000000000000e+04 6.599761207450427491e-02 1.365498406918525280e-03 9.986345015930814251e-01 0.000000000000000000e+00 0.000000000000000000e+00 0.000000000000000000e+00
1.675000000000000000e+04 6.699757589381505340e-02 2.275830678197542133e-04 9.997724169321802190e-01 0.000000000000000000e+00 0.000000000000000000e+00 0.000000000000000000e+00
1.700000000000000000e+04 6.799753971312583190e-02 5.689576695493854790e-04 9.994310423304506585e-01 0.000000000000000000e+00 0.000000000000000000e+00 0.000000000000000000e+00
1.725000000000000000e+04 6.899750353243638834e-02 1.365498406918525280e-03 9.986345015930814251e-01 0.000000000000000000e+00 0.000000000000000000e+00 0.000000000000000000e+00
1.750000000000000000e+04 6.999746735174716683e-02 1.479289940828402332e-03 9.985207100591716456e-01 0.000000000000000000e+00 0.000000000000000000e+00 0.000000000000000000e+00
1.775000000000000000e+04 7.099743117105772328e-02 6.827492034592626399e-04 9.993172507965407680e-01 0.000000000000000000e+00 0.000000000000000000e+00 0.000000000000000000e+00
1.800000000000000000e+04 7.199739499036850177e-02 1.024123805188893906e-03 9.989758761948110966e-01 0.000000000000000000e+00 0.000000000000000000e+00 0.000000000000000000e+00
1.825000000000000000e+04 7.299735880967905821e-02 2.275830678197542133e-04 9.997724169321802190e-01 0.000000000000000000e+00 0.000000000000000000e+00 0.000000000000000000e+00
1.850000000000000000e+04 7.399732262898983670e-02 1.593081474738279385e-03 9.984069185252617551e-01 0.000000000000000000e+00 0.000000000000000000e+00 0.000000000000000000e+00
1.875000000000000000e+04 7.499728644830039315e-02 3.299954483386436255e-03 9.967000455166135087e-01 0.000000000000000000e+00 0.000000000000000000e+00 0.000000000000000000e+00
1.900000000000000000e+04 7.599725026761117164e-02 2.048247610377787811e-03 9.979517523896221931e-01 0.000000000000000000e+00 0.000000000000000000e+00 0.000000000000000000e+00
1.925000000000000000e+04 7.699721408692172808e-02 9.103322712790168532e-04 9.990896677287209870e-01 0.000000000000000000e+00 0.000000000000000000e+00 0.000000000000000000e+00
1.950000000000000000e+04 7.799717790623250657e-02 2.503413746017296455e-03 9.973827947200728516e-01 0.000000000000000000e+00 1.137915339098771066e-04 0.000000000000000000e+00
1.975000000000000000e+04 7.899714172554306302e-02 3.413746017296313199e-04 9.996586253982703285e-01 0.000000000000000000e+00 0.000000000000000000e+00 0.000000000000000000e+00
2.000000000000000000e+04 7.999710554485384151e-02 2.389622212107419402e-03 9.976103777878926326e-01 0.000000000000000000e+00 0.000000000000000000e+00 0.000000000000000000e+00
2.025000000000000000e+04 8.099706936416439795e-02 1.137915339098770958e-03 9.988620846609012061e-01 0.000000000000000000e+00 0.000000000000000000e+00 0.000000000000000000e+00
2.050000000000000000e+04 8.199703318347517644e-02 4.551661356395084266e-04 9.995448338643604380e-01 0.000000000000000000e+00 0.000000000000000000e+00 0.000000000000000000e+00
2.075000000000000000e+04 8.299699700278573289e-02 2.389622212107419402e-03 9.972690031861629611e-01 0.000000000000000000e+00 3.413746017296313199e-04 0.000000000000000000e+00
2.100000000000000000e+04 8.399696082209651138e-02 1.251706873008648227e-03 9.987482931269913156e-01 0.000000000000000000e+00 0.000000000000000000e+00 0.000000000000000000e+00
2.125000000000000000e+04 8.499692464140706782e-02 5.348202093764223633e-03 9.945380063723259223e-01 0.000000000000000000e+00 1.137915339098771066e-04 0.000000000000000000e+00
2.150000000000000000e+04 8.599688846071784631e-02 2.389622212107419402e-03 9.976103777878926326e-01 0.000000000000000000e+00 0.000000000000000000e+00 0.000000000000000000e+00
2.175000000000000000e+04 8.699685228002840276e-02 2.503413746017296455e-03 9.974965862539827421e-01 0.000000000000000000e+00 0.000000000000000000e+00 0.000000000000000000e+00
2.200000000000000000e+04 8.799681609933918125e-02 2.503413746017296455e-03 9.973827947200728516e-01 0.000000000000000000e+00 1.137915339098771066e-04 0.000000000000000000e+00
2.225000000000000000e+04 8.899677991864973770e-02 2.958579881656804664e-03 9.970414201183431802e-01 0.000000000000000000e+00 0.000000000000000000e+00 0.000000000000000000e+00
2.250000000000000000e+04 8.999674373796051619e-02 3.186162949476558769e-03 9.968138370505233992e-01 0.000000000000000000e+00 0.000000000000000000e+00 0.000000000000000000e+00
2.275000000000000000e+04 9.099670755727129468e-02 1.820664542558033706e-03 9.981793354574419741e-01 0.000000000000000000e+00 0.000000000000000000e+00 0.000000000000000000e+00
2.300000000000000000e+04 9.199667137658185112e-02 3.072371415566681717e-03 9.968138370505233992e-01 0.000000000000000000e+00 1.137915339098771066e-04 0.000000000000000000e+00
2.325000000000000000e+04 9.299663519589262961e-02 3.868912152935821518e-03 9.961310878470641672e-01 0.000000000000000000e+00 0.000000000000000000e+00 0.000000000000000000e+00
2.350000000000000000e+04 9.399659901520318606e-02 2.958579881656804664e-03 9.970414201183431802e-01 0.000000000000000000e+00 0.000000000000000000e+00 0.000000000000000000e+00
2.375000000000000000e+04 9.499656283451396455e-02 5.689576695493855224e-03 9.941966317705962508e-01 0.000000000000000000e+00 1.137915339098771066e-04 0.000000000000000000e+00
2.400000000000000000e+04 9.599652665382452099e-02 4.779244424214838804e-03 9.951069640418752638e-01 0.000000000000000000e+00 1.137915339098771066e-04 0.000000000000000000e+00
2.425000000000000000e+04 9.699649047313529948e-02 3.982703686845699004e-03 9.959035047792443862e-01 0.000000000000000000e+00 1.137915339098771066e-04 0.000000000000000000e+00
2.450000000000000000e+04 9.799645429244585593e-02 3.982703686845699004e-03 9.960172963131542767e-01 0.000000000000000000e+00 0.000000000000000000e+00 0.000000000000000000e+00
2.475000000000000000e+04 9.899641811175663442e-02 2.617205279927173507e-03 9.971552116522530707e-01 0.000000000000000000e+00 2.275830678197542133e-04 0.000000000000000000e+00
2.500000000000000000e+04 9.999638193106719086e-02 2.617205279927173507e-03 9.973827947200728516e-01 0.000000000000000000e+00 0.000000000000000000e+00 0.000000000000000000e+00
2.525000000000000000e+04 1.009963457503779694e-01 2.958579881656804664e-03 9.970414201183431802e-01 0.000000000000000000e+00 0.000000000000000000e+00 0.000000000000000000e+00
2.550000000000000000e+04 1.019963095696885258e-01 5.006827492034592909e-03 9.949931725079653733e-01 0.000000000000000000e+00 0.000000000000000000e+00 0.000000000000000000e+00
2.575000000000000000e+04 1.029962733889993043e-01 7.737824305871643035e-03 9.921483841602184439e-01 0.000000000000000000e+00 1.137915339098771066e-04 0.000000000000000000e+00
2.600000000000000000e+04 1.039962372083098607e-01 5.006827492034592909e-03 9.948793809740554828e-01 0.000000000000000000e+00 1.137915339098771066e-04 0.000000000000000000e+00
2.625000000000000000e+04 1.049962010276206392e-01 4.096495220755575623e-03 9.959035047792443862e-01 0.000000000000000000e+00 0.000000000000000000e+00 0.000000000000000000e+00
2.650000000000000000e+04 1.059961648469311957e-01 6.941283568502503235e-03 9.928311333636777869e-01 0.000000000000000000e+00 2.275830678197542133e-04 0.000000000000000000e+00
2.675000000000000000e+04 1.069961286662419742e-01 7.737824305871643035e-03 9.922621756941283344e-01 0.000000000000000000e+00 0.000000000000000000e+00 0.000000000000000000e+00
2.700000000000000000e+04 1.079960924855525306e-01 5.348202093764223633e-03 9.943104233045061413e-01 0.000000000000000000e+00 3.413746017296313199e-04 0.000000000000000000e+00
2.725000000000000000e+04 1.089960563048633091e-01 5.575785161583977738e-03 9.944242148384160318e-01 0.000000000000000000e+00 0.000000000000000000e+00 0.000000000000000000e+00
2.750000000000000000e+04 1.099960201241738655e-01 4.779244424214838804e-03 9.952207555757851543e-01 0.000000000000000000e+00 0.000000000000000000e+00 0.000000000000000000e+00
2.775000000000000000e+04 1.109959839434846440e-01 6.372325898953117539e-03 9.934000910332271284e-01 0.000000000000000000e+00 2.275830678197542133e-04 0.000000000000000000e+00
2.800000000000000000e+04 1.119959477627954225e-01 9.103322712790167665e-03 9.907828857532999800e-01 0.000000000000000000e+00 1.137915339098771066e-04 0.000000000000000000e+00
2.825000000000000000e+04 1.129959115821059790e-01 8.079198907601274626e-03 9.919208010923987739e-01 0.000000000000000000e+00 0.000000000000000000e+00 0.000000000000000000e+00
2.850000000000000000e+04 1.139958754014167575e-01 7.168866636322257339e-03 9.926035502958580059e-01 0.000000000000000000e+00 2.275830678197542133e-04 0.000000000000000000e+00
2.875000000000000000e+04 1.149958392207273139e-01 1.092398725534820224e-02 9.889622212107419541e-01 0.000000000000000000e+00 1.137915339098771066e-04 0.000000000000000000e+00
2.900000000000000000e+04 1.159958030400380924e-01 8.306781975421027864e-03 9.916932180245789930e-01 0.000000000000000000e+00 0.000000000000000000e+00 0.000000000000000000e+00
2.925000000000000000e+04 1.169957668593486488e-01 1.137915339098771045e-02 9.886208466090122826e-01 0.000000000000000000e+00 0.000000000000000000e+00 0.000000000000000000e+00
2.950000000000000000e+04 1.179957306786594273e-01 8.989531178880291046e-03 9.910104688211197610e-01 0.000000000000000000e+00 0.000000000000000000e+00 0.000000000000000000e+00
2.975000000000000000e+04 1.189956944979699838e-01 1.217569412835685025e-02 9.878243058716431602e-01 0.000000000000000000e+00 0.000000000000000000e+00 0.000000000000000000e+00
3.000000000000000000e+04 1.199956583172807623e-01 1.217569412835685025e-02 9.878243058716431602e-01 0.000000000000000000e+00 0.000000000000000000e+00 0.000000000000000000e+00
3.025000000000000000e+04 1.209956221365913187e-01 1.240327719617660522e-02 9.874829312699134887e-01 0.000000000000000000e+00 1.137915339098771066e-04 0.000000000000000000e+00
3.050000000000000000e+04 1.219955859559020972e-01 1.012744651797906244e-02 9.897587619481110766e-01 0.000000000000000000e+00 1.137915339098771066e-04 0.000000000000000000e+00
3.075000000000000000e+04 1.229955497752126536e-01 1.172052799271734204e-02 9.882794720072826111e-01 0.000000000000000000e+00 0.000000000000000000e+00 0.000000000000000000e+00
3.100000000000000000e+04 1.239955135945234321e-01 1.399635867091488309e-02 9.858898497951752438e-01 0.000000000000000000e+00 1.137915339098771066e-04 0.000000000000000000e+00
3.125000000000000000e+04 1.249954774138339886e-01 1.365498406918525323e-02 9.863450159308146947e-01 0.000000000000000000e+00 0.000000000000000000e+00 0.000000000000000000e+00
3.150000000000000000e+04 1.259954412331447671e-01 1.308602639963586667e-02 9.868001820664542567e-01 0.000000000000000000e+00 1.137915339098771066e-04 0.000000000000000000e+00
3.175000000000000000e+04 1.269954050524553235e-01 1.843422849340009204e-02 9.812243969048702885e-01 0.000000000000000000e+00 3.413746017296313199e-04 0.000000000000000000e+00
3.200000000000000000e+04 1.279953688717661020e-01 1.832043695949021542e-02 9.815657715065999600e-01 0.000000000000000000e+00 1.137915339098771066e-04 0.000000000000000000e+00
3.225000000000000000e+04 1.289953326910766584e-01 1.843422849340009204e-02 9.815657715065999600e-01 0.000000000000000000e+00 0.000000000000000000e+00 0.000000000000000000e+00
3.250000000000000000e+04 1.299952965103874369e-01 1.581702321347291593e-02 9.841829767865271084e-01 0.000000000000000000e+00 0.000000000000000000e+00 0.000000000000000000e+00
3.275000000000000000e+04 1.309952603296979934e-01 1.968593536640873831e-02 9.803140646335912756e-01 0.000000000000000000e+00 0.000000000000000000e+00 0.000000000000000000e+00
3.300000000000000000e+04 1.319952241490087719e-01 2.423759672280382388e-02 9.757624032771962108e-01 0.000000000000000000e+00 0.000000000000000000e+00 0.000000000000000000e+00
3.325000000000000000e+04 1.329951879683193283e-01 1.729631315430131891e-02 9.827036868456986429e-01 0.000000000000000000e+00 0.000000000000000000e+00 0.000000000000000000e+00
3.350000000000000000e+04 1.339951517876301068e-01 2.184797451069640448e-02 9.781520254893035782e-01 0.000000000000000000e+00 0.000000000000000000e+00 0.000000000000000000e+00
3.375000000000000000e+04 1.349951156069408853e-01 2.423759672280382388e-02 9.757624032771962108e-01 0.000000000000000000e+00 0.000000000000000000e+00 0.000000000000000000e+00
3.400000000000000000e+04 1.359950794262514417e-01 2.662721893491124328e-02 9.732589895311788419e-01 0.000000000000000000e+00 1.137915339098771066e-04 0.000000000000000000e+00
3.425000000000000000e+04 1.369950432455622202e-01 2.309968138370505075e-02 9.769003186162948937e-01 0.000000000000000000e+00 0.000000000000000000e+00 0.000000000000000000e+00
3.450000000000000000e+04 1.379950070648727767e-01 2.503413746017296368e-02 9.749658625398270884e-01 0.000000000000000000e+00 0.000000000000000000e+00 0.000000000000000000e+00
3.475000000000000000e+04 1.389949708841835552e-01 2.833409194355939950e-02 9.716659080564405970e-01 0.000000000000000000e+00 0.000000000000000000e+00 0.000000000000000000e+00
3.500000000000000000e+04 1.399949347034941116e-01 2.594446973145198010e-02 9.740555302685480754e-01 0.000000000000000000e+00 0.000000000000000000e+00 0.000000000000000000e+00
3.525000000000000000e+04 1.409948985228048901e-01 2.730996813837050646e-02 9.726900318616295005e-01 0.000000000000000000e+00 0.000000000000000000e+00 0.000000000000000000e+00
3.550000000000000000e+04 1.419948623421154466e-01 3.470641784251251444e-02 9.650659990896677254e-01 0.000000000000000000e+00 2.275830678197542133e-04 0.000000000000000000e+00
3.575000000000000000e+04 1.429948261614262250e-01 3.504779244424215123e-02 9.649522075557578349e-01 0.000000000000000000e+00 0.000000000000000000e+00 0.000000000000000000e+00
3.600000000000000000e+04 1.439947899807367815e-01 2.742375967228038308e-02 9.724624487938097195e-01 0.000000000000000000e+00 1.137915339098771066e-04 0.000000000000000000e+00
3.625000000000000000e+04 1.449947538000475600e-01 2.810650887573964626e-02 9.718934911242603780e-01 0.000000000000000000e+00 0.000000000000000000e+00 0.000000000000000000e+00
3.650000000000000000e+04 1.459947176193581164e-01 4.289940828402366568e-02 9.571005917159762788e-01 0.000000000000000000e+00 0.000000000000000000e+00 0.000000000000000000e+00
3.675000000000000000e+04 1.469946814386688949e-01 3.413746017296313134e-02 9.658625398270368478e-01 0.000000000000000000e+00 0.000000000000000000e+00 0.000000000000000000e+00
3.700000000000000000e+04 1.479946452579794514e-01 3.504779244424215123e-02 9.649522075557578349e-01 0.000000000000000000e+00 0.000000000000000000e+00 0.000000000000000000e+00
3.725000000000000000e+04 1.489946090772902298e-01 4.699590350477924477e-02 9.525489303595812141e-01 0.000000000000000000e+00 4.551661356395084266e-04 0.000000000000000000e+00
3.750000000000000000e+04 1.499945728966007863e-01 4.779244424214838111e-02 9.522075557578516536e-01 0.000000000000000000e+00 0.000000000000000000e+00 0.000000000000000000e+00
3.775000000000000000e+04 1.509945367159115648e-01 4.517523896222121194e-02 9.548247610377788019e-01 0.000000000000000000e+00 0.000000000000000000e+00 0.000000000000000000e+00
3.800000000000000000e+04 1.519945005352221212e-01 4.824761037778789452e-02 9.516385980883022011e-01 0.000000000000000000e+00 1.137915339098771066e-04 0.000000000000000000e+00
3.825000000000000000e+04 1.529944643545328997e-01 4.938552571688666071e-02 9.506144742831132977e-01 0.000000000000000000e+00 0.000000000000000000e+00 0.000000000000000000e+00
3.850000000000000000e+04 1.539944281738434562e-01 5.791989076012744875e-02 9.420801092398725096e-01 0.000000000000000000e+00 0.000000000000000000e+00 0.000000000000000000e+00
3.875000000000000000e+04 1.549943919931542347e-01 5.382339553937186966e-02 9.461766044606281234e-01 0.000000000000000000e+00 0.000000000000000000e+00 0.000000000000000000e+00
3.900000000000000000e+04 1.559943558124650131e-01 5.302685480200273332e-02 9.468593536640873554e-01 0.000000000000000000e+00 1.137915339098771066e-04 0.000000000000000000e+00
3.925000000000000000e+04 1.569943196317755696e-01 5.735093309057805872e-02 9.425352753755120716e-01 0.000000000000000000e+00 1.137915339098771066e-04 0.000000000000000000e+00
3.950000000000000000e+04 1.579942834510863481e-01 5.405097860719162289e-02 9.458352298588984519e-01 0.000000000000000000e+00 1.137915339098771066e-04 0.000000000000000000e+00
3.975000000000000000e+04 1.589942472703969045e-01 6.725079654073737312e-02 9.327492034592625991e-01 0.000000000000000000e+00 0.000000000000000000e+00 0.000000000000000000e+00
4.000000000000000000e+04 1.599942110897076830e-01 7.055075102412380894e-02 9.294492489758762188e-01 0.000000000000000000e+00 0.000000000000000000e+00 0.000000000000000000e+00
4.025000000000000000e+04 1.609941749090182395e-01 6.451979972690032039e-02 9.354802002730996380e-01 0.000000000000000000e+00 0.000000000000000000e+00 0.000000000000000000e+00
4.050000000000000000e+04 1.619941387283290180e-01 7.089212562585343880e-02 9.291078743741465473e-01 0.000000000000000000e+00 0.000000000000000000e+00 0.000000000000000000e+00
4.075000000000000000e+04 1.629941025476395744e-01 7.441966317705962786e-02 9.255803368229403860e-01 0.000000000000000000e+00 0.000000000000000000e+00 0.000000000000000000e+00
4.100000000000000000e+04 1.639940663669503529e-01 7.271279016841146470e-02 9.271734182976786309e-01 0.000000000000000000e+00 1.137915339098771066e-04 0.000000000000000000e+00
4.125000000000000000e+04 1.649940301862609093e-01 6.986800182066454923e-02 9.301319981793354508e-01 0.000000000000000000e+00 0.000000000000000000e+00 0.000000000000000000e+00
4.150000000000000000e+04 1.659939940055716878e-01 8.090578060992262288e-02 9.190942193900774049e-01 0.000000000000000000e+00 0.000000000000000000e+00 0.000000000000000000e+00
4.175000000000000000e+04 1.669939578248822443e-01 9.205735093309057315e-02 9.078288575329995780e-01 0.000000000000000000e+00 1.137915339098771066e-04 0.000000000000000000e+00
4.200000000000000000e+04 1.679939216441930228e-01 8.522985889849794827e-02 9.146563495675921196e-01 0.000000000000000000e+00 1.137915339098771066e-04 0.000000000000000000e+00
4.225000000000000000e+04 1.689938854635035792e-01 9.387801547564861293e-02 9.060081929904415521e-01 0.000000000000000000e+00 1.137915339098771066e-04 0.000000000000000000e+00
4.250000000000000000e+04 1.699938492828143577e-01 1.068502503413746030e-01 8.931497496586253693e-01 0.000000000000000000e+00 0.000000000000000000e+00 0.000000000000000000e+00
4.275000000000000000e+04 1.709938131021249141e-01 1.090122894856622726e-01 8.909877105143377829e-01 0.000000000000000000e+00 0.000000000000000000e+00 0.000000000000000000e+00
4.300000000000000000e+04 1.719937769214356926e-01 1.140191169776968577e-01 8.858670914883932657e-01 0.000000000000000000e+00 1.137915339098771066e-04 0.000000000000000000e+00
4.325000000000000000e+04 1.729937407407462491e-01 1.182294037323623065e-01 8.817705962676376519e-01 0.000000000000000000e+00 0.000000000000000000e+00 0.000000000000000000e+00
4.350000000000000000e+04 1.739937045600570276e-01 1.104915794264906687e-01 8.893946290395994270e-01 0.000000000000000000e+00 1.137915339098771066e-04 0.000000000000000000e+00
4.375000000000000000e+04 1.749936683793675840e-01 1.173190714610832935e-01 8.826809285389166648e-01 0.000000000000000000e+00 0.000000000000000000e+00 0.000000000000000000e+00
4.400000000000000000e+04 1.759936321986783625e-01 1.307464724624488039e-01 8.692535275375512516e-01 0.000000000000000000e+00 0.000000000000000000e+00 0.000000000000000000e+00
4.425000000000000000e+04 1.769935960179889189e-01 1.347291761492944995e-01 8.652708238507055283e-01 0.000000000000000000e+00 0.000000000000000000e+00 0.000000000000000000e+00
4.450000000000000000e+04 1.779935598372996974e-01 1.330223031406463363e-01 8.669776968593536637e-01 0.000000000000000000e+00 0.000000000000000000e+00 0.000000000000000000e+00
4.475000000000000000e+04 1.789935236566104759e-01 1.315430131998179264e-01 8.681156121984524576e-01 0.000000000000000000e+00 3.413746017296313199e-04 0.000000000000000000e+00
4.500000000000000000e+04 1.799934874759210324e-01 1.502048247610377751e-01 8.497951752389621971e-01 0.000000000000000000e+00 0.000000000000000000e+00 0.000000000000000000e+00
4.525000000000000000e+04 1.809934512952318109e-01 1.638598088302230249e-01 8.361401911697770029e-01 0.000000000000000000e+00 0.000000000000000000e+00 0.000000000000000000e+00
4.550000000000000000e+04 1.819934151145423673e-01 1.557806099226217433e-01 8.442193900773782289e-01 0.000000000000000000e+00 0.000000000000000000e+00 0.000000000000000000e+00
4.575000000000000000e+04 1.829933789338531458e-01 1.714838416021848000e-01 8.284023668639053373e-01 1.137915339098771066e-04 0.000000000000000000e+00 0.000000000000000000e+00
4.600000000000000000e+04 1.839933427531637022e-01 1.854802002730996935e-01 8.144060081929904715e-01 0.000000000000000000e+00 1.137915339098771066e-04 0.000000000000000000e+00
4.625000000000000000e+04 1.849933065724744807e-01 1.931042330450614408e-01 8.062130177514792440e-01 4.551661356395084266e-04 2.275830678197542133e-04 0.000000000000000000e+00
4.650000000000000000e+04 1.859932703917850372e-01 2.039144287664997612e-01 7.955166135639508695e-01 2.275830678197542133e-04 3.413746017296313199e-04 0.000000000000000000e+00
4.675000000000000000e+04 1.869932342110958157e-01 2.464724624487938109e-01 7.500000000000000000e-01 1.593081474738279385e-03 1.934456076467910759e-03 0.000000000000000000e+00
4.700000000000000000e+04 1.879931980304063721e-01 2.905097860719162428e-01 6.965179790623577949e-01 1.115157032316795548e-02 1.820664542558033706e-03 0.000000000000000000e+00
4.725000000000000000e+04 1.889931618497171506e-01 3.468365953573054328e-01 6.165225307237141017e-01 2.685480200273099652e-02 9.786071916249430847e-03 0.000000000000000000e+00
4.750000000000000000e+04 1.899931256690277070e-01 3.961083295402821891e-01 5.465407373691397730e-01 4.415111515703231543e-02 1.319981793354574502e-02 0.000000000000000000e+00
4.775000000000000000e+04 1.909930894883384855e-01 3.669776968593536637e-01 5.615612198452435422e-01 5.803368229403732537e-02 1.342740100136549826e-02 0.000000000000000000e+00
4.800000000000000000e+04 1.919930533076490420e-01 3.452435138825671324e-01 5.619025944469731026e-01 7.794720072826581692e-02 1.490669094219390124e-02 0.000000000000000000e+00
4.825000000000000000e+04 1.929930171269598205e-01 3.313609467455621571e-01 5.563268092853891345e-01 1.018434228493400040e-01 1.046882111970869403e-02 0.000000000000000000e+00
4.850000000000000000e+04 1.939929809462703769e-01 3.264679107874374209e-01 5.500682749203459343e-01 1.114019116977696816e-01 1.206190259444697363e-02 0.000000000000000000e+00
4.875000000000000000e+04 1.949929447655811554e-01 3.075785161583978189e-01 5.573509330905780379e-01 1.252844788347746985e-01 9.786071916249430847e-03 0.000000000000000000e+00
4.900000000000000000e+04 1.959929085848917119e-01 2.975648611743286209e-01 5.532544378698225351e-01 1.387118798361401950e-01 1.046882111970869403e-02 0.000000000000000000e+00
4.925000000000000000e+04 1.969928724042024903e-01 2.957441966317705950e-01 5.537096040054619861e-01 1.401911697769686049e-01 1.035502958579881741e-02 0.000000000000000000e+00
4.950000000000000000e+04 1.979928362235130468e-01 2.917614929449248717e-01 5.567819754210286964e-01 1.408739189804278646e-01 1.058261265361857065e-02 0.000000000000000000e+00
4.975000000000000000e+04 1.989928000428238253e-01 2.941511151570322946e-01 5.549613108784706705e-01 1.406463359126081114e-01 1.024123805188893906e-02 0.000000000000000000e+00
5.000000000000000000e+04 1.999927638621343817e-01 2.923304506144742687e-01 5.581474738279471604e-01 1.407601274465179741e-01 8.761948111060537808e-03 0.000000000000000000e+00
5.025000000000000000e+04 2.009927276814451602e-01 2.936959490213927881e-01 5.531406463359126446e-01 1.426945835229858905e-01 1.046882111970869403e-02 0.000000000000000000e+00
5.050000000000000000e+04 2.019926915007559387e-01 2.928994082840236657e-01 5.517751479289940697e-01 1.458807464724624359e-01 9.444697314519799256e-03 0.000000000000000000e+00
5.075000000000000000e+04 2.029926553200664952e-01 2.866408739189804100e-01 5.549613108784706705e-01 1.474738279472007363e-01 1.092398725534820224e-02 0.000000000000000000e+00
5.100000000000000000e+04 2.039926191393772736e-01 2.900546199362767363e-01 5.480200273099681274e-01 1.523668639053254448e-01 9.558488848429677609e-03 0.000000000000000000e+00
5.125000000000000000e+04 2.049925829586878301e-01 2.839098771051433712e-01 5.414201183431952558e-01 1.643149749658625314e-01 1.035502958579881741e-02 0.000000000000000000e+00
5.150000000000000000e+04 2.059925467779986086e-01 2.840236686390532617e-01 5.367546654528903005e-01 1.690942193900773771e-01 1.012744651797906244e-02 0.000000000000000000e+00
5.175000000000000000e+04 2.069925105973091650e-01 2.922166590805644337e-01 5.302685480200273194e-01 1.692080109239872676e-01 8.306781975421027864e-03 0.000000000000000000e+00
5.200000000000000000e+04 2.079924744166199435e-01 2.915339098771051463e-01 5.279927173418297315e-01 1.735320892125625791e-01 6.941283568502503235e-03 0.000000000000000000e+00
5.225000000000000000e+04 2.089924382359305000e-01 2.882339553937187104e-01 5.316340464269457833e-01 1.723941738734638129e-01 7.737824305871643035e-03 0.000000000000000000e+00
5.250000000000000000e+04 2.099924020552412784e-01 2.918752844788347622e-01 5.263996358670914866e-01 1.727355484751934567e-01 8.989531178880291046e-03 0.000000000000000000e+00
5.275000000000000000e+04 2.109923658745518349e-01 2.888029130632681074e-01 5.265134274010013771e-01 1.758079198907601393e-01 8.875739644970414427e-03 0.000000000000000000e+00
5.300000000000000000e+04 2.119923296938626134e-01 2.939235320892125691e-01 5.194583522985889434e-01 1.775147928994082747e-01 9.103322712790167665e-03 0.000000000000000000e+00
5.325000000000000000e+04 2.129922935131731698e-01 2.955166135639508695e-01 5.190031861629494925e-01 1.775147928994082747e-01 7.965407373691398007e-03 0.000000000000000000e+00
5.350000000000000000e+04 2.139922573324839483e-01 2.941511151570322946e-01 5.185480200273099305e-01 1.780837505689576716e-01 9.217114246700046018e-03 0.000000000000000000e+00
5.375000000000000000e+04 2.149922211517945048e-01 2.949476558944014726e-01 5.169549385525716856e-01 1.777423759672280279e-01 1.035502958579881741e-02 0.000000000000000000e+00
5.400000000000000000e+04 2.159921849711052833e-01 2.977924442421484019e-01 5.205962676376877374e-01 1.726217569412835662e-01 8.989531178880291046e-03 0.000000000000000000e+00
5.425000000000000000e+04 2.169921487904158397e-01 2.954028220300409791e-01 5.267410104688211581e-01 1.693218024578971304e-01 8.534365043240782836e-03 0.000000000000000000e+00
5.450000000000000000e+04 2.179921126097266182e-01 2.950614474283113076e-01 5.234410559854346667e-01 1.726217569412835662e-01 8.875739644970414427e-03 0.000000000000000000e+00
5.475000000000000000e+04 2.189920764290371746e-01 2.993855257168866468e-01 5.270823850705507185e-01 1.662494310423304478e-01 7.282658170232134826e-03 0.000000000000000000e+00
5.500000000000000000e+04 2.199920402483479531e-01 2.948338643604915821e-01 5.306099226217569909e-01 1.644287664997724219e-01 1.012744651797906244e-02 0.000000000000000000e+00
5.525000000000000000e+04 2.209920040676585096e-01 2.923304506144742687e-01 5.322030040964952358e-01 1.672735548475193512e-01 8.192990441511151245e-03 0.000000000000000000e+00
5.550000000000000000e+04 2.219919678869692881e-01 2.883477469276286009e-01 5.293582157487483064e-01 1.725079654073737034e-01 9.786071916249430847e-03 0.000000000000000000e+00
5.575000000000000000e+04 2.229919317062800665e-01 2.933545744196631722e-01 5.256030951297223641e-01 1.739872553482020856e-01 7.055075102412380721e-03 0.000000000000000000e+00
5.600000000000000000e+04 2.239918955255906230e-01 2.951752389622211981e-01 5.243513882567136797e-01 1.718252162039144160e-01 8.648156577150659455e-03 0.000000000000000000e+00
5.625000000000000000e+04 2.249918593449014015e-01 2.975648611743286209e-01 5.219617660446063123e-01 1.738734638142922229e-01 6.599908966772872511e-03 0.000000000000000000e+00
5.650000000000000000e+04 2.259918231642119579e-01 3.016613563950841792e-01 5.141101502048247562e-01 1.766044606281292617e-01 7.624032771961766417e-03 0.000000000000000000e+00
5.675000000000000000e+04 2.269917869835227364e-01 2.996131087847064278e-01 5.131998179335457433e-01 1.779699590350477811e-01 9.217114246700046018e-03 0.000000000000000000e+00
