# itime ezz other fcc hcp bcc ico
0.000000000000000000e+00 0.000000000000000000e+00 3.413746017296313199e-04 9.996586253982703285e-01 0.000000000000000000e+00 0.000000000000000000e+00 0.000000000000000000e+00
3.000000000000000000e+00 1.200004041967961399e-03 1.365498406918525280e-03 9.985207100591716456e-01 0.000000000000000000e+00 1.137915339098771066e-04 0.000000000000000000e+00
6.000000000000000000e+00 2.400008083936144843e-03 1.934456076467910759e-03 9.979517523896221931e-01 0.000000000000000000e+00 1.137915339098771066e-04 0.000000000000000000e+00
9.000000000000000000e+00 3.600012125904106242e-03 2.730996813837050560e-03 9.971552116522530707e-01 0.000000000000000000e+00 1.137915339098771066e-04 0.000000000000000000e+00
1.200000000000000000e+01 4.800016167872289685e-03 1.479289940828402332e-03 9.985207100591716456e-01 0.000000000000000000e+00 0.000000000000000000e+00 0.000000000000000000e+00
1.500000000000000000e+01 6.000020209840251084e-03 1.593081474738279385e-03 9.984069185252617551e-01 0.000000000000000000e+00 0.000000000000000000e+00 0.000000000000000000e+00
1.800000000000000000e+01 7.200024251808434528e-03 1.593081474738279385e-03 9.984069185252617551e-01 0.000000000000000000e+00 0.000000000000000000e+00 0.000000000000000000e+00
2.100000000000000000e+01 8.400028293776395927e-03 3.413746017296313199e-04 9.996586253982703285e-01 0.000000000000000000e+00 0.000000000000000000e+00 0.000000000000000000e+00
2.400000000000000000e+01 9.600032335744579370e-03 5.689576695493854790e-04 9.994310423304506585e-01 0.000000000000000000e+00 0.000000000000000000e+00 0.000000000000000000e+00
2.700000000000000000e+01 1.080003637771254077e-02 5.689576695493854790e-04 9.994310423304506585e-01 0.000000000000000000e+00 0.000000000000000000e+00 0.000000000000000000e+00
3.000000000000000000e+01 1.200004041968072421e-02 6.827492034592626399e-04 9.993172507965407680e-01 0.000000000000000000e+00 0.000000000000000000e+00 0.000000000000000000e+00
3.300000000000000000e+01 1.320004446164868561e-02 1.593081474738279385e-03 9.984069185252617551e-01 0.000000000000000000e+00 0.000000000000000000e+00 0.000000000000000000e+00
3.600000000000000000e+01 1.440004850361686906e-02 1.706873008648156654e-03 9.982931269913518646e-01 0.000000000000000000e+00 0.000000000000000000e+00 0.000000000000000000e+00
3.900000000000000000e+01 1.560005254558483045e-02 1.479289940828402332e-03 9.985207100591716456e-01 0.000000000000000000e+00 0.000000000000000000e+00 0.000000000000000000e+00
4.200000000000000000e+01 1.680005658755301390e-02 1.820664542558033706e-03 9.981793354574419741e-01 0.000000000000000000e+00 0.000000000000000000e+00 0.000000000000000000e+00
4.500000000000000000e+01 1.800006062952097530e-02 1.820664542558033706e-03 9.981793354574419741e-01 0.000000000000000000e+00 0.000000000000000000e+00 0.000000000000000000e+00
4.800000000000000000e+01 1.920006467148915874e-02 1.137915339098770958e-03 9.988620846609012061e-01 0.000000000000000000e+00 0.000000000000000000e+00 0.000000000000000000e+00
5.100000000000000000e+01 2.040006871345712014e-02 1.820664542558033706e-03 9.981793354574419741e-01 0.000000000000000000e+00 0.000000000000000000e+00 0.000000000000000000e+00
5.400000000000000000e+01 2.160007275542530358e-02 2.162039144287664864e-03 9.977241693218024121e-01 0.000000000000000000e+00 1.137915339098771066e-04 0.000000000000000000e+00
5.700000000000000000e+01 2.280007679739326498e-02 1.934456076467910759e-03 9.980655439235320836e-01 0.000000000000000000e+00 0.000000000000000000e+00 0.000000000000000000e+00
6.000000000000000000e+01 2.400008083936144843e-02 2.389622212107419402e-03 9.976103777878926326e-01 0.000000000000000000e+00 0.000000000000000000e+00 0.000000000000000000e+00
6.300000000000000000e+01 2.520008488132940982e-02 2.730996813837050560e-03 9.972690031861629611e-01 0.000000000000000000e+00 0.000000000000000000e+00 0.000000000000000000e+00
6.600000000000000000e+01 2.640008892329759327e-02 2.503413746017296455e-03 9.974965862539827421e-01 0.000000000000000000e+00 0.000000000000000000e+00 0.000000000000000000e+00
6.900000000000000000e+01 2.760009296526555467e-02 2.162039144287664864e-03 9.978379608557123026e-01 0.000000000000000000e+00 0.000000000000000000e+00 0.000000000000000000e+00
7.200000000000000000e+01 2.880009700723351607e-02 2.048247610377787811e-03 9.979517523896221931e-01 0.000000000000000000e+00 0.000000000000000000e+00 0.000000000000000000e+00
7.500000000000000000e+01 3.000010104920169951e-02 2.844788347746927612e-03 9.971552116522530707e-01 0.000000000000000000e+00 0.000000000000000000e+00 0.000000000000000000e+00
7.800000000000000000e+01 3.120010509116966091e-02 3.755120619025944465e-03 9.962448793809740577e-01 0.000000000000000000e+00 0.000000000000000000e+00 0.000000000000000000e+00
8.100000000000000000e+01 3.240010913313784435e-02 4.096495220755575623e-03 9.957897132453344957e-01 0.000000000000000000e+00 1.137915339098771066e-04 0.000000000000000000e+00
8.400000000000000000e+01 3.360011317510580575e-02 3.982703686845699004e-03 9.959035047792443862e-01 0.000000000000000000e+00 1.137915339098771066e-04 0.000000000000000000e+00
8.700000000000000000e+01 3.480011721707398920e-02 3.641329085116067413e-03 9.963586709148839482e-01 0.000000000000000000e+00 0.000000000000000000e+00 0.000000000000000000e+00
9.000000000000000000e+01 3.600012125904195059e-02 3.413746017296313308e-03 9.964724624487938387e-01 0.000000000000000000e+00 1.137915339098771066e-04 0.000000000000000000e+00
9.300000000000000000e+01 3.720012530101013404e-02 3.527537551206190360e-03 9.963586709148839482e-01 0.000000000000000000e+00 1.137915339098771066e-04 0.000000000000000000e+00
9.600000000000000000e+01 3.840012934297809544e-02 4.551661356395083832e-03 9.954483386436049352e-01 0.000000000000000000e+00 0.000000000000000000e+00 0.000000000000000000e+00
9.900000000000000000e+01 3.960013338494627888e-02 5.234410559854347014e-03 9.946517979062358128e-01 0.000000000000000000e+00 1.137915339098771066e-04 0.000000000000000000e+00
1.020000000000000000e+02 4.080013742691424028e-02 5.803368229403732710e-03 9.940828402366863603e-01 0.000000000000000000e+00 1.137915339098771066e-04 0.000000000000000000e+00
1.050000000000000000e+02 4.200014146888242372e-02 7.737824305871643035e-03 9.922621756941283344e-01 0.000000000000000000e+00 0.000000000000000000e+00 0.000000000000000000e+00
1.080000000000000000e+02 4.320014551085038512e-02 7.851615839781519654e-03 9.920345926263085534e-01 0.000000000000000000e+00 1.137915339098771066e-04 0.000000000000000000e+00
1.110000000000000000e+02 4.440014955281856857e-02 4.893035958124715423e-03 9.949931725079653733e-01 0.000000000000000000e+00 1.137915339098771066e-04 0.000000000000000000e+00
1.140000000000000000e+02 4.560015359478652996e-02 5.006827492034592909e-03 9.948793809740554828e-01 0.000000000000000000e+00 1.137915339098771066e-04 0.000000000000000000e+00
1.170000000000000000e+02 4.680015763675471341e-02 5.689576695493855224e-03 9.941966317705962508e-01 0.000000000000000000e+00 1.137915339098771066e-04 0.000000000000000000e+00
1.200000000000000000e+02 4.800016167872267481e-02 5.234410559854347014e-03 9.944242148384160318e-01 0.000000000000000000e+00 3.413746017296313199e-04 0.000000000000000000e+00
1.230000000000000000e+02 4.920016572069085825e-02 6.486117432862995025e-03 9.931725079654073474e-01 0.000000000000000000e+00 3.413746017296313199e-04 0.000000000000000000e+00
1.260000000000000000e+02 5.040016976265881965e-02 1.058261265361857065e-02 9.890760127446518446e-01 0.000000000000000000e+00 3.413746017296313199e-04 0.000000000000000000e+00
1.290000000000000000e+02 5.160017380462700309e-02 1.297223486572599005e-02 9.864588074647245852e-01 0.000000000000000000e+00 5.689576695493854790e-04 0.000000000000000000e+00
1.320000000000000000e+02 5.280017784659496449e-02 1.513427401001365448e-02 9.842967683204369989e-01 0.000000000000000000e+00 5.689576695493854790e-04 0.000000000000000000e+00
1.350000000000000000e+02 5.400018188856314794e-02 1.490669094219390124e-02 9.845243513882566688e-01 0.000000000000000000e+00 5.689576695493854790e-04 0.000000000000000000e+00
1.380000000000000000e+02 5.520018593053110934e-02 1.536185707783340945e-02 9.842967683204369989e-01 0.000000000000000000e+00 3.413746017296313199e-04 0.000000000000000000e+00
1.410000000000000000e+02 5.640018997249929278e-02 1.968593536640873831e-02 9.797451069640418231e-01 0.000000000000000000e+00 5.689576695493854790e-04 0.000000000000000000e+00
1.440000000000000000e+02 5.760019401446725418e-02 2.355484751934456070e-02 9.754210286754665393e-01 0.000000000000000000e+00 1.024123805188893906e-03 0.000000000000000000e+00
1.470000000000000000e+02 5.880019805643521558e-02 2.526172052799271692e-02 9.736003641329085134e-01 0.000000000000000000e+00 1.137915339098770958e-03 0.000000000000000000e+00
1.500000000000000000e+02 6.000020209840339902e-02 2.423759672280382388e-02 9.749658625398270884e-01 0.000000000000000000e+00 7.965407373691396923e-04 0.000000000000000000e+00
1.530000000000000000e+02 6.120020614037136042e-02 2.548930359581247015e-02 9.733727810650887324e-01 0.000000000000000000e+00 1.137915339098770958e-03 0.000000000000000000e+00
1.560000000000000000e+02 6.240021018233954386e-02 2.696859353664087314e-02 9.720072826581702685e-01 0.000000000000000000e+00 1.024123805188893906e-03 0.000000000000000000e+00
1.590000000000000000e+02 6.360021422430750526e-02 2.867546654528902936e-02 9.703004096495220221e-01 0.000000000000000000e+00 1.024123805188893906e-03 0.000000000000000000e+00
1.620000000000000000e+02 6.480021826627568871e-02 3.129267182521620200e-02 9.671142467000455323e-01 0.000000000000000000e+00 1.593081474738279385e-03 0.000000000000000000e+00
1.650000000000000000e+02 6.600022230824365010e-02 3.288575329995448160e-02 9.650659990896677254e-01 0.000000000000000000e+00 2.048247610377787811e-03 0.000000000000000000e+00
1.680000000000000000e+02 6.720022635021183355e-02 3.709604005461993731e-02 9.611970869367318926e-01 0.000000000000000000e+00 1.706873008648156654e-03 0.000000000000000000e+00
1.710000000000000000e+02 6.840023039217979495e-02 3.402366863905325473e-02 9.638142922166590409e-01 0.000000000000000000e+00 2.162039144287664864e-03 0.000000000000000000e+00
1.740000000000000000e+02 6.960023443414797839e-02 4.005461993627674328e-02 9.573281747837960598e-01 0.000000000000000000e+00 2.617205279927173507e-03 0.000000000000000000e+00
1.770000000000000000e+02 7.080023847611593979e-02 4.085116067364587961e-02 9.561902594446972659e-01 0.000000000000000000e+00 2.958579881656804664e-03 0.000000000000000000e+00
1.800000000000000000e+02 7.200024251808412323e-02 4.358215748748293233e-02 9.538006372325898985e-01 0.000000000000000000e+00 2.617205279927173507e-03 0.000000000000000000e+00
1.830000000000000000e+02 7.320024656005208463e-02 4.380974055530268557e-02 9.539144287664997890e-01 0.000000000000000000e+00 2.275830678197541916e-03 0.000000000000000000e+00
1.860000000000000000e+02 7.440025060202026808e-02 4.608557123350022489e-02 9.511834319526627501e-01 0.000000000000000000e+00 2.730996813837050560e-03 0.000000000000000000e+00
1.890000000000000000e+02 7.560025464398822947e-02 4.733727810650887463e-02 9.498179335457441752e-01 0.000000000000000000e+00 2.844788347746927612e-03 0.000000000000000000e+00
1.920000000000000000e+02 7.680025868595641292e-02 4.722348657259899801e-02 9.501593081474738467e-01 0.000000000000000000e+00 2.617205279927173507e-03 0.000000000000000000e+00
1.950000000000000000e+02 7.800026272792437432e-02 4.881656804733727761e-02 9.489076012744651623e-01 0.000000000000000000e+00 2.275830678197541916e-03 0.000000000000000000e+00
1.980000000000000000e+02 7.920026676989255776e-02 5.405097860719162289e-02 9.429904415111515226e-01 0.000000000000000000e+00 2.958579881656804664e-03 0.000000000000000000e+00
2.010000000000000000e+02 8.040027081186051916e-02 6.030951297223486468e-02 9.374146563495675544e-01 0.000000000000000000e+00 2.275830678197541916e-03 0.000000000000000000e+00
2.040000000000000000e+02 8.160027485382870260e-02 6.201638598088302090e-02 9.351388256713700775e-01 0.000000000000000000e+00 2.844788347746927612e-03 0.000000000000000000e+00
2.070000000000000000e+02 8.280027889579666400e-02 6.281292671825215723e-02 9.346836595357305155e-01 0.000000000000000000e+00 2.503413746017296455e-03 0.000000000000000000e+00
2.100000000000000000e+02 8.400028293776484745e-02 6.702321347291761988e-02 9.296768320436959998e-01 0.000000000000000000e+00 3.299954483386436255e-03 0.000000000000000000e+00
2.130000000000000000e+02 8.520028697973280885e-02 7.464724624487938109e-02 9.221665908056441152e-01 0.000000000000000000e+00 3.186162949476558769e-03 0.000000000000000000e+00
2.160000000000000000e+02 8.640029102170077024e-02 8.158852981338188259e-02 9.147701411015020101e-01 0.000000000000000000e+00 3.641329085116067413e-03 0.000000000000000000e+00
2.190000000000000000e+02 8.760029506366895369e-02 8.522985889849794827e-02 9.104460628129267263e-01 0.000000000000000000e+00 4.324078288575329727e-03 0.000000000000000000e+00
2.220000000000000000e+02 8.880029910563691509e-02 9.160218479745106668e-02 9.033909877105142927e-01 0.000000000000000000e+00 5.006827492034592909e-03 0.000000000000000000e+00
2.250000000000000000e+02 9.000030314760509853e-02 1.030951297223486607e-01 8.908739189804278924e-01 0.000000000000000000e+00 6.030951297223486815e-03 0.000000000000000000e+00
2.280000000000000000e+02 9.120030718957305993e-02 1.124260355029585851e-01 8.809740555302685294e-01 0.000000000000000000e+00 6.599908966772872511e-03 0.000000000000000000e+00
2.310000000000000000e+02 9.240031123154124337e-02 1.127674101046882149e-01 8.792671825216203940e-01 0.000000000000000000e+00 7.965407373691398007e-03 0.000000000000000000e+00
2.340000000000000000e+02 9.360031527350920477e-02 1.142467000455166110e-01 8.767637687756031362e-01 0.000000000000000000e+00 8.989531178880291046e-03 0.000000000000000000e+00
2.370000000000000000e+02 9.480031931547738822e-02 1.263086026399635742e-01 8.642467000455166248e-01 0.000000000000000000e+00 9.444697314519799256e-03 0.000000000000000000e+00
2.400000000000000000e+02 9.600032335744534961e-02 1.375739644970414288e-01 8.536640873918980299e-01 0.000000000000000000e+00 8.761948111060537808e-03 0.000000000000000000e+00
2.430000000000000000e+02 9.720032739941353306e-02 1.415566681838871244e-01 8.486572598998634032e-01 0.000000000000000000e+00 9.786071916249430847e-03 0.000000000000000000e+00
2.460000000000000000e+02 9.840033144138149446e-02 1.502048247610377751e-01 8.386436049157942607e-01 0.000000000000000000e+00 1.115157032316795548e-02 0.000000000000000000e+00
2.490000000000000000e+02 9.960033548334967790e-02 1.578288575329995502e-01 8.295402822030041312e-01 0.000000000000000000e+00 1.263086026399635846e-02 0.000000000000000000e+00
2.520000000000000000e+02 1.008003395253176393e-01 1.643149749658625314e-01 8.252162039144287364e-01 0.000000000000000000e+00 1.046882111970869403e-02 0.000000000000000000e+00
2.550000000000000000e+02 1.020003435672858227e-01 1.727355484751934567e-01 8.147473827947200320e-01 0.000000000000000000e+00 1.251706873008648184e-02 0.000000000000000000e+00
2.580000000000000000e+02 1.032003476092537841e-01 1.863905325443787064e-01 7.981338188438780179e-01 1.137915339098771066e-04 1.536185707783340945e-02 0.000000000000000000e+00
2.610000000000000000e+02 1.044003516512219676e-01 2.031178880291306388e-01 7.801547564861174289e-01 1.137915339098771066e-04 1.661356395084205573e-02 0.000000000000000000e+00
2.640000000000000000e+02 1.056003556931899290e-01 2.208693673190714746e-01 7.612653618570778269e-01 1.137915339098771066e-04 1.775147928994082885e-02 0.000000000000000000e+00
2.670000000000000000e+02 1.068003597351581124e-01 2.341829767865270806e-01 7.459035047792443862e-01 2.275830678197542133e-04 1.968593536640873831e-02 0.000000000000000000e+00
2.700000000000000000e+02 1.080003637771260738e-01 2.440828402366863881e-01 7.333864360491579859e-01 2.275830678197542133e-04 2.230314064633591095e-02 0.000000000000000000e+00
2.730000000000000000e+02 1.092003678190942573e-01 2.546654528903049552e-01 7.221210741920801590e-01 3.413746017296313199e-04 2.287209831588529751e-02 0.000000000000000000e+00
2.760000000000000000e+02 1.104003718610622187e-01 2.699135184342285054e-01 7.049385525716886924e-01 1.137915339098771066e-04 2.503413746017296368e-02 0.000000000000000000e+00
2.790000000000000000e+02 1.116003759030304021e-01 2.781065088757396220e-01 6.936731907146108655e-01 1.137915339098771066e-04 2.810650887573964626e-02 0.000000000000000000e+00
2.820000000000000000e+02 1.128003799449983635e-01 2.876649977241693135e-01 6.840009103322712836e-01 1.137915339098771066e-04 2.822030040964952288e-02 0.000000000000000000e+00
2.850000000000000000e+02 1.140003839869665470e-01 3.032544378698224796e-01 6.671597633136094885e-01 2.275830678197542133e-04 2.935821574874829254e-02 0.000000000000000000e+00
2.880000000000000000e+02 1.152003880289345084e-01 3.133818843878015681e-01 6.565771506599908935e-01 1.137915339098771066e-04 2.992717341829767910e-02 0.000000000000000000e+00
2.910000000000000000e+02 1.164003920709024698e-01 3.303368229403732537e-01 6.384842967683204140e-01 1.137915339098771066e-04 3.106508875739644876e-02 0.000000000000000000e+00
2.940000000000000000e+02 1.176003961128706532e-01 3.486572598998634587e-01 6.187983614019116896e-01 1.137915339098771066e-04 3.243058716431497512e-02 0.000000000000000000e+00
2.970000000000000000e+02 1.188004001548386146e-01 3.647018661811561313e-01 6.005917159763313196e-01 0.000000000000000000e+00 3.470641784251251444e-02 0.000000000000000000e+00
3.000000000000000000e+02 1.200004041968067980e-01 3.822257624032772139e-01 5.802230314064633632e-01 1.137915339098771066e-04 3.743741465634956717e-02 0.000000000000000000e+00
3.030000000000000000e+02 1.212004082387747594e-01 3.971324533454710926e-01 5.623577605826126646e-01 3.413746017296313199e-04 4.016841147018661989e-02 0.000000000000000000e+00
3.060000000000000000e+02 1.224004122807429429e-01 4.116977696859353553e-01 5.485889849795174689e-01 3.413746017296313199e-04 3.937187073281747662e-02 0.000000000000000000e+00
3.090000000000000000e+02 1.236004163227109043e-01 4.237596722803823601e-01 5.304961310878471004e-01 3.413746017296313199e-04 4.540282203004096517e-02 0.000000000000000000e+00
3.120000000000000000e+02 1.248004203646790877e-01 4.340009103322712836e-01 5.162721893491124536e-01 1.137915339098770958e-03 4.858898497951752438e-02 0.000000000000000000e+00
3.150000000000000000e+02 1.260004244066470491e-01 4.519799726900318726e-01 4.972690031861629611e-01 1.137915339098770958e-03 4.961310878470642088e-02 0.000000000000000000e+00
3.180000000000000000e+02 1.272004284486152326e-01 4.632453345471096995e-01 4.825898953117888079e-01 1.365498406918525280e-03 5.279927173418298009e-02 0.000000000000000000e+00
3.210000000000000000e+02 1.284004324905831940e-01 4.736003641329085134e-01 4.665452890304961353e-01 1.934456076467910759e-03 5.791989076012744875e-02 0.000000000000000000e+00
3.240000000000000000e+02 1.296004365325513774e-01 4.883932635411925571e-01 4.477696859353664238e-01 2.617205279927173507e-03 6.121984524351388457e-02 0.000000000000000000e+00
3.270000000000000000e+02 1.308004405745193388e-01 5.109239872553481554e-01 4.200045516613564178e-01 2.844788347746927612e-03 6.622667273554846967e-02 0.000000000000000000e+00
3.300000000000000000e+02 1.320004446164875223e-01 5.257168866636322546e-01 3.986117432862995025e-01 2.844788347746927612e-03 7.282658170232134132e-02 0.000000000000000000e+00
3.330000000000000000e+02 1.332004486584554837e-01 5.394856622667273394e-01 3.777878925807919841e-01 3.413746017296313308e-03 7.931269913518433634e-02 0.000000000000000000e+00
3.360000000000000000e+02 1.344004527004236671e-01 5.489303595812471404e-01 3.621984524351388179e-01 4.437869822485207214e-03 8.443331816112881194e-02 0.000000000000000000e+00
3.390000000000000000e+02 1.356004567423916285e-01 5.597405553026855163e-01 3.442193900773782289e-01 4.437869822485207214e-03 9.160218479745106668e-02 0.000000000000000000e+00
3.420000000000000000e+02 1.368004607843598119e-01 5.753299954483386269e-01 3.256713700500682984e-01 4.437869822485207214e-03 9.456076467910787264e-02 0.000000000000000000e+00
3.450000000000000000e+02 1.380004648263277733e-01 5.919435593991807520e-01 3.038233955393718766e-01 4.437869822485207214e-03 9.979517523896222486e-02 0.000000000000000000e+00
3.480000000000000000e+02 1.392004688682959568e-01 6.057123350022758368e-01 2.845926263086026586e-01 5.006827492034592909e-03 1.046882111970869333e-01 0.000000000000000000e+00
3.510000000000000000e+02 1.404004729102639182e-01 6.139053254437869533e-01 2.671825216203914666e-01 6.258534365043240920e-03 1.126536185707783383e-01 0.000000000000000000e+00
3.540000000000000000e+02 1.416004769522321016e-01 6.199362767410104835e-01 2.518206645425580259e-01 6.713700500682749130e-03 1.215293582157487423e-01 0.000000000000000000e+00
3.570000000000000000e+02 1.428004809942000630e-01 6.274465179790623681e-01 2.399863450159308020e-01 7.737824305871643035e-03 1.248293126991351781e-01 0.000000000000000000e+00
3.600000000000000000e+02 1.440004850361680244e-01 6.338188438780154588e-01 2.267865270823850588e-01 9.558488848429677609e-03 1.298361401911697632e-01 0.000000000000000000e+00
3.630000000000000000e+02 1.452004890781362079e-01 6.470186618115612021e-01 2.152935821574874786e-01 9.330905780609922637e-03 1.283568502503413811e-01 0.000000000000000000e+00
3.660000000000000000e+02 1.464004931201041693e-01 6.536185707783340737e-01 2.023213472917614886e-01 1.081019572143832562e-02 1.332498862084660896e-01 0.000000000000000000e+00
3.690000000000000000e+02 1.476004971620723527e-01 6.547564861174328676e-01 1.946973145197997135e-01 1.137915339098771045e-02 1.391670459717797015e-01 0.000000000000000000e+00
3.720000000000000000e+02 1.488005012040403141e-01 6.609012289485661773e-01 1.844560764679107900e-01 1.274465179790623508e-02 1.418980427856167403e-01 0.000000000000000000e+00
3.750000000000000000e+02 1.500005052460084976e-01 6.720527992717342247e-01 1.711424670004551563e-01 1.399635867091488309e-02 1.428083750568957533e-01 0.000000000000000000e+00
3.780000000000000000e+02 1.512005092879764589e-01 6.805871643149750128e-01 1.574874829312699065e-01 1.502048247610377786e-02 1.469048702776513393e-01 0.000000000000000000e+00
3.810000000000000000e+02 1.524005133299446424e-01 6.875284478834774449e-01 1.441738734638143005e-01 1.706873008648156567e-02 1.512289485662266786e-01 0.000000000000000000e+00
3.840000000000000000e+02 1.536005173719126038e-01 6.896904870277651423e-01 1.338188438780154865e-01 1.763768775603095224e-02 1.588529813381884259e-01 0.000000000000000000e+00
3.870000000000000000e+02 1.548005214138807872e-01 6.918525261720528396e-01 1.271051433773327244e-01 1.866181156121984527e-02 1.623805188893946427e-01 0.000000000000000000e+00
3.900000000000000000e+02 1.560005254558487486e-01 6.966317705962676854e-01 1.193673190714610866e-01 1.888939462903959851e-02 1.651115157032316816e-01 0.000000000000000000e+00
3.930000000000000000e+02 1.572005294978169321e-01 6.993627674101047242e-01 1.145880746472462408e-01 1.945835229858898507e-02 1.665908056440600915e-01 0.000000000000000000e+00
3.960000000000000000e+02 1.584005335397848935e-01 7.067592171142467183e-01 1.075329995448338627e-01 1.957214383249886169e-02 1.661356395084205850e-01 0.000000000000000000e+00
3.990000000000000000e+02 1.596005375817530769e-01 7.048247610377788019e-01 1.024123805188894010e-01 2.162039144287665124e-02 1.711424670004551563e-01 0.000000000000000000e+00
4.020000000000000000e+02 1.608005416237210383e-01 7.101729631315429891e-01 9.797451069640418508e-02 2.196176604460628110e-02 1.698907601274465273e-01 0.000000000000000000e+00
4.050000000000000000e+02 1.620005456656892218e-01 7.147246244879380539e-01 9.296768320436959998e-02 2.264451524806554428e-02 1.696631770596267741e-01 0.000000000000000000e+00
4.080000000000000000e+02 1.632005497076571832e-01 7.256486117432863203e-01 8.625398270368685172e-02 2.116522530723714129e-02 1.669321802457897075e-01 0.000000000000000000e+00
4.110000000000000000e+02 1.644005537496253666e-01 7.275830678197542367e-01 8.227127901684114231e-02 2.401001365498407064e-02 1.661356395084205850e-01 0.000000000000000000e+00
4.140000000000000000e+02 1.656005577915933280e-01 7.362312243969049153e-01 8.079198907601274626e-02 2.298588984979517413e-02 1.599908966772872199e-01 0.000000000000000000e+00
4.170000000000000000e+02 1.668005618335615114e-01 7.387346381429221731e-01 7.851615839781520001e-02 2.309968138370505075e-02 1.596495220755575761e-01 0.000000000000000000e+00
4.200000000000000000e+02 1.680005658755294728e-01 7.484069185252617551e-01 7.396449704142012138e-02 2.332726445152480746e-02 1.543013199817933612e-01 0.000000000000000000e+00
4.230000000000000000e+02 1.692005699174976563e-01 7.532999544833864913e-01 6.838871187983613931e-02 2.548930359581247015e-02 1.528220300409649512e-01 0.000000000000000000e+00
4.260000000000000000e+02 1.704005739594656177e-01 7.544378698224851743e-01 6.759217114246700298e-02 2.674101046882111990e-02 1.512289485662266786e-01 0.000000000000000000e+00
4.290000000000000000e+02 1.716005780014338011e-01 7.559171597633136397e-01 6.736458807464724974e-02 2.639963586709149004e-02 1.503186162949476656e-01 0.000000000000000000e+00
4.320000000000000000e+02 1.728005820434017625e-01 7.650204824761037692e-01 6.213017751479289752e-02 2.605826126536185672e-02 1.467910787437414766e-01 0.000000000000000000e+00
4.350000000000000000e+02 1.740005860853697239e-01 7.666135639508420141e-01 5.962676376877560497e-02 2.526172052799271692e-02 1.484979517523896120e-01 0.000000000000000000e+00
4.380000000000000000e+02 1.752005901273379074e-01 7.688893946290396020e-01 5.564406008192990249e-02 2.753755120619025970e-02 1.479289940828402428e-01 0.000000000000000000e+00
4.410000000000000000e+02 1.764005941693058688e-01 7.774237596722803900e-01 5.234410559854346667e-02 2.742375967228038308e-02 1.428083750568957533e-01 0.000000000000000000e+00
4.440000000000000000e+02 1.776005982112740522e-01 7.799271734182976479e-01 5.018206645425580398e-02 2.730996813837050646e-02 1.425807919890760000e-01 0.000000000000000000e+00
4.470000000000000000e+02 1.788006022532420136e-01 7.824305871643150168e-01 4.824761037778789452e-02 2.969959035047792587e-02 1.396222121074192080e-01 0.000000000000000000e+00
4.500000000000000000e+02 1.800006062952101971e-01 7.875512061902594230e-01 4.619936276741010150e-02 2.867546654528902936e-02 1.375739644970414288e-01 0.000000000000000000e+00
4.530000000000000000e+02 1.812006103371781585e-01 7.911925352753754748e-01 4.403732362312243881e-02 2.753755120619025970e-02 1.372325898953117851e-01 0.000000000000000000e+00
4.560000000000000000e+02 1.824006143791463419e-01 7.938097405553027341e-01 4.369594902139280895e-02 2.856167501137915274e-02 1.339326354119253493e-01 0.000000000000000000e+00
4.590000000000000000e+02 1.836006184211143033e-01 7.950614474283113076e-01 4.255803368229403583e-02 2.867546654528902936e-02 1.337050523441055960e-01 0.000000000000000000e+00
4.620000000000000000e+02 1.848006224630824867e-01 7.973372781065088954e-01 4.221665908056440597e-02 3.163404642694583185e-02 1.288120163859808875e-01 0.000000000000000000e+00
4.650000000000000000e+02 1.860006265050504481e-01 8.060992262175694645e-01 4.050978607191624975e-02 3.072371415566681890e-02 1.226672735548475224e-01 0.000000000000000000e+00
4.680000000000000000e+02 1.872006305470186316e-01 8.131543013199817871e-01 4.164770141101502288e-02 3.083750568957669552e-02 1.143604915794264876e-01 0.000000000000000000e+00
4.710000000000000000e+02 1.884006345889865930e-01 8.172507965407374009e-01 3.834774692762858705e-02 3.322712790168411146e-02 1.111743286299499284e-01 0.000000000000000000e+00
4.740000000000000000e+02 1.896006386309547764e-01 8.219162494310423561e-01 3.812016385980882688e-02 3.174783796085571541e-02 1.082157487482931224e-01 0.000000000000000000e+00
4.770000000000000000e+02 1.908006426729227378e-01 8.280609922621756658e-01 3.550295857988165771e-02 3.186162949476559203e-02 1.045744196631770567e-01 0.000000000000000000e+00
4.800000000000000000e+02 1.920006467148909213e-01 8.313609467455621571e-01 3.470641784251251444e-02 3.277196176604460498e-02 1.011606736458807443e-01 0.000000000000000000e+00
4.830000000000000000e+02 1.932006507568588827e-01 8.327264451524806210e-01 3.618570778334091742e-02 3.174783796085571541e-02 9.934000910332271839e-02 0.000000000000000000e+00
4.860000000000000000e+02 1.944006547988270661e-01 8.397815202548930547e-01 3.504779244424215123e-02 3.174783796085571541e-02 9.342284934000910646e-02 0.000000000000000000e+00
4.890000000000000000e+02 1.956006588407950275e-01 8.454710969503869133e-01 3.436504324078288458e-02 3.140646335912607862e-02 8.875739644970413733e-02 0.000000000000000000e+00
4.920000000000000000e+02 1.968006628827632110e-01 8.513882567137005530e-01 3.413746017296313134e-02 3.072371415566681890e-02 8.375056895766955223e-02 0.000000000000000000e+00
4.950000000000000000e+02 1.980006669247311724e-01 8.532089212562585789e-01 3.163404642694583185e-02 3.243058716431497512e-02 8.272644515248064878e-02 0.000000000000000000e+00
4.980000000000000000e+02 1.992006709666993558e-01 8.545744196631770428e-01 3.288575329995448160e-02 3.243058716431497512e-02 8.010923987255348655e-02 0.000000000000000000e+00
5.010000000000000000e+02 2.004006750086673172e-01 8.570778334091943007e-01 3.174783796085571541e-02 3.277196176604460498e-02 7.840236686390532339e-02 0.000000000000000000e+00
5.040000000000000000e+02 2.016006790506352786e-01 8.573054164770140817e-01 3.197542102867546865e-02 3.345471096950387163e-02 7.726445152480655720e-02 0.000000000000000000e+00
5.070000000000000000e+02 2.028006830926034620e-01 8.600364132908511205e-01 3.049613108784706567e-02 3.277196176604460498e-02 7.669549385525717411e-02 0.000000000000000000e+00
5.100000000000000000e+02 2.040006871345714234e-01 8.616294947655894765e-01 2.901684114701866268e-02 3.254437869822485174e-02 7.680928538916705073e-02 0.000000000000000000e+00
5.130000000000000000e+02 2.052006911765396069e-01 8.653846153846154188e-01 2.935821574874829254e-02 3.220300409649522189e-02 7.305416477014110843e-02 0.000000000000000000e+00
5.160000000000000000e+02 2.064006952185075683e-01 8.623122439690487084e-01 2.924442421483841592e-02 3.459262630860263782e-02 7.385070550751024476e-02 0.000000000000000000e+00
5.190000000000000000e+02 2.076006992604757517e-01 8.614019116977696955e-01 2.924442421483841592e-02 3.607191624943104080e-02 7.328174783796086167e-02 0.000000000000000000e+00
5.220000000000000000e+02 2.088007033024437131e-01 8.690259444697314706e-01 2.901684114701866268e-02 3.538916704597178109e-02 6.656804733727811341e-02 0.000000000000000000e+00
5.250000000000000000e+02 2.100007073444118966e-01 8.739189804278562068e-01 2.776513427401001294e-02 3.550295857988165771e-02 6.281292671825215723e-02 0.000000000000000000e+00
5.280000000000000000e+02 2.112007113863798580e-01 8.748293126991352198e-01 2.844788347746927612e-02 3.482020937642239106e-02 6.190259444697314428e-02 0.000000000000000000e+00
5.310000000000000000e+02 2.124007154283480414e-01 8.780154756486117096e-01 2.685480200273099652e-02 3.413746017296313134e-02 6.099226217569413133e-02 0.000000000000000000e+00
5.340000000000000000e+02 2.136007194703160028e-01 8.832498862084661173e-01 2.571688666363222686e-02 3.117888029130632538e-02 5.985434683659535821e-02 0.000000000000000000e+00
5.370000000000000000e+02 2.148007235122841863e-01 8.868912152935821691e-01 2.503413746017296368e-02 3.072371415566681890e-02 5.735093309057805872e-02 0.000000000000000000e+00
5.400000000000000000e+02 2.160007275542521477e-01 8.907601274465180019e-01 2.480655439235321044e-02 3.095129722348657214e-02 5.348202093764223980e-02 0.000000000000000000e+00
5.430000000000000000e+02 2.172007315962203311e-01 8.922394173873463563e-01 2.480655439235321044e-02 3.208921256258534527e-02 5.086481565771506369e-02 0.000000000000000000e+00
5.460000000000000000e+02 2.184007356381882925e-01 8.929221665908056993e-01 2.457897132453345374e-02 3.311333636777423484e-02 4.938552571688666071e-02 0.000000000000000000e+00
5.490000000000000000e+02 2.196007396801564759e-01 8.905325443786982209e-01 2.457897132453345374e-02 3.356850250341374825e-02 5.131998179335457710e-02 0.000000000000000000e+00
5.520000000000000000e+02 2.208007437221244373e-01 8.913290851160673434e-01 2.480655439235321044e-02 3.459262630860263782e-02 4.927173418297678409e-02 0.000000000000000000e+00
5.550000000000000000e+02 2.220007477640926208e-01 8.901911697769685494e-01 2.537551206190259354e-02 3.561675011379153433e-02 4.881656804733727761e-02 0.000000000000000000e+00
5.580000000000000000e+02 2.232007518060605822e-01 8.951979972690031762e-01 2.275830678197542090e-02 3.561675011379153433e-02 4.631315430131998506e-02 1.137915339098771066e-04
5.610000000000000000e+02 2.244007558480287656e-01 8.933773327264451503e-01 2.389622212107419055e-02 3.516158397815202785e-02 4.745106964041875125e-02 1.137915339098771066e-04
5.640000000000000000e+02 2.256007598899967270e-01 8.947428311333637252e-01 2.457897132453345374e-02 3.459262630860263782e-02 4.608557123350022489e-02 0.000000000000000000e+00
5.670000000000000000e+02 2.268007639319649105e-01 8.954255803368229572e-01 2.457897132453345374e-02 3.390987710514337811e-02 4.608557123350022489e-02 0.000000000000000000e+00
5.700000000000000000e+02 2.280007679739328719e-01 8.965634956759217511e-01 2.446517979062357712e-02 3.311333636777423484e-02 4.585798816568047165e-02 0.000000000000000000e+00
5.730000000000000000e+02 2.292007720159010553e-01 8.983841602184797770e-01 2.355484751934456070e-02 3.186162949476559203e-02 4.619936276741010150e-02 0.000000000000000000e+00
5.760000000000000000e+02 2.304007760578690167e-01 9.029358215748748417e-01 2.446517979062357712e-02 3.197542102867546865e-02 4.062357760582612637e-02 0.000000000000000000e+00
5.790000000000000000e+02 2.316007800998369781e-01 8.996358670914883504e-01 2.537551206190259354e-02 3.311333636777423484e-02 4.187528447883477611e-02 0.000000000000000000e+00
5.820000000000000000e+02 2.328007841418051616e-01 9.030496131087847322e-01 2.560309512972235024e-02 3.208921256258534527e-02 3.925807919890760000e-02 0.000000000000000000e+00
5.850000000000000000e+02 2.340007881837731230e-01 9.025944469731451703e-01 2.401001365498407064e-02 3.299954483386435822e-02 4.039599453800637313e-02 0.000000000000000000e+00
5.880000000000000000e+02 2.352007922257413064e-01 9.030496131087847322e-01 2.446517979062357712e-02 3.186162949476559203e-02 4.062357760582612637e-02 0.000000000000000000e+00
5.910000000000000000e+02 2.364007962677092678e-01 9.028220300409649512e-01 2.401001365498407064e-02 3.106508875739644876e-02 4.210286754665452935e-02 0.000000000000000000e+00
5.940000000000000000e+02 2.376008003096774512e-01 9.037323623122439642e-01 2.480655439235321044e-02 3.106508875739644876e-02 4.039599453800637313e-02 0.000000000000000000e+00
5.970000000000000000e+02 2.388008043516454126e-01 9.056668183887118806e-01 2.503413746017296368e-02 2.935821574874829254e-02 3.994082840236686666e-02 0.000000000000000000e+00
6.000000000000000000e+02 2.400008083936135961e-01 9.088529813381884814e-01 2.492034592626308706e-02 2.833409194355939950e-02 3.789258079198907364e-02 0.000000000000000000e+00
6.030000000000000000e+02 2.412008124355815575e-01 9.122667273554847522e-01 2.378243058716431393e-02 2.822030040964952288e-02 3.573054164770141095e-02 0.000000000000000000e+00
6.060000000000000000e+02 2.424008164775497409e-01 9.159080564406008040e-01 2.332726445152480746e-02 2.776513427401001294e-02 3.299954483386435822e-02 0.000000000000000000e+00
6.090000000000000000e+02 2.436008205195177023e-01 9.161356395084205850e-01 2.309968138370505075e-02 2.913063268092853930e-02 3.163404642694583185e-02 0.000000000000000000e+00
6.120000000000000000e+02 2.448008245614858858e-01 9.132908511606736557e-01 2.469276285844333035e-02 2.958579881656804578e-02 3.243058716431497512e-02 0.000000000000000000e+00
6.150000000000000000e+02 2.460008286034538472e-01 9.139736003641328876e-01 2.457897132453345374e-02 2.878925807919890598e-02 3.265817023213472836e-02 0.000000000000000000e+00
6.180000000000000000e+02 2.472008326454220306e-01 9.178425125170687204e-01 2.298588984979517413e-02 2.799271734182976618e-02 3.117888029130632538e-02 0.000000000000000000e+00
6.210000000000000000e+02 2.484008366873899920e-01 9.186390532544378429e-01 2.355484751934456070e-02 2.981338188438780248e-02 2.799271734182976618e-02 0.000000000000000000e+00
6.240000000000000000e+02 2.496008407293581755e-01 9.193218024578971859e-01 2.253072371415566766e-02 2.844788347746927612e-02 2.969959035047792587e-02 0.000000000000000000e+00
6.270000000000000000e+02 2.508008447713261369e-01 9.211424670004552118e-01 2.355484751934456070e-02 2.765134274010013632e-02 2.765134274010013632e-02 0.000000000000000000e+00
6.300000000000000000e+02 2.520008488132943203e-01 9.241010468821119206e-01 2.207555757851615771e-02 2.719617660446062984e-02 2.662721893491124328e-02 0.000000000000000000e+00
6.330000000000000000e+02 2.532008528552622817e-01 9.267182521620391800e-01 2.287209831588529751e-02 2.605826126536185672e-02 2.435138825671370050e-02 0.000000000000000000e+00
6.360000000000000000e+02 2.544008568972304651e-01 9.274010013654984119e-01 2.287209831588529751e-02 2.662721893491124328e-02 2.309968138370505075e-02 0.000000000000000000e+00
6.390000000000000000e+02 2.556008609391984265e-01 9.256941283568502765e-01 2.332726445152480746e-02 2.787892580791988956e-02 2.298588984979517413e-02 1.137915339098771066e-04
6.420000000000000000e+02 2.568008649811666100e-01 9.259217114246700575e-01 2.332726445152480746e-02 2.674101046882111990e-02 2.401001365498407064e-02 0.000000000000000000e+00
6.450000000000000000e+02 2.580008690231345714e-01 9.226217569412835662e-01 2.457897132453345374e-02 2.844788347746927612e-02 2.423759672280382388e-02 1.137915339098771066e-04
6.480000000000000000e+02 2.592008730651025328e-01 9.229631315430132377e-01 2.309968138370505075e-02 2.742375967228038308e-02 2.639963586709149004e-02 1.137915339098771066e-04
6.510000000000000000e+02 2.604008771070707162e-01 9.233045061447427981e-01 2.344105598543468408e-02 2.787892580791988956e-02 2.537551206190259354e-02 0.000000000000000000e+00
6.540000000000000000e+02 2.616008811490386776e-01 9.243286299499317016e-01 2.253072371415566766e-02 2.765134274010013632e-02 2.537551206190259354e-02 1.137915339098771066e-04
6.570000000000000000e+02 2.628008851910068611e-01 9.262630860263996180e-01 2.173418297678652786e-02 2.674101046882111990e-02 2.514792899408284030e-02 1.137915339098771066e-04
6.600000000000000000e+02 2.640008892329748225e-01 9.281975421028675344e-01 2.127901684114701791e-02 2.583067819754210348e-02 2.457897132453345374e-02 1.137915339098771066e-04
6.630000000000000000e+02 2.652008932749430059e-01 9.281975421028675344e-01 2.071005917159763482e-02 2.548930359581247015e-02 2.548930359581247015e-02 1.137915339098771066e-04
6.660000000000000000e+02 2.664008973169109673e-01 9.272872098315885214e-01 2.241693218024579104e-02 2.605826126536185672e-02 2.423759672280382388e-02 0.000000000000000000e+00
6.690000000000000000e+02 2.676009013588791507e-01 9.303595812471552318e-01 2.139280837505689453e-02 2.537551206190259354e-02 2.287209831588529751e-02 0.000000000000000000e+00
6.720000000000000000e+02 2.688009054008471121e-01 9.314974965862540257e-01 2.139280837505689453e-02 2.389622212107419055e-02 2.321347291761493084e-02 0.000000000000000000e+00
6.750000000000000000e+02 2.700009094428152956e-01 9.313837050523441352e-01 2.082385070550751144e-02 2.537551206190259354e-02 2.241693218024579104e-02 0.000000000000000000e+00
6.780000000000000000e+02 2.712009134847832570e-01 9.301319981793354508e-01 2.184797451069640448e-02 2.617205279927173334e-02 2.184797451069640448e-02 0.000000000000000000e+00
6.810000000000000000e+02 2.724009175267514404e-01 9.300182066454255603e-01 2.230314064633591095e-02 2.662721893491124328e-02 2.105143377332726468e-02 0.000000000000000000e+00
