# itime ezz other fcc hcp bcc ico
0.000000000000000000e+00 0.000000000000000000e+00 1.024123805188893906e-03 9.989758761948110966e-01 0.000000000000000000e+00 0.000000000000000000e+00 0.000000000000000000e+00
2.500000000000000000e+01 1.000040209532038205e-03 4.551661356395084266e-04 9.995448338643604380e-01 0.000000000000000000e+00 0.000000000000000000e+00 0.000000000000000000e+00
5.000000000000000000e+01 2.000080419064298454e-03 2.275830678197541916e-03 9.977241693218024121e-01 0.000000000000000000e+00 0.000000000000000000e+00 0.000000000000000000e+00
7.500000000000000000e+01 3.000120628596336658e-03 3.413746017296313199e-04 9.996586253982703285e-01 0.000000000000000000e+00 0.000000000000000000e+00 0.000000000000000000e+00
1.000000000000000000e+02 4.000160838128596907e-03 1.137915339098770958e-03 9.988620846609012061e-01 0.000000000000000000e+00 0.000000000000000000e+00 0.000000000000000000e+00
1.250000000000000000e+02 5.000201047660635112e-03 2.048247610377787811e-03 9.979517523896221931e-01 0.000000000000000000e+00 0.000000000000000000e+00 0.000000000000000000e+00
1.500000000000000000e+02 6.000241257192895361e-03 6.827492034592626399e-04 9.992034592626308775e-01 0.000000000000000000e+00 1.137915339098771066e-04 0.000000000000000000e+00
1.750000000000000000e+02 7.000281466724933566e-03 1.479289940828402332e-03 9.985207100591716456e-01 0.000000000000000000e+00 0.000000000000000000e+00 0.000000000000000000e+00
2.000000000000000000e+02 8.000321676257193815e-03 9.103322712790168532e-04 9.990896677287209870e-01 0.000000000000000000e+00 0.000000000000000000e+00 0.000000000000000000e+00
2.250000000000000000e+02 9.000361885789232019e-03 1.024123805188893906e-03 9.989758761948110966e-01 0.000000000000000000e+00 0.000000000000000000e+00 0.000000000000000000e+00
2.500000000000000000e+02 1.000040209532149227e-02 6.827492034592626399e-04 9.993172507965407680e-01 0.000000000000000000e+00 0.000000000000000000e+00 0.000000000000000000e+00
2.750000000000000000e+02 1.100044230485353047e-02 1.024123805188893906e-03 9.988620846609012061e-01 0.000000000000000000e+00 1.137915339098771066e-04 0.000000000000000000e+00
3.000000000000000000e+02 1.200048251438556868e-02 1.706873008648156654e-03 9.982931269913518646e-01 0.000000000000000000e+00 0.000000000000000000e+00 0.000000000000000000e+00
3.250000000000000000e+02 1.300052272391782893e-02 3.186162949476558769e-03 9.968138370505233992e-01 0.000000000000000000e+00 0.000000000000000000e+00 0.000000000000000000e+00
3.500000000000000000e+02 1.400056293344986713e-02 1.593081474738279385e-03 9.984069185252617551e-01 0.000000000000000000e+00 0.000000000000000000e+00 0.000000000000000000e+00
3.750000000000000000e+02 1.500060314298212738e-02 2.048247610377787811e-03 9.978379608557123026e-01 0.000000000000000000e+00 1.137915339098771066e-04 0.000000000000000000e+00
4.000000000000000000e+02 1.600064335251416558e-02 3.413746017296313308e-03 9.965862539827037292e-01 0.000000000000000000e+00 0.000000000000000000e+00 0.000000000000000000e+00
4.250000000000000000e+02 1.700068356204642583e-02 1.365498406918525280e-03 9.986345015930814251e-01 0.000000000000000000e+00 0.000000000000000000e+00 0.000000000000000000e+00
4.500000000000000000e+02 1.800072377157846404e-02 1.137915339098770958e-03 9.988620846609012061e-01 0.000000000000000000e+00 0.000000000000000000e+00 0.000000000000000000e+00
4.750000000000000000e+02 1.900076398111072429e-02 2.389622212107419402e-03 9.976103777878926326e-01 0.000000000000000000e+00 0.000000000000000000e+00 0.000000000000000000e+00
5.000000000000000000e+02 2.000080419064276249e-02 2.389622212107419402e-03 9.974965862539827421e-01 0.000000000000000000e+00 1.137915339098771066e-04 0.000000000000000000e+00
5.250000000000000000e+02 2.100084440017502274e-02 1.365498406918525280e-03 9.986345015930814251e-01 0.000000000000000000e+00 0.000000000000000000e+00 0.000000000000000000e+00
5.500000000000000000e+02 2.200088460970706095e-02 1.479289940828402332e-03 9.985207100591716456e-01 0.000000000000000000e+00 0.000000000000000000e+00 0.000000000000000000e+00
5.750000000000000000e+02 2.300092481923909915e-02 3.413746017296313308e-03 9.963586709148839482e-01 0.000000000000000000e+00 2.275830678197542133e-04 0.000000000000000000e+00
6.000000000000000000e+02 2.400096502877135940e-02 2.958579881656804664e-03 9.970414201183431802e-01 0.000000000000000000e+00 0.000000000000000000e+00 0.000000000000000000e+00
6.250000000000000000e+02 2.500100523830339760e-02 2.617205279927173507e-03 9.973827947200728516e-01 0.000000000000000000e+00 0.000000000000000000e+00 0.000000000000000000e+00
6.500000000000000000e+02 2.600104544783565785e-02 3.641329085116067413e-03 9.962448793809740577e-01 0.000000000000000000e+00 1.137915339098771066e-04 0.000000000000000000e+00
6.750000000000000000e+02 2.700108565736769606e-02 4.437869822485207214e-03 9.954483386436049352e-01 0.000000000000000000e+00 1.137915339098771066e-04 0.000000000000000000e+00
7.000000000000000000e+02 2.800112586689995631e-02 3.413746017296313308e-03 9.964724624487938387e-01 0.000000000000000000e+00 1.137915339098771066e-04 0.000000000000000000e+00
7.250000000000000000e+02 2.900116607643199451e-02 2.958579881656804664e-03 9.969276285844332897e-01 0.000000000000000000e+00 1.137915339098771066e-04 0.000000000000000000e+00
7.500000000000000000e+02 3.000120628596425476e-02 4.779244424214838804e-03 9.951069640418752638e-01 0.000000000000000000e+00 1.137915339098771066e-04 0.000000000000000000e+00
7.750000000000000000e+02 3.100124649549629297e-02 5.348202093764223633e-03 9.946517979062358128e-01 0.000000000000000000e+00 0.000000000000000000e+00 0.000000000000000000e+00
8.000000000000000000e+02 3.200128670502855321e-02 5.575785161583977738e-03 9.944242148384160318e-01 0.000000000000000000e+00 0.000000000000000000e+00 0.000000000000000000e+00
8.250000000000000000e+02 3.300132691456059142e-02 5.006827492034592909e-03 9.949931725079653733e-01 0.000000000000000000e+00 0.000000000000000000e+00 0.000000000000000000e+00
8.500000000000000000e+02 3.400136712409262962e-02 7.282658170232134826e-03 9.926035502958580059e-01 0.000000000000000000e+00 1.137915339098771066e-04 0.000000000000000000e+00
8.750000000000000000e+02 3.500140733362488987e-02 7.055075102412380721e-03 9.929449248975875664e-01 0.000000000000000000e+00 0.000000000000000000e+00 0.000000000000000000e+00
9.000000000000000000e+02 3.600144754315692808e-02 6.486117432862995025e-03 9.932862994993172379e-01 0.000000000000000000e+00 2.275830678197542133e-04 0.000000000000000000e+00
9.250000000000000000e+02 3.700148775268918833e-02 6.827492034592626616e-03 9.930587164314974569e-01 0.000000000000000000e+00 1.137915339098771066e-04 0.000000000000000000e+00
9.500000000000000000e+02 3.800152796222122653e-02 6.941283568502503235e-03 9.928311333636777869e-01 0.000000000000000000e+00 2.275830678197542133e-04 0.000000000000000000e+00
9.750000000000000000e+02 3.900156817175348678e-02 7.396449704142011444e-03 9.926035502958580059e-01 0.000000000000000000e+00 0.000000000000000000e+00 0.000000000000000000e+00
1.000000000000000000e+03 4.000160838128552498e-02 6.258534365043240920e-03 9.937414656349567998e-01 0.000000000000000000e+00 0.000000000000000000e+00 0.000000000000000000e+00
1.025000000000000000e+03 4.100164859081778523e-02 6.599908966772872511e-03 9.930587164314974569e-01 0.000000000000000000e+00 3.413746017296313199e-04 0.000000000000000000e+00
1.050000000000000000e+03 4.200168880034982344e-02 7.624032771961766417e-03 9.922621756941283344e-01 0.000000000000000000e+00 1.137915339098771066e-04 0.000000000000000000e+00
1.075000000000000000e+03 4.300172900988208369e-02 4.551661356395083832e-03 9.952207555757851543e-01 0.000000000000000000e+00 2.275830678197542133e-04 0.000000000000000000e+00
1.100000000000000000e+03 4.400176921941412189e-02 9.444697314519799256e-03 9.903277196176604180e-01 0.000000000000000000e+00 2.275830678197542133e-04 0.000000000000000000e+00
1.125000000000000000e+03 4.500180942894616010e-02 8.534365043240782836e-03 9.912380518889394310e-01 0.000000000000000000e+00 2.275830678197542133e-04 0.000000000000000000e+00
1.150000000000000000e+03 4.600184963847842035e-02 1.354119253527537488e-02 9.862312243969049153e-01 0.000000000000000000e+00 2.275830678197542133e-04 0.000000000000000000e+00
1.175000000000000000e+03 4.700188984801045855e-02 9.103322712790167665e-03 9.905553026854801990e-01 0.000000000000000000e+00 3.413746017296313199e-04 0.000000000000000000e+00
1.200000000000000000e+03 4.800193005754271880e-02 9.786071916249430847e-03 9.901001365498406370e-01 0.000000000000000000e+00 1.137915339098771066e-04 0.000000000000000000e+00
1.225000000000000000e+03 4.900197026707475700e-02 1.399635867091488309e-02 9.854346836595356818e-01 0.000000000000000000e+00 5.689576695493854790e-04 0.000000000000000000e+00
1.250000000000000000e+03 5.000201047660701725e-02 1.422394173873463806e-02 9.856622667273554628e-01 0.000000000000000000e+00 1.137915339098771066e-04 0.000000000000000000e+00
1.275000000000000000e+03 5.100205068613905546e-02 1.649977241693217911e-02 9.829312699135184239e-01 0.000000000000000000e+00 5.689576695493854790e-04 0.000000000000000000e+00
1.300000000000000000e+03 5.200209089567131571e-02 1.115157032316795548e-02 9.881656804733728316e-01 0.000000000000000000e+00 6.827492034592626399e-04 0.000000000000000000e+00
1.325000000000000000e+03 5.300213110520335391e-02 1.866181156121984527e-02 9.805416477014110566e-01 0.000000000000000000e+00 7.965407373691396923e-04 0.000000000000000000e+00
1.350000000000000000e+03 5.400217131473561416e-02 1.581702321347291593e-02 9.831588529813382049e-01 0.000000000000000000e+00 1.024123805188893906e-03 0.000000000000000000e+00
1.375000000000000000e+03 5.500221152426765236e-02 1.604460628129267263e-02 9.836140191169776559e-01 0.000000000000000000e+00 3.413746017296313199e-04 0.000000000000000000e+00
1.400000000000000000e+03 5.600225173379969057e-02 2.218934911242603433e-02 9.771279016841146747e-01 0.000000000000000000e+00 6.827492034592626399e-04 0.000000000000000000e+00
1.425000000000000000e+03 5.700229194333195082e-02 1.934456076467910846e-02 9.798588984979517136e-01 0.000000000000000000e+00 7.965407373691396923e-04 0.000000000000000000e+00
1.450000000000000000e+03 5.800233215286398902e-02 2.344105598543468408e-02 9.758761948111061013e-01 0.000000000000000000e+00 6.827492034592626399e-04 0.000000000000000000e+00
1.475000000000000000e+03 5.900237236239624927e-02 1.934456076467910846e-02 9.789485662266727006e-01 0.000000000000000000e+00 1.706873008648156654e-03 0.000000000000000000e+00
1.500000000000000000e+03 6.000241257192828748e-02 2.116522530723714129e-02 9.786071916249431402e-01 0.000000000000000000e+00 2.275830678197542133e-04 0.000000000000000000e+00
1.525000000000000000e+03 6.100245278146054773e-02 2.981338188438780248e-02 9.687073281747837772e-01 0.000000000000000000e+00 1.479289940828402332e-03 0.000000000000000000e+00
1.550000000000000000e+03 6.200249299099258593e-02 2.992717341829767910e-02 9.691624943104233392e-01 0.000000000000000000e+00 9.103322712790168532e-04 0.000000000000000000e+00
1.575000000000000000e+03 6.300253320052484618e-02 3.857532999544834029e-02 9.597177969959035382e-01 0.000000000000000000e+00 1.706873008648156654e-03 0.000000000000000000e+00
1.600000000000000000e+03 6.400257341005688438e-02 3.379608557123350149e-02 9.643832498862084934e-01 0.000000000000000000e+00 1.820664542558033706e-03 0.000000000000000000e+00
1.625000000000000000e+03 6.500261361958914463e-02 3.470641784251251444e-02 9.624487938097405770e-01 0.000000000000000000e+00 2.844788347746927612e-03 0.000000000000000000e+00
1.650000000000000000e+03 6.600265382912118284e-02 4.050978607191624975e-02 9.576695493855257313e-01 0.000000000000000000e+00 1.820664542558033706e-03 0.000000000000000000e+00
1.675000000000000000e+03 6.700269403865322104e-02 4.403732362312243881e-02 9.534592626308602270e-01 0.000000000000000000e+00 2.503413746017296455e-03 0.000000000000000000e+00
1.700000000000000000e+03 6.800273424818548129e-02 4.654073736913973830e-02 9.502730996813837372e-01 0.000000000000000000e+00 3.186162949476558769e-03 0.000000000000000000e+00
1.725000000000000000e+03 6.900277445771751950e-02 5.166135639508420696e-02 9.459490213928083424e-01 0.000000000000000000e+00 2.389622212107419402e-03 0.000000000000000000e+00
1.750000000000000000e+03 7.000281466724977975e-02 5.188893946290396020e-02 9.462903959945380139e-01 0.000000000000000000e+00 1.820664542558033706e-03 0.000000000000000000e+00
1.775000000000000000e+03 7.100285487678181795e-02 5.450614474283113631e-02 9.418525261720528396e-01 0.000000000000000000e+00 3.641329085116067413e-03 0.000000000000000000e+00
1.800000000000000000e+03 7.200289508631407820e-02 5.166135639508420696e-02 9.446973145197997690e-01 0.000000000000000000e+00 3.641329085116067413e-03 0.000000000000000000e+00
1.825000000000000000e+03 7.300293529584611640e-02 5.780609922621757213e-02 9.384387801547564578e-01 0.000000000000000000e+00 3.755120619025944465e-03 0.000000000000000000e+00
1.850000000000000000e+03 7.400297550537837665e-02 6.634046426945834629e-02 9.296768320436959998e-01 0.000000000000000000e+00 3.982703686845699004e-03 0.000000000000000000e+00
1.875000000000000000e+03 7.500301571491041486e-02 6.474738279472007363e-02 9.312699135184342447e-01 0.000000000000000000e+00 3.982703686845699004e-03 0.000000000000000000e+00
1.900000000000000000e+03 7.600305592444267511e-02 7.020937642239417908e-02 9.258079198907601670e-01 0.000000000000000000e+00 3.982703686845699004e-03 0.000000000000000000e+00
1.925000000000000000e+03 7.700309613397471331e-02 6.463359126081019701e-02 9.311561219845243542e-01 0.000000000000000000e+00 4.210286754665453109e-03 0.000000000000000000e+00
1.950000000000000000e+03 7.800313634350675152e-02 7.510241238051888757e-02 9.195493855257168558e-01 0.000000000000000000e+00 5.348202093764223633e-03 0.000000000000000000e+00
1.975000000000000000e+03 7.900317655303901176e-02 7.203004096495220498e-02 9.211424670004552118e-01 0.000000000000000000e+00 6.827492034592626616e-03 0.000000000000000000e+00
2.000000000000000000e+03 8.000321676257104997e-02 1.026399635867091542e-01 8.885980883022303045e-01 0.000000000000000000e+00 8.761948111060537808e-03 0.000000000000000000e+00
2.025000000000000000e+03 8.100325697210331022e-02 1.044606281292671801e-01 8.846153846153845812e-01 0.000000000000000000e+00 1.092398725534820224e-02 0.000000000000000000e+00
2.050000000000000000e+03 8.200329718163534842e-02 1.018434228493400040e-01 8.857532999544833752e-01 0.000000000000000000e+00 1.240327719617660522e-02 0.000000000000000000e+00
2.075000000000000000e+03 8.300333739116760867e-02 1.209604005461993592e-01 8.621984524351388179e-01 0.000000000000000000e+00 1.684114701866181243e-02 0.000000000000000000e+00
2.100000000000000000e+03 8.400337760069964688e-02 1.446290395994538069e-01 8.390987710514338227e-01 1.137915339098771066e-04 1.615839781520254925e-02 0.000000000000000000e+00
2.125000000000000000e+03 8.500341781023190713e-02 1.512289485662266786e-01 8.254437869822485174e-01 0.000000000000000000e+00 2.332726445152480746e-02 0.000000000000000000e+00
2.150000000000000000e+03 8.600345801976394533e-02 1.555530268548019901e-01 8.199817933545744397e-01 0.000000000000000000e+00 2.446517979062357712e-02 0.000000000000000000e+00
2.175000000000000000e+03 8.700349822929620558e-02 1.513427401001365413e-01 8.246472462448793950e-01 2.275830678197542133e-04 2.378243058716431393e-02 0.000000000000000000e+00
2.200000000000000000e+03 8.800353843882824378e-02 1.635184342284934089e-01 8.109922621756940897e-01 0.000000000000000000e+00 2.548930359581247015e-02 0.000000000000000000e+00
2.225000000000000000e+03 8.900357864836028199e-02 1.730769230769230727e-01 7.977924442421483464e-01 0.000000000000000000e+00 2.913063268092853930e-02 0.000000000000000000e+00
2.250000000000000000e+03 9.000361885789254224e-02 1.771734182976786587e-01 7.913063268092853653e-01 0.000000000000000000e+00 3.152025489303595523e-02 0.000000000000000000e+00
2.275000000000000000e+03 9.100365906742458044e-02 2.114246700045516736e-01 7.520482476103778069e-01 0.000000000000000000e+00 3.652708238507055422e-02 0.000000000000000000e+00
2.300000000000000000e+03 9.200369927695684069e-02 2.093764223941738667e-01 7.539827036868457233e-01 1.137915339098771066e-04 3.652708238507055422e-02 0.000000000000000000e+00
2.325000000000000000e+03 9.300373948648887890e-02 2.190487027765134209e-01 7.410104688211197610e-01 0.000000000000000000e+00 3.994082840236686666e-02 0.000000000000000000e+00
2.350000000000000000e+03 9.400377969602113915e-02 2.204142011834319403e-01 7.344105598543468894e-01 3.413746017296313199e-04 4.483386436049158208e-02 0.000000000000000000e+00
2.375000000000000000e+03 9.500381990555317735e-02 2.461310878470641672e-01 6.977696859353663683e-01 3.413746017296313199e-04 5.575785161583977911e-02 0.000000000000000000e+00
2.400000000000000000e+03 9.600386011508543760e-02 2.651342740100136597e-01 6.594219390077378229e-01 3.413746017296313199e-04 7.510241238051888757e-02 0.000000000000000000e+00
2.425000000000000000e+03 9.700390032461747580e-02 2.915339098771051463e-01 6.244879380974055483e-01 4.551661356395084266e-04 8.352298588984979899e-02 0.000000000000000000e+00
2.450000000000000000e+03 9.800394053414973605e-02 3.121301775147928836e-01 5.876194811106053573e-01 1.137915339098770958e-03 9.911242603550296515e-02 0.000000000000000000e+00
2.475000000000000000e+03 9.900398074368177426e-02 3.233955393718707105e-01 5.502958579881657153e-01 1.137915339098770958e-03 1.251706873008648080e-01 0.000000000000000000e+00
2.500000000000000000e+03 1.000040209532138125e-01 3.384160218479745352e-01 5.023896222121073674e-01 2.844788347746927612e-03 1.563495675921711403e-01 0.000000000000000000e+00
2.525000000000000000e+03 1.010040611627460727e-01 3.504779244424214846e-01 4.648384160218479999e-01 3.641329085116067413e-03 1.810423304506144637e-01 0.000000000000000000e+00
2.550000000000000000e+03 1.020041013722781109e-01 3.722121074192080159e-01 4.140873918980427781e-01 4.893035958124715423e-03 2.088074647246244975e-01 0.000000000000000000e+00
2.575000000000000000e+03 1.030041415818103712e-01 3.805188893946290229e-01 3.868912152935821691e-01 8.761948111060537808e-03 2.238279472007282667e-01 0.000000000000000000e+00
2.600000000000000000e+03 1.040041817913424094e-01 3.827947200728265553e-01 3.585571233500227661e-01 1.137915339098771045e-02 2.472690031861629611e-01 0.000000000000000000e+00
2.625000000000000000e+03 1.050042220008746696e-01 3.959945380063722986e-01 3.260127446517979144e-01 1.308602639963586667e-02 2.649066909421938787e-01 0.000000000000000000e+00
2.650000000000000000e+03 1.060042622104067078e-01 4.012289485662266508e-01 3.116750113791533772e-01 1.695493855257168905e-02 2.701411015020482309e-01 0.000000000000000000e+00
2.675000000000000000e+03 1.070043024199389681e-01 4.004324078288575284e-01 2.866408739189804100e-01 2.230314064633591095e-02 2.906235776058261333e-01 0.000000000000000000e+00
2.700000000000000000e+03 1.080043426294710063e-01 4.074874829312699065e-01 2.823167956304050707e-01 2.787892580791988956e-02 2.823167956304050707e-01 0.000000000000000000e+00
2.725000000000000000e+03 1.090043828390032665e-01 4.032771961766044577e-01 2.765134274010013771e-01 3.117888029130632538e-02 2.890304961310878329e-01 0.000000000000000000e+00
2.750000000000000000e+03 1.100044230485353047e-01 4.038461538461538547e-01 2.598998634501593075e-01 3.618570778334091742e-02 3.000682749203459343e-01 0.000000000000000000e+00
2.775000000000000000e+03 1.110044632580673429e-01 4.052116522530723741e-01 2.551206190259444617e-01 3.880291306326809353e-02 3.008648156577150568e-01 0.000000000000000000e+00
2.800000000000000000e+03 1.120045034675996032e-01 4.072598998634501810e-01 2.429449248975876219e-01 3.766499772416932040e-02 3.121301775147928836e-01 0.000000000000000000e+00
2.825000000000000000e+03 1.130045436771316414e-01 4.146563495675921751e-01 2.348657259899863403e-01 4.142011834319526964e-02 3.090578060992262288e-01 0.000000000000000000e+00
2.850000000000000000e+03 1.140045838866639016e-01 4.255803368229403860e-01 2.286071916249431124e-01 4.722348657259899801e-02 2.985889849795175244e-01 0.000000000000000000e+00
2.875000000000000000e+03 1.150046240961959398e-01 4.142011834319526686e-01 2.278106508875739622e-01 5.473372781065088954e-02 3.032544378698224796e-01 0.000000000000000000e+00
2.900000000000000000e+03 1.160046643057282001e-01 4.205735093309057593e-01 2.179107874374146547e-01 5.780609922621757213e-02 3.037096040054619861e-01 0.000000000000000000e+00
2.925000000000000000e+03 1.170047045152602383e-01 4.354802002730996935e-01 1.975421028675466428e-01 6.554392353208920996e-02 3.014337733272644537e-01 0.000000000000000000e+00
2.950000000000000000e+03 1.180047447247924985e-01 4.335457441966317771e-01 2.009558488848429691e-01 6.816112881201638607e-02 2.973372781065088954e-01 0.000000000000000000e+00
2.975000000000000000e+03 1.190047849343245367e-01 4.497041420118343402e-01 1.886663632225762388e-01 6.838871187983613931e-02 2.932407828857532817e-01 0.000000000000000000e+00
3.000000000000000000e+03 1.200048251438567970e-01 4.341147018661811741e-01 1.888939462903959920e-01 7.680928538916705073e-02 3.001820664542558248e-01 0.000000000000000000e+00
3.025000000000000000e+03 1.210048653533888352e-01 4.222803823395539502e-01 1.937869822485207005e-01 8.454710969503868856e-02 2.993855257168866468e-01 0.000000000000000000e+00
3.050000000000000000e+03 1.220049055629208734e-01 4.400318616294947582e-01 1.794492489758761911e-01 8.375056895766955223e-02 2.967683204369594985e-01 0.000000000000000000e+00
3.075000000000000000e+03 1.230049457724531337e-01 4.408284023668638807e-01 1.761492944924897552e-01 8.272644515248064878e-02 3.002958579881656598e-01 0.000000000000000000e+00
3.100000000000000000e+03 1.240049859819851719e-01 4.452662721893491105e-01 1.660218479745106945e-01 7.703686845698680397e-02 3.116750113791533772e-01 0.000000000000000000e+00
3.125000000000000000e+03 1.250050261915174321e-01 4.330905780609922706e-01 1.690942193900773771e-01 8.227127901684114231e-02 3.155439235320892100e-01 0.000000000000000000e+00
3.150000000000000000e+03 1.260050664010494703e-01 4.410559854346836617e-01 1.624943104233045055e-01 8.158852981338188259e-02 3.148611743286299225e-01 0.000000000000000000e+00
3.175000000000000000e+03 1.270051066105817306e-01 4.457214383249886169e-01 1.546426945835229771e-01 8.693673190714611143e-02 3.126991351843422806e-01 0.000000000000000000e+00
3.200000000000000000e+03 1.280051468201137688e-01 4.670004551661356418e-01 1.444014565316340537e-01 8.818843878015475424e-02 3.004096495220755503e-01 0.000000000000000000e+00
3.225000000000000000e+03 1.290051870296460290e-01 4.619936276741010706e-01 1.389394629039599482e-01 9.353664087391898307e-02 3.055302685480200120e-01 0.000000000000000000e+00
3.250000000000000000e+03 1.300052272391780672e-01 4.509558488848429691e-01 1.392808375056895642e-01 8.750568957669549452e-02 3.222576240327719721e-01 0.000000000000000000e+00
3.275000000000000000e+03 1.310052674487103275e-01 4.601729631315429891e-01 1.312016385980883104e-01 9.012289485662267063e-02 3.185025034137460298e-01 0.000000000000000000e+00
3.300000000000000000e+03 1.320053076582423657e-01 4.854346836595357373e-01 1.200500682749203463e-01 9.217114246700044977e-02 3.023441055985434667e-01 0.000000000000000000e+00
3.325000000000000000e+03 1.330053478677744039e-01 4.784934000910332497e-01 1.205052344105598527e-01 9.228493400091032639e-02 3.087164314974966128e-01 0.000000000000000000e+00
3.350000000000000000e+03 1.340053880773066641e-01 4.745106964041875264e-01 1.134501593081474746e-01 9.899863450159307465e-02 3.130405097860718966e-01 0.000000000000000000e+00
3.375000000000000000e+03 1.350054282868387023e-01 4.847519344560764498e-01 1.100364132908511622e-01 9.717796995903504875e-02 3.080336822940373254e-01 0.000000000000000000e+00
3.400000000000000000e+03 1.360054684963709626e-01 4.729176149294492260e-01 1.098088302230314089e-01 1.022985889849795244e-01 3.149749658625398130e-01 0.000000000000000000e+00
3.425000000000000000e+03 1.370055087059030008e-01 4.775830678197542367e-01 1.071916249431042328e-01 1.001365498406918547e-01 3.150887573964497035e-01 0.000000000000000000e+00
3.450000000000000000e+03 1.380055489154352610e-01 4.712107419208010906e-01 1.076467910787437393e-01 1.034365043240782905e-01 3.177059626763768518e-01 0.000000000000000000e+00
3.475000000000000000e+03 1.390055891249672992e-01 4.887346381429221731e-01 1.001365498406918547e-01 1.060537096040054666e-01 3.050751024123805055e-01 0.000000000000000000e+00
3.500000000000000000e+03 1.400056293344995595e-01 4.755348202093764298e-01 1.069640418752844796e-01 1.070778334091943562e-01 3.104233045061447482e-01 0.000000000000000000e+00
3.525000000000000000e+03 1.410056695440315977e-01 4.922621756941283344e-01 9.842967683204369156e-02 1.058261265361857134e-01 3.034820209376422606e-01 0.000000000000000000e+00
3.550000000000000000e+03 1.420057097535638579e-01 4.790623577605825911e-01 9.319526627218935322e-02 1.144742831133363642e-01 3.132680928538916776e-01 0.000000000000000000e+00
3.575000000000000000e+03 1.430057499630958961e-01 4.981793354574419741e-01 9.330905780609922984e-02 1.087847064178425194e-01 2.997269003186163183e-01 0.000000000000000000e+00
3.600000000000000000e+03 1.440057901726279344e-01 5.031861629494766008e-01 8.659535730541648157e-02 1.081019572143832458e-01 3.021165225307237412e-01 0.000000000000000000e+00
3.625000000000000000e+03 1.450058303821601946e-01 5.092171142467000200e-01 8.466090122894856518e-02 1.033227127901684139e-01 3.027992717341829731e-01 0.000000000000000000e+00
3.650000000000000000e+03 1.460058705916922328e-01 5.229858898497952158e-01 8.238507055075101893e-02 1.073054164770141095e-01 2.873236231224396975e-01 0.000000000000000000e+00
3.675000000000000000e+03 1.470059108012244931e-01 5.150204824761037692e-01 8.136094674556212936e-02 1.077605826126536159e-01 2.958579881656804855e-01 0.000000000000000000e+00
3.700000000000000000e+03 1.480059510107565313e-01 5.058033682294037492e-01 7.965407373691398007e-02 1.100364132908511622e-01 3.045061447428311086e-01 0.000000000000000000e+00
3.725000000000000000e+03 1.490059912202887915e-01 5.034137460172962708e-01 7.407828857532999800e-02 1.128812016385980915e-01 3.096267637687756258e-01 0.000000000000000000e+00
3.750000000000000000e+03 1.500060314298208297e-01 5.142239417387346467e-01 7.055075102412380894e-02 1.114019116977696816e-01 3.038233955393718766e-01 0.000000000000000000e+00
3.775000000000000000e+03 1.510060716393530900e-01 5.287892580791988539e-01 6.690942193900774326e-02 1.139053254437869811e-01 2.903959945380063523e-01 0.000000000000000000e+00
3.800000000000000000e+03 1.520061118488851282e-01 5.203686845698679564e-01 6.406463359126081392e-02 1.165225307237141572e-01 2.990441511151570309e-01 0.000000000000000000e+00
3.825000000000000000e+03 1.530061520584173884e-01 5.197997269003186149e-01 6.474738279472007363e-02 1.144742831133363642e-01 3.009786071916249472e-01 0.000000000000000000e+00
3.850000000000000000e+03 1.540061922679494266e-01 5.289030496131087444e-01 6.019572143832498806e-02 1.185707783340919502e-01 2.923304506144742687e-01 0.000000000000000000e+00
3.875000000000000000e+03 1.550062324774814648e-01 5.382339553937186549e-01 6.019572143832498806e-02 1.152708238507055144e-01 2.862994993172507940e-01 0.000000000000000000e+00
3.900000000000000000e+03 1.560062726870137251e-01 5.343650432407829332e-01 6.144742831133363781e-02 1.187983614019117035e-01 2.853891670459717811e-01 0.000000000000000000e+00
3.925000000000000000e+03 1.570063128965457633e-01 5.564406008192990249e-01 6.406463359126081392e-02 1.224396904870277691e-01 2.570550751024123781e-01 0.000000000000000000e+00
3.950000000000000000e+03 1.580063531060780235e-01 5.393718707328174489e-01 6.326809285389166371e-02 1.240327719617660418e-01 2.733272644515248317e-01 0.000000000000000000e+00
3.975000000000000000e+03 1.590063933156100617e-01 5.455166135639508695e-01 5.939918070095585173e-02 1.292671825216203940e-01 2.658170232134728916e-01 0.000000000000000000e+00
4.000000000000000000e+03 1.600064335251423220e-01 5.542785616750113276e-01 5.814747382794720199e-02 1.396222121074192080e-01 2.479517523896222209e-01 0.000000000000000000e+00
4.025000000000000000e+03 1.610064737346743602e-01 5.408511606736459143e-01 6.668183887118799003e-02 1.459945380063723264e-01 2.464724624487938109e-01 0.000000000000000000e+00
4.050000000000000000e+03 1.620065139442066204e-01 5.514337733272643982e-01 6.474738279472007363e-02 1.387118798361401950e-01 2.451069640418752915e-01 0.000000000000000000e+00
4.075000000000000000e+03 1.630065541537386586e-01 5.473372781065088954e-01 6.133363677742376119e-02 1.497496586253982687e-01 2.415794264906691025e-01 0.000000000000000000e+00
4.100000000000000000e+03 1.640065943632709189e-01 5.385753299954483264e-01 6.622667273554846967e-02 1.525944469731451980e-01 2.426035502958579781e-01 0.000000000000000000e+00
4.125000000000000000e+03 1.650066345728029571e-01 5.595129722348657353e-01 6.463359126081019701e-02 1.527082385070550885e-01 2.231451979972690070e-01 0.000000000000000000e+00
4.150000000000000000e+03 1.660066747823349953e-01 5.548475193445607800e-01 6.816112881201638607e-02 1.539599453800637174e-01 2.230314064633591165e-01 0.000000000000000000e+00
4.175000000000000000e+03 1.670067149918672555e-01 5.563268092853891345e-01 6.440600819299044377e-02 1.624943104233045055e-01 2.167728720983158885e-01 0.000000000000000000e+00
4.200000000000000000e+03 1.680067552013992938e-01 5.685025034137459743e-01 6.497496586253982687e-02 1.682976786527082269e-01 1.982248520710059303e-01 0.000000000000000000e+00
4.225000000000000000e+03 1.690067954109315540e-01 5.662266727355484974e-01 6.417842512517069054e-02 1.662494310423304478e-01 2.033454710969503920e-01 0.000000000000000000e+00
4.250000000000000000e+03 1.700068356204635922e-01 5.653163404642694845e-01 6.474738279472007363e-02 1.679563040509786109e-01 2.019799726900318726e-01 0.000000000000000000e+00
4.275000000000000000e+03 1.710068758299958525e-01 5.678197542102867423e-01 6.725079654073737312e-02 1.639736003641329154e-01 2.009558488848429691e-01 0.000000000000000000e+00
4.300000000000000000e+03 1.720069160395278907e-01 5.752162039144287364e-01 6.508875739644970349e-02 1.693218024578971304e-01 1.903732362312244020e-01 0.000000000000000000e+00
4.325000000000000000e+03 1.730069562490601509e-01 5.733955393718707105e-01 6.315430131998178709e-02 1.805871643149749572e-01 1.828629949931725174e-01 0.000000000000000000e+00
4.350000000000000000e+03 1.740069964585921891e-01 5.667956304050978389e-01 6.998179335457442585e-02 1.858215748748293095e-01 1.774010013654984119e-01 0.000000000000000000e+00
4.375000000000000000e+03 1.750070366681244494e-01 5.682749203459263043e-01 7.282658170232134132e-02 1.827492034592626269e-01 1.761492944924897552e-01 0.000000000000000000e+00
4.400000000000000000e+03 1.760070768776564876e-01 5.720300409649522466e-01 7.692307692307692735e-02 1.942421483841602070e-01 1.568047337278106468e-01 0.000000000000000000e+00
4.425000000000000000e+03 1.770071170871885258e-01 5.630405097860718966e-01 8.033682294037323979e-02 1.975421028675466428e-01 1.590805644060081792e-01 0.000000000000000000e+00
4.450000000000000000e+03 1.780071572967207860e-01 5.578060992262175999e-01 8.181611288120163583e-02 1.983386436049157930e-01 1.620391442876649990e-01 0.000000000000000000e+00
4.475000000000000000e+03 1.790071975062528242e-01 5.679335457441966328e-01 8.477469276285844180e-02 2.027765134274009950e-01 1.445152480655439164e-01 0.000000000000000000e+00
4.500000000000000000e+03 1.800072377157850845e-01 5.720300409649522466e-01 8.602639963586708460e-02 2.008420573509330787e-01 1.411015020482476179e-01 0.000000000000000000e+00
4.525000000000000000e+03 1.810072779253171227e-01 5.629267182521620061e-01 8.875739644970413733e-02 2.045971779699590487e-01 1.437187073281747940e-01 0.000000000000000000e+00
4.550000000000000000e+03 1.820073181348493829e-01 5.638370505234410190e-01 8.500227583067819503e-02 2.084660901228948537e-01 1.426945835229858905e-01 0.000000000000000000e+00
4.575000000000000000e+03 1.830073583443814211e-01 5.713472917614929036e-01 8.625398270368685172e-02 2.107419208010923861e-01 1.316568047337278169e-01 0.000000000000000000e+00
4.600000000000000000e+03 1.840073985539136814e-01 5.747610377787892855e-01 8.409194355939918208e-02 2.127901684114701930e-01 1.283568502503413811e-01 0.000000000000000000e+00
4.625000000000000000e+03 1.850074387634457196e-01 5.560992262175694645e-01 8.898497951752389057e-02 2.182521620391442985e-01 1.366636322257624159e-01 0.000000000000000000e+00
4.650000000000000000e+03 1.860074789729779798e-01 5.654301319981793750e-01 8.784706417842512438e-02 2.154073736913973691e-01 1.313154301319981732e-01 0.000000000000000000e+00
4.675000000000000000e+03 1.870075191825100180e-01 5.608784706417841992e-01 8.739189804278561791e-02 2.197314519799726806e-01 1.319981793354574329e-01 0.000000000000000000e+00
4.700000000000000000e+03 1.880075593920422783e-01 5.510923987255348377e-01 8.841602184797450747e-02 2.286071916249431124e-01 1.318843878015475701e-01 0.000000000000000000e+00
4.725000000000000000e+03 1.890075996015743165e-01 5.394856622667273394e-01 9.103322712790168358e-02 2.378243058716431602e-01 1.316568047337278169e-01 0.000000000000000000e+00
4.750000000000000000e+03 1.900076398111063547e-01 5.362994993172508496e-01 9.626763768775603580e-02 2.350933090578060936e-01 1.323395539371870766e-01 0.000000000000000000e+00
4.775000000000000000e+03 1.910076800206386149e-01 5.477924442421483464e-01 9.353664087391898307e-02 2.357760582612653533e-01 1.228948566226672756e-01 0.000000000000000000e+00
4.800000000000000000e+03 1.920077202301706532e-01 5.416477014110150368e-01 1.015020482476103741e-01 2.436276741010468816e-01 1.132225762403277214e-01 0.000000000000000000e+00
4.825000000000000000e+03 1.930077604397029134e-01 5.344788347746927126e-01 1.000227583067819781e-01 2.523896222121074229e-01 1.131087847064178448e-01 0.000000000000000000e+00
4.850000000000000000e+03 1.940078006492349516e-01 5.409649522075558048e-01 9.558488848429676221e-02 2.509103322712790130e-01 1.125398270368684617e-01 0.000000000000000000e+00
4.875000000000000000e+03 1.950078408587672119e-01 5.359581247155211781e-01 9.649522075557578904e-02 2.560309512972234747e-01 1.115157032316795582e-01 0.000000000000000000e+00
4.900000000000000000e+03 1.960078810682992501e-01 5.316340464269457833e-01 9.888484296768319803e-02 2.585343650432407880e-01 1.109467455621301751e-01 0.000000000000000000e+00
4.925000000000000000e+03 1.970079212778315103e-01 5.168411470186617951e-01 9.786071916249430847e-02 2.630860263996358528e-01 1.222121074192080159e-01 0.000000000000000000e+00
4.950000000000000000e+03 1.980079614873635485e-01 5.169549385525716856e-01 9.638142922166591242e-02 2.629722348657259623e-01 1.236913973600364119e-01 0.000000000000000000e+00
4.975000000000000000e+03 1.990080016968958088e-01 5.259444697314519246e-01 9.558488848429676221e-02 2.700273099681383959e-01 1.084433318161128756e-01 0.000000000000000000e+00
5.000000000000000000e+03 2.000080419064278470e-01 5.235548475193445572e-01 9.182976786527081992e-02 2.715065999089667503e-01 1.131087847064178448e-01 0.000000000000000000e+00
5.025000000000000000e+03 2.010080821159598852e-01 5.162721893491124536e-01 9.638142922166591242e-02 2.829995448338643582e-01 1.043468365953573035e-01 0.000000000000000000e+00
5.050000000000000000e+03 2.020081223254921454e-01 5.184342284934000400e-01 9.512972234865725574e-02 2.831133363677742487e-01 1.033227127901684139e-01 0.000000000000000000e+00
5.075000000000000000e+03 2.030081625350241836e-01 5.129722348657259623e-01 1.026399635867091542e-01 2.839098771051433712e-01 1.004779244424214846e-01 0.000000000000000000e+00
5.100000000000000000e+03 2.040082027445564439e-01 5.161583978152025631e-01 1.015020482476103741e-01 2.867546654528903005e-01 9.558488848429676221e-02 0.000000000000000000e+00
5.125000000000000000e+03 2.050082429540884821e-01 5.026172052799271484e-01 1.019572143832498806e-01 2.973372781065088954e-01 9.797451069640418508e-02 1.137915339098771066e-04
5.150000000000000000e+03 2.060082831636207423e-01 4.940828402366864158e-01 1.034365043240782905e-01 3.083750568957669413e-01 9.410559854346836617e-02 0.000000000000000000e+00
5.175000000000000000e+03 2.070083233731527805e-01 4.930587164314975124e-01 1.075329995448338627e-01 3.134956759217114031e-01 8.591260810195720798e-02 0.000000000000000000e+00
5.200000000000000000e+03 2.080083635826850408e-01 4.838416021847974369e-01 1.100364132908511622e-01 3.180473372781065233e-01 8.807464724624487762e-02 0.000000000000000000e+00
5.225000000000000000e+03 2.090084037922170790e-01 4.756486117432863203e-01 1.148156577150659940e-01 3.204369594902139462e-01 8.909877105143376719e-02 0.000000000000000000e+00
5.250000000000000000e+03 2.100084440017493392e-01 4.804278561675011106e-01 1.143604915794264876e-01 3.258989531178880239e-01 7.931269913518433634e-02 0.000000000000000000e+00
5.275000000000000000e+03 2.110084842112813774e-01 4.795175238962220976e-01 1.156121984524351443e-01 3.340919435593991960e-01 7.077833409194356218e-02 0.000000000000000000e+00
5.300000000000000000e+03 2.120085244208134156e-01 4.573281747837960598e-01 1.181156121984524299e-01 3.478607191624943362e-01 7.669549385525717411e-02 0.000000000000000000e+00
5.325000000000000000e+03 2.130085646303456759e-01 4.563040509786072119e-01 1.182294037323623065e-01 3.575329995448338627e-01 6.793354574419663283e-02 0.000000000000000000e+00
5.350000000000000000e+03 2.140086048398777141e-01 4.468593536640874109e-01 1.220983158852981393e-01 3.653846153846153633e-01 6.565771506599908658e-02 0.000000000000000000e+00
5.375000000000000000e+03 2.150086450494099743e-01 4.445835229858898230e-01 1.195949021392808398e-01 3.645880746472462408e-01 7.123350022758306865e-02 0.000000000000000000e+00
5.400000000000000000e+03 2.160086852589420126e-01 4.391215293582157453e-01 1.214155666818388657e-01 3.691397360036413056e-01 7.032316795630405570e-02 0.000000000000000000e+00
5.425000000000000000e+03 2.170087254684742728e-01 4.341147018661811741e-01 1.222121074192080159e-01 3.806326809285389134e-01 6.304050978607191047e-02 0.000000000000000000e+00
5.450000000000000000e+03 2.180087656780063110e-01 4.262630860263996180e-01 1.246017296313154249e-01 3.898497951752389890e-01 5.928538916704597511e-02 0.000000000000000000e+00
5.475000000000000000e+03 2.190088058875385713e-01 4.143149749658625591e-01 1.267637687756031084e-01 4.020254893035958288e-01 5.689576695493855224e-02 0.000000000000000000e+00
5.500000000000000000e+03 2.200088460970706095e-01 4.159080564406008040e-01 1.267637687756031084e-01 4.099908966772872199e-01 4.733727810650887463e-02 0.000000000000000000e+00
5.525000000000000000e+03 2.210088863066028697e-01 4.002048247610378029e-01 1.293809740555302568e-01 4.204597177969959243e-01 4.995448338643605074e-02 0.000000000000000000e+00
5.550000000000000000e+03 2.220089265161349079e-01 4.000910332271279124e-01 1.317705962676376796e-01 4.243286299499317016e-01 4.380974055530268557e-02 0.000000000000000000e+00
5.575000000000000000e+03 2.230089667256669461e-01 3.946290395994537792e-01 1.315430131998179264e-01 4.311561219845243542e-01 4.267182521620391245e-02 0.000000000000000000e+00
5.600000000000000000e+03 2.240090069351992064e-01 3.842740100136549652e-01 1.349567592171142527e-01 4.403732362312243742e-01 4.039599453800637313e-02 0.000000000000000000e+00
5.625000000000000000e+03 2.250090471447312446e-01 3.797223486572599005e-01 1.404187528447883582e-01 4.459490213928083979e-01 3.379608557123350149e-02 1.137915339098771066e-04
5.650000000000000000e+03 2.260090873542635048e-01 3.648156577150660218e-01 1.470186618115612298e-01 4.522075557578515981e-01 3.595812471552116418e-02 0.000000000000000000e+00
5.675000000000000000e+03 2.270091275637955430e-01 3.601502048247610110e-01 1.461083295402822169e-01 4.607419208010923861e-01 3.299954483386435822e-02 0.000000000000000000e+00
