# itime ezz other fcc hcp bcc ico
0.000000000000000000e+00 0.000000000000000000e+00 9.103322712790168532e-04 9.990896677287209870e-01 0.000000000000000000e+00 0.000000000000000000e+00 0.000000000000000000e+00
3.000000000000000000e+00 1.200014119016934444e-03 9.103322712790168532e-04 9.990896677287209870e-01 0.000000000000000000e+00 0.000000000000000000e+00 0.000000000000000000e+00
6.000000000000000000e+00 2.400028238034090933e-03 9.103322712790168532e-04 9.990896677287209870e-01 0.000000000000000000e+00 0.000000000000000000e+00 0.000000000000000000e+00
9.000000000000000000e+00 3.600042357051025377e-03 5.689576695493854790e-04 9.994310423304506585e-01 0.000000000000000000e+00 0.000000000000000000e+00 0.000000000000000000e+00
1.200000000000000000e+01 4.800056476068181865e-03 6.827492034592626399e-04 9.993172507965407680e-01 0.000000000000000000e+00 0.000000000000000000e+00 0.000000000000000000e+00
1.500000000000000000e+01 6.000070595085116310e-03 9.103322712790168532e-04 9.989758761948110966e-01 0.000000000000000000e+00 1.137915339098771066e-04 0.000000000000000000e+00
1.800000000000000000e+01 7.200084714102272798e-03 1.365498406918525280e-03 9.985207100591716456e-01 0.000000000000000000e+00 1.137915339098771066e-04 0.000000000000000000e+00
2.100000000000000000e+01 8.400098833119207242e-03 7.965407373691396923e-04 9.989758761948110966e-01 0.000000000000000000e+00 2.275830678197542133e-04 0.000000000000000000e+00
2.400000000000000000e+01 9.600112952136363731e-03 1.251706873008648227e-03 9.986345015930814251e-01 0.000000000000000000e+00 1.137915339098771066e-04 0.000000000000000000e+00
2.700000000000000000e+01 1.080012707115329817e-02 6.827492034592626399e-04 9.993172507965407680e-01 0.000000000000000000e+00 0.000000000000000000e+00 0.000000000000000000e+00
3.000000000000000000e+01 1.200014119017045466e-02 1.137915339098770958e-03 9.988620846609012061e-01 0.000000000000000000e+00 0.000000000000000000e+00 0.000000000000000000e+00
3.300000000000000000e+01 1.320015530918738911e-02 1.137915339098770958e-03 9.988620846609012061e-01 0.000000000000000000e+00 0.000000000000000000e+00 0.000000000000000000e+00
3.600000000000000000e+01 1.440016942820454560e-02 1.024123805188893906e-03 9.989758761948110966e-01 0.000000000000000000e+00 0.000000000000000000e+00 0.000000000000000000e+00
3.900000000000000000e+01 1.560018354722148004e-02 5.689576695493854790e-04 9.994310423304506585e-01 0.000000000000000000e+00 0.000000000000000000e+00 0.000000000000000000e+00
4.200000000000000000e+01 1.680019766623863653e-02 7.965407373691396923e-04 9.992034592626308775e-01 0.000000000000000000e+00 0.000000000000000000e+00 0.000000000000000000e+00
4.500000000000000000e+01 1.800021178525557097e-02 1.137915339098770958e-03 9.987482931269913156e-01 0.000000000000000000e+00 1.137915339098771066e-04 0.000000000000000000e+00
4.800000000000000000e+01 1.920022590427272746e-02 1.251706873008648227e-03 9.987482931269913156e-01 0.000000000000000000e+00 0.000000000000000000e+00 0.000000000000000000e+00
5.100000000000000000e+01 2.040024002328966191e-02 6.827492034592626399e-04 9.993172507965407680e-01 0.000000000000000000e+00 0.000000000000000000e+00 0.000000000000000000e+00
5.400000000000000000e+01 2.160025414230681839e-02 1.251706873008648227e-03 9.987482931269913156e-01 0.000000000000000000e+00 0.000000000000000000e+00 0.000000000000000000e+00
5.700000000000000000e+01 2.280026826132375284e-02 1.593081474738279385e-03 9.984069185252617551e-01 0.000000000000000000e+00 0.000000000000000000e+00 0.000000000000000000e+00
6.000000000000000000e+01 2.400028238034090933e-02 1.024123805188893906e-03 9.989758761948110966e-01 0.000000000000000000e+00 0.000000000000000000e+00 0.000000000000000000e+00
6.300000000000000000e+01 2.520029649935784377e-02 1.706873008648156654e-03 9.982931269913518646e-01 0.000000000000000000e+00 0.000000000000000000e+00 0.000000000000000000e+00
6.600000000000000000e+01 2.640031061837500026e-02 2.617205279927173507e-03 9.973827947200728516e-01 0.000000000000000000e+00 0.000000000000000000e+00 0.000000000000000000e+00
6.900000000000000000e+01 2.760032473739193470e-02 2.844788347746927612e-03 9.971552116522530707e-01 0.000000000000000000e+00 0.000000000000000000e+00 0.000000000000000000e+00
7.200000000000000000e+01 2.880033885640909119e-02 2.730996813837050560e-03 9.972690031861629611e-01 0.000000000000000000e+00 0.000000000000000000e+00 0.000000000000000000e+00
7.500000000000000000e+01 3.000035297542602564e-02 2.958579881656804664e-03 9.970414201183431802e-01 0.000000000000000000e+00 0.000000000000000000e+00 0.000000000000000000e+00
7.800000000000000000e+01 3.120036709444318213e-02 2.844788347746927612e-03 9.970414201183431802e-01 0.000000000000000000e+00 1.137915339098771066e-04 0.000000000000000000e+00
8.100000000000000000e+01 3.240038121346011657e-02 2.162039144287664864e-03 9.977241693218024121e-01 0.000000000000000000e+00 1.137915339098771066e-04 0.000000000000000000e+00
8.400000000000000000e+01 3.360039533247705101e-02 2.503413746017296455e-03 9.974965862539827421e-01 0.000000000000000000e+00 0.000000000000000000e+00 0.000000000000000000e+00
8.700000000000000000e+01 3.480040945149420750e-02 3.982703686845699004e-03 9.959035047792443862e-01 0.000000000000000000e+00 1.137915339098771066e-04 0.000000000000000000e+00
9.000000000000000000e+01 3.600042357051114195e-02 5.234410559854347014e-03 9.946517979062358128e-01 0.000000000000000000e+00 1.137915339098771066e-04 0.000000000000000000e+00
9.300000000000000000e+01 3.720043768952829843e-02 6.144742831133363434e-03 9.938552571688666903e-01 0.000000000000000000e+00 0.000000000000000000e+00 0.000000000000000000e+00
9.600000000000000000e+01 3.840045180854523288e-02 4.779244424214838804e-03 9.952207555757851543e-01 0.000000000000000000e+00 0.000000000000000000e+00 0.000000000000000000e+00
9.900000000000000000e+01 3.960046592756238937e-02 4.893035958124715423e-03 9.951069640418752638e-01 0.000000000000000000e+00 0.000000000000000000e+00 0.000000000000000000e+00
1.020000000000000000e+02 4.080048004657932381e-02 6.258534365043240920e-03 9.937414656349567998e-01 0.000000000000000000e+00 0.000000000000000000e+00 0.000000000000000000e+00
1.050000000000000000e+02 4.200049416559648030e-02 6.827492034592626616e-03 9.929449248975875664e-01 0.000000000000000000e+00 2.275830678197542133e-04 0.000000000000000000e+00
1.080000000000000000e+02 4.320050828461341474e-02 7.737824305871643035e-03 9.922621756941283344e-01 0.000000000000000000e+00 0.000000000000000000e+00 0.000000000000000000e+00
1.110000000000000000e+02 4.440052240363057123e-02 8.648156577150659455e-03 9.912380518889394310e-01 0.000000000000000000e+00 1.137915339098771066e-04 0.000000000000000000e+00
1.140000000000000000e+02 4.560053652264750568e-02 9.899863450159307465e-03 9.898725534820209671e-01 0.000000000000000000e+00 2.275830678197542133e-04 0.000000000000000000e+00
1.170000000000000000e+02 4.680055064166466217e-02 1.081019572143832562e-02 9.890760127446518446e-01 0.000000000000000000e+00 1.137915339098771066e-04 0.000000000000000000e+00
1.200000000000000000e+02 4.800056476068159661e-02 1.433773327264451468e-02 9.854346836595356818e-01 0.000000000000000000e+00 2.275830678197542133e-04 0.000000000000000000e+00
1.230000000000000000e+02 4.920057887969875310e-02 1.536185707783340945e-02 9.844105598543468894e-01 0.000000000000000000e+00 2.275830678197542133e-04 0.000000000000000000e+00
1.260000000000000000e+02 5.040059299871568754e-02 1.445152480655439303e-02 9.853208921256259023e-01 0.000000000000000000e+00 2.275830678197542133e-04 0.000000000000000000e+00
1.290000000000000000e+02 5.160060711773284403e-02 1.627218934911242587e-02 9.835002275830677654e-01 0.000000000000000000e+00 2.275830678197542133e-04 0.000000000000000000e+00
1.320000000000000000e+02 5.280062123674977848e-02 1.888939462903959851e-02 9.803140646335912756e-01 0.000000000000000000e+00 7.965407373691396923e-04 0.000000000000000000e+00
1.350000000000000000e+02 5.400063535576693496e-02 1.809285389167045871e-02 9.812243969048702885e-01 0.000000000000000000e+00 6.827492034592626399e-04 0.000000000000000000e+00
1.380000000000000000e+02 5.520064947478386941e-02 1.900318616294947513e-02 9.802002730996813851e-01 0.000000000000000000e+00 7.965407373691396923e-04 0.000000000000000000e+00
1.410000000000000000e+02 5.640066359380102590e-02 2.355484751934456070e-02 9.754210286754665393e-01 0.000000000000000000e+00 1.024123805188893906e-03 0.000000000000000000e+00
1.440000000000000000e+02 5.760067771281796034e-02 2.309968138370505075e-02 9.762175694128356618e-01 0.000000000000000000e+00 6.827492034592626399e-04 0.000000000000000000e+00
1.470000000000000000e+02 5.880069183183511683e-02 2.264451524806554428e-02 9.765589440145653333e-01 0.000000000000000000e+00 7.965407373691396923e-04 0.000000000000000000e+00
1.500000000000000000e+02 6.000070595085205127e-02 2.423759672280382388e-02 9.745106964041875264e-01 0.000000000000000000e+00 1.251706873008648227e-03 0.000000000000000000e+00
1.530000000000000000e+02 6.120072006986920776e-02 2.241693218024579104e-02 9.767865270823851143e-01 0.000000000000000000e+00 7.965407373691396923e-04 0.000000000000000000e+00
1.560000000000000000e+02 6.240073418888614221e-02 2.116522530723714129e-02 9.781520254893035782e-01 0.000000000000000000e+00 6.827492034592626399e-04 0.000000000000000000e+00
1.590000000000000000e+02 6.360074830790329870e-02 2.230314064633591095e-02 9.773554847519344557e-01 0.000000000000000000e+00 3.413746017296313199e-04 0.000000000000000000e+00
1.620000000000000000e+02 6.480076242692023314e-02 2.401001365498407064e-02 9.755348202093764298e-01 0.000000000000000000e+00 4.551661356395084266e-04 0.000000000000000000e+00
1.650000000000000000e+02 6.600077654593738963e-02 2.275830678197542090e-02 9.765589440145653333e-01 0.000000000000000000e+00 6.827492034592626399e-04 0.000000000000000000e+00
1.680000000000000000e+02 6.720079066495432407e-02 2.230314064633591095e-02 9.769003186162948937e-01 0.000000000000000000e+00 7.965407373691396923e-04 0.000000000000000000e+00
1.710000000000000000e+02 6.840080478397125852e-02 2.218934911242603433e-02 9.771279016841146747e-01 0.000000000000000000e+00 6.827492034592626399e-04 0.000000000000000000e+00
1.740000000000000000e+02 6.960081890298841500e-02 2.344105598543468408e-02 9.757624032771962108e-01 0.000000000000000000e+00 7.965407373691396923e-04 0.000000000000000000e+00
1.770000000000000000e+02 7.080083302200534945e-02 2.401001365498407064e-02 9.751934456076467583e-01 0.000000000000000000e+00 7.965407373691396923e-04 0.000000000000000000e+00
1.800000000000000000e+02 7.200084714102250594e-02 2.810650887573964626e-02 9.709831588529813651e-01 0.000000000000000000e+00 9.103322712790168532e-04 0.000000000000000000e+00
1.830000000000000000e+02 7.320086126003944038e-02 3.186162949476559203e-02 9.670004551661356418e-01 0.000000000000000000e+00 1.137915339098770958e-03 0.000000000000000000e+00
1.860000000000000000e+02 7.440087537905659687e-02 3.607191624943104080e-02 9.622212107419207960e-01 0.000000000000000000e+00 1.706873008648156654e-03 0.000000000000000000e+00
1.890000000000000000e+02 7.560088949807353131e-02 4.380974055530268557e-02 9.540282203004096795e-01 0.000000000000000000e+00 2.162039144287664864e-03 0.000000000000000000e+00
1.920000000000000000e+02 7.680090361709068780e-02 4.995448338643605074e-02 9.479972690031861493e-01 0.000000000000000000e+00 2.048247610377787811e-03 0.000000000000000000e+00
1.950000000000000000e+02 7.800091773610762225e-02 4.824761037778789452e-02 9.489076012744651623e-01 0.000000000000000000e+00 2.844788347746927612e-03 0.000000000000000000e+00
1.980000000000000000e+02 7.920093185512477874e-02 5.405097860719162289e-02 9.429904415111515226e-01 0.000000000000000000e+00 2.958579881656804664e-03 0.000000000000000000e+00
2.010000000000000000e+02 8.040094597414171318e-02 5.746472462448793533e-02 9.384387801547564578e-01 0.000000000000000000e+00 4.096495220755575623e-03 0.000000000000000000e+00
2.040000000000000000e+02 8.160096009315886967e-02 6.053709604005461792e-02 9.360491579426490905e-01 0.000000000000000000e+00 3.413746017296313308e-03 0.000000000000000000e+00
2.070000000000000000e+02 8.280097421217580411e-02 5.951297223486572835e-02 9.377560309512972259e-01 0.000000000000000000e+00 2.730996813837050560e-03 0.000000000000000000e+00
2.100000000000000000e+02 8.400098833119296060e-02 6.065088757396449454e-02 9.367319071461083224e-01 0.000000000000000000e+00 2.617205279927173507e-03 0.000000000000000000e+00
2.130000000000000000e+02 8.520100245020989504e-02 6.565771506599908658e-02 9.317250796540736957e-01 0.000000000000000000e+00 2.617205279927173507e-03 0.000000000000000000e+00
2.160000000000000000e+02 8.640101656922705153e-02 6.975421028675465873e-02 9.278561675011378629e-01 0.000000000000000000e+00 2.389622212107419402e-03 0.000000000000000000e+00
2.190000000000000000e+02 8.760103068824398598e-02 7.589895311788802390e-02 9.202321347291761988e-01 0.000000000000000000e+00 3.868912152935821518e-03 0.000000000000000000e+00
2.220000000000000000e+02 8.880104480726114247e-02 8.181611288120163583e-02 9.123805188893946427e-01 0.000000000000000000e+00 5.803368229403732710e-03 0.000000000000000000e+00
2.250000000000000000e+02 9.000105892627807691e-02 9.581247155211652933e-02 8.978152025489303245e-01 0.000000000000000000e+00 6.372325898953117539e-03 0.000000000000000000e+00
2.280000000000000000e+02 9.120107304529523340e-02 1.003641329085116080e-01 8.941738734638142727e-01 0.000000000000000000e+00 5.461993627674101119e-03 0.000000000000000000e+00
2.310000000000000000e+02 9.240108716431216784e-02 1.063950842057350965e-01 8.864360491579426071e-01 0.000000000000000000e+00 7.168866636322257339e-03 0.000000000000000000e+00
2.340000000000000000e+02 9.360110128332932433e-02 1.167501137915339104e-01 8.760810195721437932e-01 0.000000000000000000e+00 7.168866636322257339e-03 0.000000000000000000e+00
2.370000000000000000e+02 9.480111540234625878e-02 1.215293582157487423e-01 8.719845243513882904e-01 0.000000000000000000e+00 6.486117432862995025e-03 0.000000000000000000e+00
2.400000000000000000e+02 9.600112952136341526e-02 1.325671370050068298e-01 8.610605370960400240e-01 0.000000000000000000e+00 6.372325898953117539e-03 0.000000000000000000e+00
2.430000000000000000e+02 9.720114364038034971e-02 1.366636322257624159e-01 8.558261265361857273e-01 0.000000000000000000e+00 7.510241238051888930e-03 0.000000000000000000e+00
2.460000000000000000e+02 9.840115775939750620e-02 1.407601274465179741e-01 8.513882567137005530e-01 0.000000000000000000e+00 7.851615839781519654e-03 0.000000000000000000e+00
2.490000000000000000e+02 9.960117187841444064e-02 1.540737369139736079e-01 8.375056895766954668e-01 0.000000000000000000e+00 8.420573509330906217e-03 0.000000000000000000e+00
2.520000000000000000e+02 1.008011859974313751e-01 1.583978152025489194e-01 8.324988620846609511e-01 0.000000000000000000e+00 9.103322712790167665e-03 0.000000000000000000e+00
2.550000000000000000e+02 1.020012001164485316e-01 1.668183887118798447e-01 8.237369139736003820e-01 0.000000000000000000e+00 9.444697314519799256e-03 0.000000000000000000e+00
2.580000000000000000e+02 1.032012142354654660e-01 1.761492944924897552e-01 8.131543013199817871e-01 0.000000000000000000e+00 1.069640418752844727e-02 0.000000000000000000e+00
2.610000000000000000e+02 1.044012283544826225e-01 1.862767410104688159e-01 8.030268548020027541e-01 0.000000000000000000e+00 1.069640418752844727e-02 0.000000000000000000e+00
2.640000000000000000e+02 1.056012424734995570e-01 1.986800182066454368e-01 7.891442876649977789e-01 0.000000000000000000e+00 1.217569412835685025e-02 0.000000000000000000e+00
2.670000000000000000e+02 1.068012565925167134e-01 2.057350933090578149e-01 7.807237141556667703e-01 0.000000000000000000e+00 1.354119253527537488e-02 0.000000000000000000e+00
2.700000000000000000e+02 1.080012707115336479e-01 2.195038689121529274e-01 7.676376877560309175e-01 0.000000000000000000e+00 1.285844333181611343e-02 0.000000000000000000e+00
2.730000000000000000e+02 1.092012848305508044e-01 2.254210286754665393e-01 7.603550295857988139e-01 0.000000000000000000e+00 1.422394173873463806e-02 0.000000000000000000e+00
2.760000000000000000e+02 1.104012989495677388e-01 2.324761037778789174e-01 7.522758306781975879e-01 0.000000000000000000e+00 1.524806554392353283e-02 0.000000000000000000e+00
2.790000000000000000e+02 1.116013130685848953e-01 2.474965862539827144e-01 7.362312243969049153e-01 0.000000000000000000e+00 1.627218934911242587e-02 0.000000000000000000e+00
2.820000000000000000e+02 1.128013271876018297e-01 2.597860719162494170e-01 7.240555302685480754e-01 0.000000000000000000e+00 1.615839781520254925e-02 0.000000000000000000e+00
2.850000000000000000e+02 1.140013413066189862e-01 2.762858443331815961e-01 7.066454255803368278e-01 0.000000000000000000e+00 1.706873008648156567e-02 0.000000000000000000e+00
2.880000000000000000e+02 1.152013554256359207e-01 2.902822030040965173e-01 6.909421939007738267e-01 0.000000000000000000e+00 1.877560309512972189e-02 0.000000000000000000e+00
2.910000000000000000e+02 1.164013695446530772e-01 3.032544378698224796e-01 6.761492944924897275e-01 1.137915339098771066e-04 2.048247610377787811e-02 0.000000000000000000e+00
2.940000000000000000e+02 1.176013836636700116e-01 3.148611743286299225e-01 6.622667273554847522e-01 1.137915339098771066e-04 2.275830678197542090e-02 0.000000000000000000e+00
2.970000000000000000e+02 1.188013977826871681e-01 3.277196176604460498e-01 6.459945380063722986e-01 2.275830678197542133e-04 2.605826126536185672e-02 0.000000000000000000e+00
3.000000000000000000e+02 1.200014119017041025e-01 3.451297223486572419e-01 6.266499772416932457e-01 1.137915339098771066e-04 2.810650887573964626e-02 0.000000000000000000e+00
3.030000000000000000e+02 1.212014260207212590e-01 3.651570323167956378e-01 6.029813381884387979e-01 1.137915339098771066e-04 3.174783796085571541e-02 0.000000000000000000e+00
3.060000000000000000e+02 1.224014401397381935e-01 3.779016841147018746e-01 5.876194811106053573e-01 1.137915339098771066e-04 3.436504324078288458e-02 0.000000000000000000e+00
3.090000000000000000e+02 1.236014542587553500e-01 3.924670004551661373e-01 5.707783340919435622e-01 1.137915339098771066e-04 3.664087391898043083e-02 0.000000000000000000e+00
3.120000000000000000e+02 1.248014683777722844e-01 4.118115612198452458e-01 5.502958579881657153e-01 1.137915339098771066e-04 3.777878925807919702e-02 0.000000000000000000e+00
3.150000000000000000e+02 1.260014824967894409e-01 4.333181611288119961e-01 5.235548475193445572e-01 1.137915339098771066e-04 4.301319981793354230e-02 0.000000000000000000e+00
3.180000000000000000e+02 1.272014966158063753e-01 4.558488848429677054e-01 4.965862539827036737e-01 1.137915339098771066e-04 4.745106964041875125e-02 0.000000000000000000e+00
3.210000000000000000e+02 1.284015107348235318e-01 4.740555302685480199e-01 4.773554847519344557e-01 1.137915339098771066e-04 4.847519344560764776e-02 0.000000000000000000e+00
3.240000000000000000e+02 1.296015248538404663e-01 4.854346836595357373e-01 4.602867546654528796e-01 2.275830678197542133e-04 5.405097860719162289e-02 0.000000000000000000e+00
3.270000000000000000e+02 1.308015389728576228e-01 5.006827492034592320e-01 4.415111515703231682e-01 1.137915339098771066e-04 5.769230769230769551e-02 0.000000000000000000e+00
3.300000000000000000e+02 1.320015530918745572e-01 5.131998179335457433e-01 4.221665908056440597e-01 2.275830678197542133e-04 6.440600819299044377e-02 0.000000000000000000e+00
3.330000000000000000e+02 1.332015672108917137e-01 5.292444242148384159e-01 3.998634501593081314e-01 2.275830678197542133e-04 7.066454255803368556e-02 0.000000000000000000e+00
3.360000000000000000e+02 1.344015813299086481e-01 5.510923987255348377e-01 3.764223941738734647e-01 2.275830678197542133e-04 7.225762403277195822e-02 0.000000000000000000e+00
3.390000000000000000e+02 1.356015954489255826e-01 5.682749203459263043e-01 3.541192535275375364e-01 3.413746017296313199e-04 7.726445152480655720e-02 0.000000000000000000e+00
3.420000000000000000e+02 1.368016095679427391e-01 5.840919435593991960e-01 3.337505689576695245e-01 6.827492034592626399e-04 8.147473827947200598e-02 0.000000000000000000e+00
3.450000000000000000e+02 1.380016236869596735e-01 5.951297223486572419e-01 3.175921711424670169e-01 9.103322712790168532e-04 8.636777423759672834e-02 0.000000000000000000e+00
3.480000000000000000e+02 1.392016378059768300e-01 6.093536640873918886e-01 3.002958579881656598e-01 9.103322712790168532e-04 8.944014565316341092e-02 0.000000000000000000e+00
3.510000000000000000e+02 1.404016519249937645e-01 6.240327719617660973e-01 2.796995903504779224e-01 1.024123805188893906e-03 9.524351388256713236e-02 0.000000000000000000e+00
3.540000000000000000e+02 1.416016660440109209e-01 6.313154301319982009e-01 2.651342740100136597e-01 1.593081474738279385e-03 1.019572143832498806e-01 0.000000000000000000e+00
3.570000000000000000e+02 1.428016801630278554e-01 6.383705052344105235e-01 2.534137460172963263e-01 1.706873008648156654e-03 1.065088757396449731e-01 0.000000000000000000e+00
3.600000000000000000e+02 1.440016942820450119e-01 6.465634956759217511e-01 2.387346381429221731e-01 2.162039144287664864e-03 1.125398270368684617e-01 0.000000000000000000e+00
3.630000000000000000e+02 1.452017084010619463e-01 6.555530268548019901e-01 2.233727810650887602e-01 2.617205279927173507e-03 1.184569868001820597e-01 0.000000000000000000e+00
3.660000000000000000e+02 1.464017225200791028e-01 6.697769685935366368e-01 2.043695949021392677e-01 2.844788347746927612e-03 1.230086481565771522e-01 0.000000000000000000e+00
3.690000000000000000e+02 1.476017366390960373e-01 6.803595812471552318e-01 1.918525261720528119e-01 3.186162949476558769e-03 1.246017296313154249e-01 0.000000000000000000e+00
3.720000000000000000e+02 1.488017507581131937e-01 6.919663177059627301e-01 1.735320892125625791e-01 3.527537551206190360e-03 1.309740555302685572e-01 0.000000000000000000e+00
3.750000000000000000e+02 1.500017648771301282e-01 7.024351388256713236e-01 1.572598998634501533e-01 3.641329085116067413e-03 1.366636322257624159e-01 0.000000000000000000e+00
3.780000000000000000e+02 1.512017789961472847e-01 7.092626308602639762e-01 1.440600819299044100e-01 4.665452890304961318e-03 1.420118343195266308e-01 0.000000000000000000e+00
3.810000000000000000e+02 1.524017931151642191e-01 7.176832043695948737e-01 1.316568047337278169e-01 5.234410559854347014e-03 1.454255803368229294e-01 0.000000000000000000e+00
3.840000000000000000e+02 1.536018072341813756e-01 7.184797451069639962e-01 1.236913973600364119e-01 6.827492034592626616e-03 1.510013654984069253e-01 0.000000000000000000e+00
3.870000000000000000e+02 1.548018213531983100e-01 7.236003641329085134e-01 1.131087847064178448e-01 7.851615839781519654e-03 1.554392353208921274e-01 0.000000000000000000e+00
3.900000000000000000e+02 1.560018354722154665e-01 7.264451524806554428e-01 1.057123350022758368e-01 8.989531178880291046e-03 1.588529813381884259e-01 0.000000000000000000e+00
3.930000000000000000e+02 1.572018495912324010e-01 7.304278561675011661e-01 9.626763768775603580e-02 1.012744651797906244e-02 1.631770596267637652e-01 0.000000000000000000e+00
3.960000000000000000e+02 1.584018637102495575e-01 7.317933545744196300e-01 9.148839326354119006e-02 1.217569412835685025e-02 1.645425580336822846e-01 0.000000000000000000e+00
3.990000000000000000e+02 1.596018778292664919e-01 7.341829767865271084e-01 8.932635411925353430e-02 1.251706873008648184e-02 1.639736003641329154e-01 0.000000000000000000e+00
4.020000000000000000e+02 1.608018919482836484e-01 7.339553937187073274e-01 8.443331816112881194e-02 1.285844333181611343e-02 1.687528447883477334e-01 0.000000000000000000e+00
4.050000000000000000e+02 1.620019060673005828e-01 7.370277651342740377e-01 8.113336367774237612e-02 1.388256713700500647e-02 1.679563040509786109e-01 0.000000000000000000e+00
4.080000000000000000e+02 1.632019201863177393e-01 7.413518434228493215e-01 7.635411925352754425e-02 1.411015020482476144e-02 1.681838871187983642e-01 0.000000000000000000e+00
4.110000000000000000e+02 1.644019343053346738e-01 7.490896677287209870e-01 6.861629494765589254e-02 1.422394173873463806e-02 1.680700955848884737e-01 0.000000000000000000e+00
4.140000000000000000e+02 1.656019484243518303e-01 7.498862084660901095e-01 6.338188438780155420e-02 1.524806554392353283e-02 1.714838416021848000e-01 0.000000000000000000e+00
4.170000000000000000e+02 1.668019625433687647e-01 7.530723714155667103e-01 6.042330450614474130e-02 1.479289940828402289e-02 1.717114246700045532e-01 0.000000000000000000e+00
4.200000000000000000e+02 1.680019766623856992e-01 7.564861174328629811e-01 5.791989076012744875e-02 1.593081474738279601e-02 1.696631770596267741e-01 0.000000000000000000e+00
4.230000000000000000e+02 1.692019907814028556e-01 7.595584888484296915e-01 5.575785161583977911e-02 1.502048247610377786e-02 1.696631770596267741e-01 0.000000000000000000e+00
4.260000000000000000e+02 1.704020049004197901e-01 7.602412380518889234e-01 5.314064633591260994e-02 1.729631315430131891e-02 1.693218024578971304e-01 0.000000000000000000e+00
4.290000000000000000e+02 1.716020190194369466e-01 7.655894401456531106e-01 4.847519344560764776e-02 1.672735548475193582e-02 1.692080109239872676e-01 0.000000000000000000e+00
4.320000000000000000e+02 1.728020331384538810e-01 7.684342284934000400e-01 4.631315430131998506e-02 1.581702321347291593e-02 1.694355939918070209e-01 0.000000000000000000e+00
4.350000000000000000e+02 1.740020472574710375e-01 7.736686390532544477e-01 4.289940828402366568e-02 1.695493855257168905e-02 1.664770141101502010e-01 0.000000000000000000e+00
4.380000000000000000e+02 1.752020613764879720e-01 7.732134729176148857e-01 4.289940828402366568e-02 1.854802002730996865e-02 1.653390987710514348e-01 0.000000000000000000e+00
4.410000000000000000e+02 1.764020754955051284e-01 7.758306781975421451e-01 4.233045061447428259e-02 1.923076923076923184e-02 1.626081019572143960e-01 0.000000000000000000e+00
4.440000000000000000e+02 1.776020896145220629e-01 7.790168411470186349e-01 4.005461993627674328e-02 1.991351843422849502e-02 1.610150204824760956e-01 0.000000000000000000e+00
4.470000000000000000e+02 1.788021037335392194e-01 7.807237141556667703e-01 3.789258079198907364e-02 2.093764223941738806e-02 1.604460628129267263e-01 0.000000000000000000e+00
4.500000000000000000e+02 1.800021178525561538e-01 7.880063723258989850e-01 3.629949931725079404e-02 2.366863905325443732e-02 1.520254893035958010e-01 0.000000000000000000e+00
4.530000000000000000e+02 1.812021319715733103e-01 7.909649522075558048e-01 3.561675011379153433e-02 2.423759672280382388e-02 1.491807009558488717e-01 0.000000000000000000e+00
4.560000000000000000e+02 1.824021460905902448e-01 7.961993627674101015e-01 3.595812471552116418e-02 2.355484751934456070e-02 1.442876649977241632e-01 0.000000000000000000e+00
4.590000000000000000e+02 1.836021602096074012e-01 7.981338188438780179e-01 3.402366863905325473e-02 2.355484751934456070e-02 1.442876649977241632e-01 0.000000000000000000e+00
4.620000000000000000e+02 1.848021743286243357e-01 7.965407373691397730e-01 3.447883477469276120e-02 2.378243058716431393e-02 1.451979972690031762e-01 0.000000000000000000e+00
4.650000000000000000e+02 1.860021884476414922e-01 8.016613563950841792e-01 3.413746017296313134e-02 2.275830678197542090e-02 1.414428766499772339e-01 0.000000000000000000e+00
4.680000000000000000e+02 1.872022025666584266e-01 8.055302685480200120e-01 3.311333636777423484e-02 2.230314064633591095e-02 1.390532544378698110e-01 0.000000000000000000e+00
4.710000000000000000e+02 1.884022166856755831e-01 8.126991351843423361e-01 3.311333636777423484e-02 2.207555757851615771e-02 1.321119708693673234e-01 0.000000000000000000e+00
4.740000000000000000e+02 1.896022308046925176e-01 8.144060081929904715e-01 3.322712790168411146e-02 2.355484751934456070e-02 1.288120163859808875e-01 0.000000000000000000e+00
4.770000000000000000e+02 1.908022449237096740e-01 8.190714610832954268e-01 2.969959035047792587e-02 2.480655439235321044e-02 1.264223941738734647e-01 0.000000000000000000e+00
4.800000000000000000e+02 1.920022590427266085e-01 8.254437869822485174e-01 2.833409194355939950e-02 2.389622212107419055e-02 1.223258989531178925e-01 0.000000000000000000e+00
4.830000000000000000e+02 1.932022731617437650e-01 8.311333636777423761e-01 2.674101046882111990e-02 2.309968138370505075e-02 1.190259444697314567e-01 0.000000000000000000e+00
4.860000000000000000e+02 1.944022872807606994e-01 8.339781520254893055e-01 2.742375967228038308e-02 2.298588984979517413e-02 1.156121984524351443e-01 0.000000000000000000e+00
4.890000000000000000e+02 1.956023013997778559e-01 8.387573964497041512e-01 2.639963586709149004e-02 2.298588984979517413e-02 1.118570778334091881e-01 0.000000000000000000e+00
4.920000000000000000e+02 1.968023155187947903e-01 8.438780154756485574e-01 2.594446973145198010e-02 2.344105598543468408e-02 1.067364588074647264e-01 0.000000000000000000e+00
4.950000000000000000e+02 1.980023296378119468e-01 8.460400546199362548e-01 2.457897132453345374e-02 2.355484751934456070e-02 1.058261265361857134e-01 0.000000000000000000e+00
4.980000000000000000e+02 1.992023437568288813e-01 8.489986345015930747e-01 2.526172052799271692e-02 2.378243058716431393e-02 1.019572143832498806e-01 0.000000000000000000e+00
5.010000000000000000e+02 2.004023578758460378e-01 8.542330450614474824e-01 2.321347291761493084e-02 2.457897132453345374e-02 9.797451069640418508e-02 0.000000000000000000e+00
5.040000000000000000e+02 2.016023719948629722e-01 8.561675011379152878e-01 2.321347291761493084e-02 2.435138825671370050e-02 9.626763768775603580e-02 0.000000000000000000e+00
5.070000000000000000e+02 2.028023861138799067e-01 8.621984524351388179e-01 2.105143377332726468e-02 2.548930359581247015e-02 9.126081019572143682e-02 0.000000000000000000e+00
5.100000000000000000e+02 2.040024002328970631e-01 8.685707783340919086e-01 2.105143377332726468e-02 2.469276285844333035e-02 8.568502503413745475e-02 0.000000000000000000e+00
5.130000000000000000e+02 2.052024143519139976e-01 8.668639053254437732e-01 1.957214383249886169e-02 2.617205279927173334e-02 8.739189804278561791e-02 0.000000000000000000e+00
5.160000000000000000e+02 2.064024284709311541e-01 8.636777423759672834e-01 2.025489303595812488e-02 2.787892580791988956e-02 8.818843878015475424e-02 0.000000000000000000e+00
5.190000000000000000e+02 2.076024425899480885e-01 8.640191169776968438e-01 2.036868456986800149e-02 2.844788347746927612e-02 8.716431497496586467e-02 0.000000000000000000e+00
5.220000000000000000e+02 2.088024567089652450e-01 8.681156121984524576e-01 1.877560309512972189e-02 2.844788347746927612e-02 8.466090122894856518e-02 0.000000000000000000e+00
5.250000000000000000e+02 2.100024708279821795e-01 8.734638142922166448e-01 1.820664542558033533e-02 2.969959035047792587e-02 7.862994993172507663e-02 0.000000000000000000e+00
5.280000000000000000e+02 2.112024849469993359e-01 8.800637232589895165e-01 1.706873008648156567e-02 2.867546654528902936e-02 7.419208010923987462e-02 0.000000000000000000e+00
5.310000000000000000e+02 2.124024990660162704e-01 8.796085571233500655e-01 1.797906235776058209e-02 3.060992262175694228e-02 7.180245789713245175e-02 0.000000000000000000e+00
5.340000000000000000e+02 2.136025131850334269e-01 8.813154301319982009e-01 1.775147928994082885e-02 3.129267182521620200e-02 6.964041875284478211e-02 0.000000000000000000e+00
5.370000000000000000e+02 2.148025273040503613e-01 8.870050068274920596e-01 1.763768775603095224e-02 3.140646335912607862e-02 6.395084205735093730e-02 0.000000000000000000e+00
5.400000000000000000e+02 2.160025414230675178e-01 8.884842967683204140e-01 1.706873008648156567e-02 3.265817023213472836e-02 6.178880291306326766e-02 0.000000000000000000e+00
5.430000000000000000e+02 2.172025555420844523e-01 8.882567137005006330e-01 1.741010468821119553e-02 3.356850250341374825e-02 6.076467910787437116e-02 0.000000000000000000e+00
5.460000000000000000e+02 2.184025696611016087e-01 8.891670459717796460e-01 1.729631315430131891e-02 3.311333636777423484e-02 6.042330450614474130e-02 0.000000000000000000e+00
5.490000000000000000e+02 2.196025837801185432e-01 8.938324988620847122e-01 1.809285389167045871e-02 3.129267182521620200e-02 5.678197542102867562e-02 0.000000000000000000e+00
5.520000000000000000e+02 2.208025978991356997e-01 8.928083750568958088e-01 1.797906235776058209e-02 3.129267182521620200e-02 5.791989076012744875e-02 0.000000000000000000e+00
5.550000000000000000e+02 2.220026120181526341e-01 8.932635411925352598e-01 1.786527082385070547e-02 3.208921256258534527e-02 5.678197542102867562e-02 0.000000000000000000e+00
5.580000000000000000e+02 2.232026261371697906e-01 8.967910787437414211e-01 1.672735548475193582e-02 3.117888029130632538e-02 5.530268548020027264e-02 0.000000000000000000e+00
5.610000000000000000e+02 2.244026402561867251e-01 8.966772872098316416e-01 1.741010468821119553e-02 3.254437869822485174e-02 5.325443786982248656e-02 1.137915339098771066e-04
5.640000000000000000e+02 2.256026543752038815e-01 9.012289485662267063e-01 1.684114701866181243e-02 3.186162949476559203e-02 4.995448338643605074e-02 1.137915339098771066e-04
5.670000000000000000e+02 2.268026684942208160e-01 9.043013199817933057e-01 1.797906235776058209e-02 3.015475648611743234e-02 4.756486117432862787e-02 0.000000000000000000e+00
5.700000000000000000e+02 2.280026826132379725e-01 9.071461083295402350e-01 1.729631315430131891e-02 2.913063268092853930e-02 4.642694583522986168e-02 0.000000000000000000e+00
5.730000000000000000e+02 2.292026967322549069e-01 9.082840236686390289e-01 1.615839781520254925e-02 2.981338188438780248e-02 4.574419663177059503e-02 0.000000000000000000e+00
5.760000000000000000e+02 2.304027108512720634e-01 9.101046882111970548e-01 1.638598088302230249e-02 2.935821574874829254e-02 4.415111515703231543e-02 0.000000000000000000e+00
5.790000000000000000e+02 2.316027249702889979e-01 9.111288120163859583e-01 1.672735548475193582e-02 2.867546654528902936e-02 4.346836595357305572e-02 0.000000000000000000e+00
5.820000000000000000e+02 2.328027390893061543e-01 9.155666818388711325e-01 1.581702321347291593e-02 2.844788347746927612e-02 4.016841147018661989e-02 0.000000000000000000e+00
5.850000000000000000e+02 2.340027532083230888e-01 9.171597633136094885e-01 1.445152480655439303e-02 2.708238507055074976e-02 4.130632680928538608e-02 0.000000000000000000e+00
5.880000000000000000e+02 2.352027673273400232e-01 9.171597633136094885e-01 1.479289940828402289e-02 2.765134274010013632e-02 4.028220300409649651e-02 1.137915339098771066e-04
5.910000000000000000e+02 2.364027814463571797e-01 9.218252162039144437e-01 1.376877560309512985e-02 2.696859353664087314e-02 3.732362312243969055e-02 1.137915339098771066e-04
5.940000000000000000e+02 2.376027955653741142e-01 9.214838416021847722e-01 1.445152480655439303e-02 2.878925807919890598e-02 3.527537551206190447e-02 0.000000000000000000e+00
5.970000000000000000e+02 2.388028096843912707e-01 9.212562585343649912e-01 1.513427401001365448e-02 2.935821574874829254e-02 3.425125170687300796e-02 0.000000000000000000e+00
6.000000000000000000e+02 2.400028238034082051e-01 9.217114246700045532e-01 1.536185707783340945e-02 2.935821574874829254e-02 3.356850250341374825e-02 0.000000000000000000e+00
6.030000000000000000e+02 2.412028379224253616e-01 9.242148384160218111e-01 1.490669094219390124e-02 2.833409194355939950e-02 3.254437869822485174e-02 0.000000000000000000e+00
6.060000000000000000e+02 2.424028520414422960e-01 9.270596267637687404e-01 1.467910787437414627e-02 2.753755120619025970e-02 3.072371415566681890e-02 0.000000000000000000e+00
6.090000000000000000e+02 2.436028661604594525e-01 9.305871643149750128e-01 1.376877560309512985e-02 2.617205279927173334e-02 2.947200728265816916e-02 0.000000000000000000e+00
6.120000000000000000e+02 2.448028802794763870e-01 9.321802457897132577e-01 1.331360946745562164e-02 2.571688666363222686e-02 2.878925807919890598e-02 0.000000000000000000e+00
6.150000000000000000e+02 2.460028943984935434e-01 9.303595812471552318e-01 1.411015020482476144e-02 2.594446973145198010e-02 2.947200728265816916e-02 1.137915339098771066e-04
6.180000000000000000e+02 2.472029085175104779e-01 9.308147473827946827e-01 1.376877560309512985e-02 2.628584433318160996e-02 2.901684114701866268e-02 1.137915339098771066e-04
6.210000000000000000e+02 2.484029226365276344e-01 9.337733272644515026e-01 1.319981793354574502e-02 2.514792899408284030e-02 2.776513427401001294e-02 1.137915339098771066e-04
6.240000000000000000e+02 2.496029367555445688e-01 9.347974510696404060e-01 1.297223486572599005e-02 2.469276285844333035e-02 2.742375967228038308e-02 1.137915339098771066e-04
6.270000000000000000e+02 2.508029508745617253e-01 9.351388256713700775e-01 1.524806554392353283e-02 2.287209831588529751e-02 2.662721893491124328e-02 1.137915339098771066e-04
6.300000000000000000e+02 2.520029649935786598e-01 9.351388256713700775e-01 1.570323167956303931e-02 2.309968138370505075e-02 2.594446973145198010e-02 1.137915339098771066e-04
6.330000000000000000e+02 2.532029791125958162e-01 9.369594902139281034e-01 1.536185707783340945e-02 2.241693218024579104e-02 2.514792899408284030e-02 1.137915339098771066e-04
6.360000000000000000e+02 2.544029932316127507e-01 9.404870277651342647e-01 1.376877560309512985e-02 2.139280837505689453e-02 2.423759672280382388e-02 1.137915339098771066e-04
6.390000000000000000e+02 2.556030073506299072e-01 9.385525716886663483e-01 1.388256713700500647e-02 2.150659990896677115e-02 2.594446973145198010e-02 1.137915339098771066e-04
6.420000000000000000e+02 2.568030214696468416e-01 9.387801547564861293e-01 1.388256713700500647e-02 2.230314064633591095e-02 2.503413746017296368e-02 0.000000000000000000e+00
6.450000000000000000e+02 2.580030355886639981e-01 9.390077378243059103e-01 1.354119253527537488e-02 2.321347291761493084e-02 2.423759672280382388e-02 0.000000000000000000e+00
6.480000000000000000e+02 2.592030497076809326e-01 9.398042785616750328e-01 1.274465179790623508e-02 2.309968138370505075e-02 2.435138825671370050e-02 0.000000000000000000e+00
6.510000000000000000e+02 2.604030638266980890e-01 9.445835229858898785e-01 1.137915339098771045e-02 2.321347291761493084e-02 2.082385070550751144e-02 0.000000000000000000e+00
6.540000000000000000e+02 2.616030779457150235e-01 9.457214383249886724e-01 1.092398725534820224e-02 2.241693218024579104e-02 2.093764223941738806e-02 0.000000000000000000e+00
6.570000000000000000e+02 2.628030920647321800e-01 9.460628129267182329e-01 1.194811106053709528e-02 2.173418297678652786e-02 2.025489303595812488e-02 0.000000000000000000e+00
6.600000000000000000e+02 2.640031061837491144e-01 9.464041875284479044e-01 1.206190259444697363e-02 2.048247610377787811e-02 2.105143377332726468e-02 0.000000000000000000e+00
6.630000000000000000e+02 2.652031203027662709e-01 9.450386891215293295e-01 1.285844333181611343e-02 2.071005917159763482e-02 2.139280837505689453e-02 0.000000000000000000e+00
6.660000000000000000e+02 2.664031344217832054e-01 9.451524806554392200e-01 1.240327719617660522e-02 2.093764223941738806e-02 2.150659990896677115e-02 0.000000000000000000e+00
6.690000000000000000e+02 2.676031485408003618e-01 9.439007737824305355e-01 1.285844333181611343e-02 2.196176604460628110e-02 2.127901684114701791e-02 0.000000000000000000e+00
6.720000000000000000e+02 2.688031626598172963e-01 9.451524806554392200e-01 1.354119253527537488e-02 2.082385070550751144e-02 2.048247610377787811e-02 0.000000000000000000e+00
6.750000000000000000e+02 2.700031767788342307e-01 9.474283113336368078e-01 1.274465179790623508e-02 2.048247610377787811e-02 1.934456076467910846e-02 0.000000000000000000e+00
6.780000000000000000e+02 2.712031908978513872e-01 9.494765589440146147e-01 1.263086026399635846e-02 2.048247610377787811e-02 1.741010468821119553e-02 0.000000000000000000e+00
6.810000000000000000e+02 2.724032050168683217e-01 9.490213928083750528e-01 1.263086026399635846e-02 2.173418297678652786e-02 1.661356395084205573e-02 0.000000000000000000e+00
