# itime ezz other fcc hcp bcc ico
0.000000000000000000e+00 0.000000000000000000e+00 2.275830678197542133e-04 9.997724169321802190e-01 0.000000000000000000e+00 0.000000000000000000e+00 0.000000000000000000e+00
3.000000000000000000e+00 1.200012519192883431e-03 0.000000000000000000e+00 1.000000000000000000e+00 0.000000000000000000e+00 0.000000000000000000e+00 0.000000000000000000e+00
6.000000000000000000e+00 2.400025038385766862e-03 6.827492034592626399e-04 9.993172507965407680e-01 0.000000000000000000e+00 0.000000000000000000e+00 0.000000000000000000e+00
9.000000000000000000e+00 3.600037557578650294e-03 1.024123805188893906e-03 9.989758761948110966e-01 0.000000000000000000e+00 0.000000000000000000e+00 0.000000000000000000e+00
1.200000000000000000e+01 4.800050076771755769e-03 1.479289940828402332e-03 9.985207100591716456e-01 0.000000000000000000e+00 0.000000000000000000e+00 0.000000000000000000e+00
1.500000000000000000e+01 6.000062595964639200e-03 1.934456076467910759e-03 9.980655439235320836e-01 0.000000000000000000e+00 0.000000000000000000e+00 0.000000000000000000e+00
1.800000000000000000e+01 7.200075115157522632e-03 1.820664542558033706e-03 9.981793354574419741e-01 0.000000000000000000e+00 0.000000000000000000e+00 0.000000000000000000e+00
2.100000000000000000e+01 8.400087634350406063e-03 1.251706873008648227e-03 9.987482931269913156e-01 0.000000000000000000e+00 0.000000000000000000e+00 0.000000000000000000e+00
2.400000000000000000e+01 9.600100153543289494e-03 9.103322712790168532e-04 9.990896677287209870e-01 0.000000000000000000e+00 0.000000000000000000e+00 0.000000000000000000e+00
2.700000000000000000e+01 1.080011267273617293e-02 1.706873008648156654e-03 9.982931269913518646e-01 0.000000000000000000e+00 0.000000000000000000e+00 0.000000000000000000e+00
3.000000000000000000e+01 1.200012519192927840e-02 1.706873008648156654e-03 9.982931269913518646e-01 0.000000000000000000e+00 0.000000000000000000e+00 0.000000000000000000e+00
3.300000000000000000e+01 1.320013771112216183e-02 1.934456076467910759e-03 9.980655439235320836e-01 0.000000000000000000e+00 0.000000000000000000e+00 0.000000000000000000e+00
3.600000000000000000e+01 1.440015023031504526e-02 1.934456076467910759e-03 9.979517523896221931e-01 0.000000000000000000e+00 1.137915339098771066e-04 0.000000000000000000e+00
3.900000000000000000e+01 1.560016274950792869e-02 2.162039144287664864e-03 9.978379608557123026e-01 0.000000000000000000e+00 0.000000000000000000e+00 0.000000000000000000e+00
4.200000000000000000e+01 1.680017526870081213e-02 1.820664542558033706e-03 9.981793354574419741e-01 0.000000000000000000e+00 0.000000000000000000e+00 0.000000000000000000e+00
4.500000000000000000e+01 1.800018778789369556e-02 1.593081474738279385e-03 9.982931269913518646e-01 0.000000000000000000e+00 1.137915339098771066e-04 0.000000000000000000e+00
4.800000000000000000e+01 1.920020030708680103e-02 1.934456076467910759e-03 9.979517523896221931e-01 0.000000000000000000e+00 1.137915339098771066e-04 0.000000000000000000e+00
5.100000000000000000e+01 2.040021282627968446e-02 2.275830678197541916e-03 9.977241693218024121e-01 0.000000000000000000e+00 0.000000000000000000e+00 0.000000000000000000e+00
5.400000000000000000e+01 2.160022534547256789e-02 2.275830678197541916e-03 9.976103777878926326e-01 0.000000000000000000e+00 1.137915339098771066e-04 0.000000000000000000e+00
5.700000000000000000e+01 2.280023786466545133e-02 1.934456076467910759e-03 9.980655439235320836e-01 0.000000000000000000e+00 0.000000000000000000e+00 0.000000000000000000e+00
6.000000000000000000e+01 2.400025038385833476e-02 2.162039144287664864e-03 9.978379608557123026e-01 0.000000000000000000e+00 0.000000000000000000e+00 0.000000000000000000e+00
6.300000000000000000e+01 2.520026290305121819e-02 1.820664542558033706e-03 9.981793354574419741e-01 0.000000000000000000e+00 0.000000000000000000e+00 0.000000000000000000e+00
6.600000000000000000e+01 2.640027542224432366e-02 1.706873008648156654e-03 9.981793354574419741e-01 0.000000000000000000e+00 1.137915339098771066e-04 0.000000000000000000e+00
6.900000000000000000e+01 2.760028794143720710e-02 2.048247610377787811e-03 9.979517523896221931e-01 0.000000000000000000e+00 0.000000000000000000e+00 0.000000000000000000e+00
7.200000000000000000e+01 2.880030046063009053e-02 1.706873008648156654e-03 9.981793354574419741e-01 0.000000000000000000e+00 1.137915339098771066e-04 0.000000000000000000e+00
7.500000000000000000e+01 3.000031297982297396e-02 2.275830678197541916e-03 9.976103777878926326e-01 0.000000000000000000e+00 1.137915339098771066e-04 0.000000000000000000e+00
7.800000000000000000e+01 3.120032549901585739e-02 1.706873008648156654e-03 9.982931269913518646e-01 0.000000000000000000e+00 0.000000000000000000e+00 0.000000000000000000e+00
8.100000000000000000e+01 3.240033801820874082e-02 1.593081474738279385e-03 9.984069185252617551e-01 0.000000000000000000e+00 0.000000000000000000e+00 0.000000000000000000e+00
8.400000000000000000e+01 3.360035053740184630e-02 1.820664542558033706e-03 9.980655439235320836e-01 0.000000000000000000e+00 1.137915339098771066e-04 0.000000000000000000e+00
8.700000000000000000e+01 3.480036305659472973e-02 2.844788347746927612e-03 9.970414201183431802e-01 0.000000000000000000e+00 1.137915339098771066e-04 0.000000000000000000e+00
9.000000000000000000e+01 3.600037557578761316e-02 3.072371415566681717e-03 9.968138370505233992e-01 0.000000000000000000e+00 1.137915339098771066e-04 0.000000000000000000e+00
9.300000000000000000e+01 3.720038809498049659e-02 3.868912152935821518e-03 9.960172963131542767e-01 0.000000000000000000e+00 1.137915339098771066e-04 0.000000000000000000e+00
9.600000000000000000e+01 3.840040061417338002e-02 3.982703686845699004e-03 9.959035047792443862e-01 0.000000000000000000e+00 1.137915339098771066e-04 0.000000000000000000e+00
9.900000000000000000e+01 3.960041313336626345e-02 7.737824305871643035e-03 9.921483841602184439e-01 0.000000000000000000e+00 1.137915339098771066e-04 0.000000000000000000e+00
1.020000000000000000e+02 4.080042565255936893e-02 9.558488848429677609e-03 9.902139280837505275e-01 0.000000000000000000e+00 2.275830678197542133e-04 0.000000000000000000e+00
1.050000000000000000e+02 4.200043817175225236e-02 9.786071916249430847e-03 9.896449704142011861e-01 0.000000000000000000e+00 5.689576695493854790e-04 0.000000000000000000e+00
1.080000000000000000e+02 4.320045069094513579e-02 9.330905780609922637e-03 9.904415111515703085e-01 0.000000000000000000e+00 2.275830678197542133e-04 0.000000000000000000e+00
1.110000000000000000e+02 4.440046321013801922e-02 8.534365043240782836e-03 9.910104688211197610e-01 0.000000000000000000e+00 4.551661356395084266e-04 0.000000000000000000e+00
1.140000000000000000e+02 4.560047572933090265e-02 7.737824305871643035e-03 9.916932180245789930e-01 0.000000000000000000e+00 5.689576695493854790e-04 0.000000000000000000e+00
1.170000000000000000e+02 4.680048824852378608e-02 1.137915339098771045e-02 9.883932635411925016e-01 0.000000000000000000e+00 2.275830678197542133e-04 0.000000000000000000e+00
1.200000000000000000e+02 4.800050076771666951e-02 1.399635867091488309e-02 9.854346836595356818e-01 0.000000000000000000e+00 5.689576695493854790e-04 0.000000000000000000e+00
1.230000000000000000e+02 4.920051328690977499e-02 1.354119253527537488e-02 9.858898497951752438e-01 0.000000000000000000e+00 5.689576695493854790e-04 0.000000000000000000e+00
1.260000000000000000e+02 5.040052580610265842e-02 1.297223486572599005e-02 9.861174328629950248e-01 0.000000000000000000e+00 9.103322712790168532e-04 0.000000000000000000e+00
1.290000000000000000e+02 5.160053832529554185e-02 1.297223486572599005e-02 9.864588074647245852e-01 0.000000000000000000e+00 5.689576695493854790e-04 0.000000000000000000e+00
1.320000000000000000e+02 5.280055084448842528e-02 1.274465179790623508e-02 9.866863905325443662e-01 0.000000000000000000e+00 5.689576695493854790e-04 0.000000000000000000e+00
1.350000000000000000e+02 5.400056336368130872e-02 1.183431952662721866e-02 9.874829312699134887e-01 0.000000000000000000e+00 6.827492034592626399e-04 0.000000000000000000e+00
1.380000000000000000e+02 5.520057588287419215e-02 1.319981793354574502e-02 9.861174328629950248e-01 0.000000000000000000e+00 6.827492034592626399e-04 0.000000000000000000e+00
1.410000000000000000e+02 5.640058840206729762e-02 1.388256713700500647e-02 9.850933090578061213e-01 0.000000000000000000e+00 1.024123805188893906e-03 0.000000000000000000e+00
1.440000000000000000e+02 5.760060092126018105e-02 1.490669094219390124e-02 9.845243513882566688e-01 0.000000000000000000e+00 5.689576695493854790e-04 0.000000000000000000e+00
1.470000000000000000e+02 5.880061344045306448e-02 1.445152480655439303e-02 9.847519344560764498e-01 0.000000000000000000e+00 7.965407373691396923e-04 0.000000000000000000e+00
1.500000000000000000e+02 6.000062595964594792e-02 1.467910787437414627e-02 9.846381429221665593e-01 0.000000000000000000e+00 6.827492034592626399e-04 0.000000000000000000e+00
1.530000000000000000e+02 6.120063847883883135e-02 1.354119253527537488e-02 9.860036413290851343e-01 0.000000000000000000e+00 4.551661356395084266e-04 0.000000000000000000e+00
1.560000000000000000e+02 6.240065099803171478e-02 1.411015020482476144e-02 9.854346836595356818e-01 0.000000000000000000e+00 4.551661356395084266e-04 0.000000000000000000e+00
1.590000000000000000e+02 6.360066351722482025e-02 1.706873008648156567e-02 9.825898953117887524e-01 0.000000000000000000e+00 3.413746017296313199e-04 0.000000000000000000e+00
1.620000000000000000e+02 6.480067603641770368e-02 1.888939462903959851e-02 9.806554392353209471e-01 0.000000000000000000e+00 4.551661356395084266e-04 0.000000000000000000e+00
1.650000000000000000e+02 6.600068855561058712e-02 2.287209831588529751e-02 9.764451524806554428e-01 0.000000000000000000e+00 6.827492034592626399e-04 0.000000000000000000e+00
1.680000000000000000e+02 6.720070107480347055e-02 2.776513427401001294e-02 9.715521165225307065e-01 0.000000000000000000e+00 6.827492034592626399e-04 0.000000000000000000e+00
1.710000000000000000e+02 6.840071359399635398e-02 3.038233955393718558e-02 9.684797451069639962e-01 0.000000000000000000e+00 1.137915339098770958e-03 0.000000000000000000e+00
1.740000000000000000e+02 6.960072611318923741e-02 3.231679563040509851e-02 9.664314974965863003e-01 0.000000000000000000e+00 1.251706873008648227e-03 0.000000000000000000e+00
1.770000000000000000e+02 7.080073863238234289e-02 3.299954483386435822e-02 9.663177059626764098e-01 0.000000000000000000e+00 6.827492034592626399e-04 0.000000000000000000e+00
1.800000000000000000e+02 7.200075115157522632e-02 3.982703686845699004e-02 9.585798816568047442e-01 0.000000000000000000e+00 1.593081474738279385e-03 0.000000000000000000e+00
1.830000000000000000e+02 7.320076367076810975e-02 4.335457441966317910e-02 9.550523441055985829e-01 0.000000000000000000e+00 1.593081474738279385e-03 0.000000000000000000e+00
1.860000000000000000e+02 7.440077618996099318e-02 4.403732362312243881e-02 9.539144287664997890e-01 0.000000000000000000e+00 2.048247610377787811e-03 0.000000000000000000e+00
1.890000000000000000e+02 7.560078870915387661e-02 4.710969503868912139e-02 9.508420573509330787e-01 0.000000000000000000e+00 2.048247610377787811e-03 0.000000000000000000e+00
1.920000000000000000e+02 7.680080122834676004e-02 5.461993627674101293e-02 9.434456076467910846e-01 0.000000000000000000e+00 1.934456076467910759e-03 0.000000000000000000e+00
1.950000000000000000e+02 7.800081374753986552e-02 6.087847064178425471e-02 9.360491579426490905e-01 0.000000000000000000e+00 3.072371415566681717e-03 0.000000000000000000e+00
1.980000000000000000e+02 7.920082626673274895e-02 6.008192990441511144e-02 9.366181156121984319e-01 0.000000000000000000e+00 3.299954483386436255e-03 0.000000000000000000e+00
2.010000000000000000e+02 8.040083878592563238e-02 6.759217114246700298e-02 9.289940828402366568e-01 0.000000000000000000e+00 3.413746017296313308e-03 0.000000000000000000e+00
2.040000000000000000e+02 8.160085130511851581e-02 7.373691397360036814e-02 9.234182976786526886e-01 0.000000000000000000e+00 2.844788347746927612e-03 0.000000000000000000e+00
2.070000000000000000e+02 8.280086382431139924e-02 7.362312243969049153e-02 9.233045061447427981e-01 0.000000000000000000e+00 3.072371415566681717e-03 0.000000000000000000e+00
2.100000000000000000e+02 8.400087634350428267e-02 7.806099226217569353e-02 9.179563040509786109e-01 0.000000000000000000e+00 3.982703686845699004e-03 0.000000000000000000e+00
2.130000000000000000e+02 8.520088886269738815e-02 7.771961766044606368e-02 9.192080109239872954e-01 0.000000000000000000e+00 3.072371415566681717e-03 0.000000000000000000e+00
2.160000000000000000e+02 8.640090138189027158e-02 7.828857532999544677e-02 9.180700955848885014e-01 0.000000000000000000e+00 3.641329085116067413e-03 0.000000000000000000e+00
2.190000000000000000e+02 8.760091390108315501e-02 8.454710969503868856e-02 9.118115612198451903e-01 0.000000000000000000e+00 3.641329085116067413e-03 0.000000000000000000e+00
2.220000000000000000e+02 8.880092642027603844e-02 8.659535730541648157e-02 9.091943559399180419e-01 0.000000000000000000e+00 4.210286754665453109e-03 0.000000000000000000e+00
2.250000000000000000e+02 9.000093893946892187e-02 9.444697314519799602e-02 9.003186162949476934e-01 0.000000000000000000e+00 5.234410559854347014e-03 0.000000000000000000e+00
2.280000000000000000e+02 9.120095145866180530e-02 1.008192990441511144e-01 8.922394173873463563e-01 0.000000000000000000e+00 6.941283568502503235e-03 0.000000000000000000e+00
2.310000000000000000e+02 9.240096397785468874e-02 1.046882111970869333e-01 8.875739644970414011e-01 0.000000000000000000e+00 7.737824305871643035e-03 0.000000000000000000e+00
2.340000000000000000e+02 9.360097649704779421e-02 1.106053709604005453e-01 8.816568047337277614e-01 0.000000000000000000e+00 7.737824305871643035e-03 0.000000000000000000e+00
2.370000000000000000e+02 9.480098901624067764e-02 1.152708238507055144e-01 8.758534365043241232e-01 0.000000000000000000e+00 8.875739644970414427e-03 0.000000000000000000e+00
2.400000000000000000e+02 9.600100153543356107e-02 1.201638598088302229e-01 8.695949021392808120e-01 0.000000000000000000e+00 1.024123805188893906e-02 0.000000000000000000e+00
2.430000000000000000e+02 9.720101405462644450e-02 1.275603095129722309e-01 8.632225762403277214e-01 0.000000000000000000e+00 9.217114246700046018e-03 0.000000000000000000e+00
2.460000000000000000e+02 9.840102657381932794e-02 1.400773782430587144e-01 8.501365498406918686e-01 0.000000000000000000e+00 9.786071916249430847e-03 0.000000000000000000e+00
2.490000000000000000e+02 9.960103909301221137e-02 1.456531634046426826e-01 8.449021392808374609e-01 0.000000000000000000e+00 9.444697314519799256e-03 0.000000000000000000e+00
2.520000000000000000e+02 1.008010516122053168e-01 1.561219845243513871e-01 8.335229858898497435e-01 0.000000000000000000e+00 1.035502958579881741e-02 0.000000000000000000e+00
2.550000000000000000e+02 1.020010641313982003e-01 1.644287664997724219e-01 8.256713700500682984e-01 0.000000000000000000e+00 9.899863450159307465e-03 0.000000000000000000e+00
2.580000000000000000e+02 1.032010766505910837e-01 1.706873008648156498e-01 8.185025034137459743e-01 0.000000000000000000e+00 1.081019572143832562e-02 0.000000000000000000e+00
2.610000000000000000e+02 1.044010891697839671e-01 1.854802002730996935e-01 8.034820209376422051e-01 0.000000000000000000e+00 1.103777878925807886e-02 0.000000000000000000e+00
2.640000000000000000e+02 1.056011016889768506e-01 1.982248520710059303e-01 7.897132453345471204e-01 0.000000000000000000e+00 1.206190259444697363e-02 0.000000000000000000e+00
2.670000000000000000e+02 1.068011142081697340e-01 2.074419663177059503e-01 7.806099226217569909e-01 0.000000000000000000e+00 1.194811106053709528e-02 0.000000000000000000e+00
2.700000000000000000e+02 1.080011267273628395e-01 2.159763313609467383e-01 7.702548930359581769e-01 0.000000000000000000e+00 1.376877560309512985e-02 0.000000000000000000e+00
2.730000000000000000e+02 1.092011392465557229e-01 2.265589440145653055e-01 7.577378243058716656e-01 0.000000000000000000e+00 1.570323167956303931e-02 0.000000000000000000e+00
2.760000000000000000e+02 1.104011517657486063e-01 2.387346381429221731e-01 7.430587164314974569e-01 0.000000000000000000e+00 1.820664542558033533e-02 0.000000000000000000e+00
2.790000000000000000e+02 1.116011642849414898e-01 2.564861174328629811e-01 7.231451979972689514e-01 0.000000000000000000e+00 2.036868456986800149e-02 0.000000000000000000e+00
2.820000000000000000e+02 1.128011768041343732e-01 2.709376422394174089e-01 7.086936731907146347e-01 0.000000000000000000e+00 2.036868456986800149e-02 0.000000000000000000e+00
2.850000000000000000e+02 1.140011893233272566e-01 2.837960855712334807e-01 6.942421483841602070e-01 0.000000000000000000e+00 2.196176604460628110e-02 0.000000000000000000e+00
2.880000000000000000e+02 1.152012018425203621e-01 2.993855257168866468e-01 6.783113336367774249e-01 0.000000000000000000e+00 2.230314064633591095e-02 0.000000000000000000e+00
2.910000000000000000e+02 1.164012143617132455e-01 3.117888029130632677e-01 6.623805188893946427e-01 0.000000000000000000e+00 2.583067819754210348e-02 0.000000000000000000e+00
2.940000000000000000e+02 1.176012268809061290e-01 3.256713700500682984e-01 6.472462448793809831e-01 0.000000000000000000e+00 2.708238507055074976e-02 0.000000000000000000e+00
2.970000000000000000e+02 1.188012394000990124e-01 3.385298133818843702e-01 6.318843878015475424e-01 1.137915339098771066e-04 2.947200728265816916e-02 0.000000000000000000e+00
3.000000000000000000e+02 1.200012519192918958e-01 3.505917159763313751e-01 6.182294037323623481e-01 1.137915339098771066e-04 3.106508875739644876e-02 0.000000000000000000e+00
3.030000000000000000e+02 1.212012644384847793e-01 3.661811561219845412e-01 5.985434683659536237e-01 0.000000000000000000e+00 3.527537551206190447e-02 0.000000000000000000e+00
3.060000000000000000e+02 1.224012769576778847e-01 3.830223031406463363e-01 5.798816568047336917e-01 0.000000000000000000e+00 3.709604005461993731e-02 0.000000000000000000e+00
3.090000000000000000e+02 1.236012894768707682e-01 3.965634956759216956e-01 5.619025944469731026e-01 2.275830678197542133e-04 4.130632680928538608e-02 0.000000000000000000e+00
3.120000000000000000e+02 1.248013019960636516e-01 4.144287664997723941e-01 5.394856622667273394e-01 2.275830678197542133e-04 4.585798816568047165e-02 0.000000000000000000e+00
3.150000000000000000e+02 1.260013145152565350e-01 4.296768320436959443e-01 5.208238507055075184e-01 1.137915339098771066e-04 4.938552571688666071e-02 0.000000000000000000e+00
3.180000000000000000e+02 1.272013270344494185e-01 4.421939007737824556e-01 5.050068274920346267e-01 1.137915339098771066e-04 5.268548020027309653e-02 0.000000000000000000e+00
3.210000000000000000e+02 1.284013395536423019e-01 4.607419208010923861e-01 4.831588529813382049e-01 2.275830678197542133e-04 5.587164314974965573e-02 0.000000000000000000e+00
3.240000000000000000e+02 1.296013520728354074e-01 4.798588984979517691e-01 4.586936731907146347e-01 1.137915339098771066e-04 6.133363677742376119e-02 0.000000000000000000e+00
3.270000000000000000e+02 1.308013645920282908e-01 5.004551661356395620e-01 4.337733272644515026e-01 3.413746017296313199e-04 6.543013199817933334e-02 0.000000000000000000e+00
3.300000000000000000e+02 1.320013771112211742e-01 5.142239417387346467e-01 4.180700955848885014e-01 5.689576695493854790e-04 6.713700500682749650e-02 0.000000000000000000e+00
3.330000000000000000e+02 1.332013896304140577e-01 5.318616294947655643e-01 3.965634956759216956e-01 6.827492034592626399e-04 7.089212562585343880e-02 0.000000000000000000e+00
3.360000000000000000e+02 1.344014021496069411e-01 5.522303140646336317e-01 3.732362312243969193e-01 1.479289940828402332e-03 7.305416477014110843e-02 0.000000000000000000e+00
3.390000000000000000e+02 1.356014146687998245e-01 5.616750113791534327e-01 3.567364588074647402e-01 2.389622212107419402e-03 7.919890760127445972e-02 0.000000000000000000e+00
3.420000000000000000e+02 1.368014271879927080e-01 5.705507510241237812e-01 3.400091033227127801e-01 2.275830678197541916e-03 8.716431497496586467e-02 0.000000000000000000e+00
3.450000000000000000e+02 1.380014397071858134e-01 5.844333181611288675e-01 3.231679563040509851e-01 2.730996813837050560e-03 8.966772872098316416e-02 0.000000000000000000e+00
3.480000000000000000e+02 1.392014522263786969e-01 5.945607646791079004e-01 3.103095129722348577e-01 2.617205279927173507e-03 9.251251706873007963e-02 0.000000000000000000e+00
3.510000000000000000e+02 1.404014647455715803e-01 6.055985434683659463e-01 2.957441966317705950e-01 2.844788347746927612e-03 9.581247155211652933e-02 0.000000000000000000e+00
3.540000000000000000e+02 1.416014772647644637e-01 6.127674101046881594e-01 2.823167956304050707e-01 2.275830678197541916e-03 1.026399635867091542e-01 0.000000000000000000e+00
3.570000000000000000e+02 1.428014897839573472e-01 6.289258079198907225e-01 2.601274465179790885e-01 2.275830678197541916e-03 1.086709148839326289e-01 0.000000000000000000e+00
3.600000000000000000e+02 1.440015023031502306e-01 6.511151570323168158e-01 2.379380974055530229e-01 3.072371415566681717e-03 1.078743741465634925e-01 0.000000000000000000e+00
3.630000000000000000e+02 1.452015148223433361e-01 6.636322257624033272e-01 2.199590350477924339e-01 4.324078288575329727e-03 1.120846609012289552e-01 0.000000000000000000e+00
3.660000000000000000e+02 1.464015273415362195e-01 6.742148384160218111e-01 2.039144287664997612e-01 5.120619025944469528e-03 1.167501137915339104e-01 0.000000000000000000e+00
3.690000000000000000e+02 1.476015398607291029e-01 6.752389622212107145e-01 1.948111060537096040e-01 5.689576695493855224e-03 1.242603550295857950e-01 0.000000000000000000e+00
3.720000000000000000e+02 1.488015523799219864e-01 6.835457441966317216e-01 1.829767865270823801e-01 6.258534365043240920e-03 1.272189349112426149e-01 0.000000000000000000e+00
3.750000000000000000e+02 1.500015648991148698e-01 6.910559854346836062e-01 1.718252162039144160e-01 7.168866636322257339e-03 1.299499317250796537e-01 0.000000000000000000e+00
3.780000000000000000e+02 1.512015774183077532e-01 6.992489758761948337e-01 1.610150204824760956e-01 7.396449704142011444e-03 1.323395539371870766e-01 0.000000000000000000e+00
3.810000000000000000e+02 1.524015899375008587e-01 7.033454710969503365e-01 1.507737824305871721e-01 8.648156577150659455e-03 1.372325898953117851e-01 0.000000000000000000e+00
3.840000000000000000e+02 1.536016024566937421e-01 7.105143377332726606e-01 1.392808375056895642e-01 9.672280382339554228e-03 1.405325443786982209e-01 0.000000000000000000e+00
3.870000000000000000e+02 1.548016149758866256e-01 7.123350022758306865e-01 1.348429676832043622e-01 8.761948111060537808e-03 1.440600819299044100e-01 0.000000000000000000e+00
3.900000000000000000e+02 1.560016274950795090e-01 7.199590350477924616e-01 1.248293126991351781e-01 9.558488848429677609e-03 1.456531634046426826e-01 0.000000000000000000e+00
3.930000000000000000e+02 1.572016400142723924e-01 7.263313609467455523e-01 1.132225762403277214e-01 1.069640418752844727e-02 1.497496586253982687e-01 0.000000000000000000e+00
3.960000000000000000e+02 1.584016525334652759e-01 7.331588529813382049e-01 1.059399180700955900e-01 1.115157032316795548e-02 1.497496586253982687e-01 0.000000000000000000e+00
3.990000000000000000e+02 1.596016650526583813e-01 7.313381884387801790e-01 1.043468365953573035e-01 1.103777878925807886e-02 1.532771961766044577e-01 0.000000000000000000e+00
4.020000000000000000e+02 1.608016775718512648e-01 7.358898497951752438e-01 9.797451069640418508e-02 1.228948566226672687e-02 1.538461538461538547e-01 0.000000000000000000e+00
4.050000000000000000e+02 1.620016900910441482e-01 7.371415566681839282e-01 9.205735093309057315e-02 1.422394173873463806e-02 1.565771506599908935e-01 0.000000000000000000e+00
4.080000000000000000e+02 1.632017026102370316e-01 7.396449704142011861e-01 8.818843878015475424e-02 1.684114701866181243e-02 1.553254437869822369e-01 0.000000000000000000e+00
4.110000000000000000e+02 1.644017151294299151e-01 7.402139280837505275e-01 8.204369594902138907e-02 1.741010468821119553e-02 1.603322712790168358e-01 0.000000000000000000e+00
4.140000000000000000e+02 1.656017276486227985e-01 7.411242603550295405e-01 7.885753299954482987e-02 1.866181156121984527e-02 1.613563950842057393e-01 0.000000000000000000e+00
4.170000000000000000e+02 1.668017401678159040e-01 7.498862084660901095e-01 7.396449704142012138e-02 1.866181156121984527e-02 1.574874829312699065e-01 0.000000000000000000e+00
4.200000000000000000e+02 1.680017526870087874e-01 7.460172963131542767e-01 7.123350022758306865e-02 2.002730996813837164e-02 1.627218934911242587e-01 0.000000000000000000e+00
4.230000000000000000e+02 1.692017652062016708e-01 7.532999544833864913e-01 6.588529813381883982e-02 2.002730996813837164e-02 1.607874374146563423e-01 0.000000000000000000e+00
4.260000000000000000e+02 1.704017777253945543e-01 7.605826126536185949e-01 6.133363677742376119e-02 2.036868456986800149e-02 1.577150659990896597e-01 0.000000000000000000e+00
4.290000000000000000e+02 1.716017902445874377e-01 7.647928994082839882e-01 5.632680928538916915e-02 2.196176604460628110e-02 1.569185252617205373e-01 0.000000000000000000e+00
4.320000000000000000e+02 1.728018027637803211e-01 7.695721438324988339e-01 5.348202093764223980e-02 2.344105598543468408e-02 1.535047792444242110e-01 0.000000000000000000e+00
4.350000000000000000e+02 1.740018152829734266e-01 7.771961766044606090e-01 4.756486117432862787e-02 2.298588984979517413e-02 1.522530723714155543e-01 0.000000000000000000e+00
4.380000000000000000e+02 1.752018278021663100e-01 7.841374601729631522e-01 4.574419663177059503e-02 2.332726445152480746e-02 1.467910787437414766e-01 0.000000000000000000e+00
4.410000000000000000e+02 1.764018403213591935e-01 7.858443331816112876e-01 4.494765589440145870e-02 2.298588984979517413e-02 1.462221210741920796e-01 0.000000000000000000e+00
4.440000000000000000e+02 1.776018528405520769e-01 7.890304961310878884e-01 4.403732362312243881e-02 2.548930359581247015e-02 1.414428766499772339e-01 0.000000000000000000e+00
4.470000000000000000e+02 1.788018653597449603e-01 7.940373236231224041e-01 4.164770141101502288e-02 2.560309512972235024e-02 1.387118798361401950e-01 0.000000000000000000e+00
4.500000000000000000e+02 1.800018778789378437e-01 7.950614474283113076e-01 4.107874374146563284e-02 2.651342740100136666e-02 1.373463814292216756e-01 0.000000000000000000e+00
4.530000000000000000e+02 1.812018903981307272e-01 8.018889394629039602e-01 4.005461993627674328e-02 2.537551206190259354e-02 1.326809285389166926e-01 0.000000000000000000e+00
4.560000000000000000e+02 1.824019029173238327e-01 8.060992262175694645e-01 3.755120619025944378e-02 2.412380518889394726e-02 1.322257624032771861e-01 0.000000000000000000e+00
4.590000000000000000e+02 1.836019154365167161e-01 8.096267637687756258e-01 3.629949931725079404e-02 2.344105598543468408e-02 1.306326809285389134e-01 0.000000000000000000e+00
4.620000000000000000e+02 1.848019279557095995e-01 8.130405097860718966e-01 3.243058716431497512e-02 2.514792899408284030e-02 1.293809740555302568e-01 0.000000000000000000e+00
4.650000000000000000e+02 1.860019404749024829e-01 8.146335912608101415e-01 3.174783796085571541e-02 2.503413746017296368e-02 1.285844333181611343e-01 0.000000000000000000e+00
4.680000000000000000e+02 1.872019529940953664e-01 8.152025489303595940e-01 3.186162949476559203e-02 2.662721893491124328e-02 1.263086026399635742e-01 0.000000000000000000e+00
4.710000000000000000e+02 1.884019655132882498e-01 8.205507510241237812e-01 3.106508875739644876e-02 2.674101046882111990e-02 1.216431497496586189e-01 0.000000000000000000e+00
4.740000000000000000e+02 1.896019780324813553e-01 8.233955393718707105e-01 3.060992262175694228e-02 2.730996813837050646e-02 1.186845698680018268e-01 0.000000000000000000e+00
4.770000000000000000e+02 1.908019905516742387e-01 8.237369139736003820e-01 3.049613108784706567e-02 2.696859353664087314e-02 1.187983614019117035e-01 0.000000000000000000e+00
4.800000000000000000e+02 1.920020030708671221e-01 8.265817023213473114e-01 2.913063268092853930e-02 2.810650887573964626e-02 1.161811561219845274e-01 0.000000000000000000e+00
4.830000000000000000e+02 1.932020155900600056e-01 8.304506144742831442e-01 2.833409194355939950e-02 2.844788347746927612e-02 1.127674101046882149e-01 0.000000000000000000e+00
4.860000000000000000e+02 1.944020281092528890e-01 8.388711879836140417e-01 2.571688666363222686e-02 2.787892580791988956e-02 1.075329995448338627e-01 0.000000000000000000e+00
4.890000000000000000e+02 1.956020406284457724e-01 8.470641784251251583e-01 2.389622212107419055e-02 2.560309512972235024e-02 1.034365043240782905e-01 0.000000000000000000e+00
4.920000000000000000e+02 1.968020531476388779e-01 8.484296768320437332e-01 2.298588984979517413e-02 2.469276285844333035e-02 1.038916704597177970e-01 0.000000000000000000e+00
4.950000000000000000e+02 1.980020656668317613e-01 8.478607191624942807e-01 2.218934911242603433e-02 2.560309512972235024e-02 1.043468365953573035e-01 0.000000000000000000e+00
4.980000000000000000e+02 1.992020781860246448e-01 8.513882567137005530e-01 2.218934911242603433e-02 2.696859353664087314e-02 9.945380063723259501e-02 0.000000000000000000e+00
5.010000000000000000e+02 2.004020907052175282e-01 8.548020027309968238e-01 2.036868456986800149e-02 2.480655439235321044e-02 1.000227583067819781e-01 0.000000000000000000e+00
5.040000000000000000e+02 2.016021032244104116e-01 8.536640873918980299e-01 2.036868456986800149e-02 2.492034592626308706e-02 1.010468821119708677e-01 0.000000000000000000e+00
5.070000000000000000e+02 2.028021157436032951e-01 8.537778789258079204e-01 2.082385070550751144e-02 2.457897132453345374e-02 1.007055075102412378e-01 1.137915339098771066e-04
5.100000000000000000e+02 2.040021282627964005e-01 8.551433773327264953e-01 2.196176604460628110e-02 2.435138825671370050e-02 9.842967683204369156e-02 1.137915339098771066e-04
5.130000000000000000e+02 2.052021407819892840e-01 8.611743286299499145e-01 2.105143377332726468e-02 2.446517979062357712e-02 9.330905780609922984e-02 0.000000000000000000e+00
5.160000000000000000e+02 2.064021533011821674e-01 8.644742831133364058e-01 1.957214383249886169e-02 2.617205279927173334e-02 8.978152025489304078e-02 0.000000000000000000e+00
5.190000000000000000e+02 2.076021658203750508e-01 8.694811106053709215e-01 2.082385070550751144e-02 2.583067819754210348e-02 8.386436049157942885e-02 0.000000000000000000e+00
5.220000000000000000e+02 2.088021783395679343e-01 8.742603550295857673e-01 2.071005917159763482e-02 2.548930359581247015e-02 7.954028220300408958e-02 0.000000000000000000e+00
5.250000000000000000e+02 2.100021908587608177e-01 8.796085571233500655e-01 1.979972690031861493e-02 2.605826126536185672e-02 7.453345471096950448e-02 0.000000000000000000e+00
5.280000000000000000e+02 2.112022033779539232e-01 8.817705962676376519e-01 1.900318616294947513e-02 2.651342740100136666e-02 7.271279016841146470e-02 0.000000000000000000e+00
5.310000000000000000e+02 2.124022158971468066e-01 8.837050523441055683e-01 1.820664542558033533e-02 2.799271734182976618e-02 7.009558488848430247e-02 0.000000000000000000e+00
5.340000000000000000e+02 2.136022284163396900e-01 8.864360491579426071e-01 1.729631315430131891e-02 2.674101046882111990e-02 6.952662721893490549e-02 0.000000000000000000e+00
5.370000000000000000e+02 2.148022409355325735e-01 8.913290851160673434e-01 1.786527082385070547e-02 2.696859353664087314e-02 6.383705052344106068e-02 0.000000000000000000e+00
5.400000000000000000e+02 2.160022534547254569e-01 8.922394173873463563e-01 1.741010468821119553e-02 2.742375967228038308e-02 6.292671825216203385e-02 0.000000000000000000e+00
5.430000000000000000e+02 2.172022659739183403e-01 8.889394629039599760e-01 1.809285389167045871e-02 2.799271734182976618e-02 6.497496586253982687e-02 0.000000000000000000e+00
5.460000000000000000e+02 2.184022784931114458e-01 8.925807919890760278e-01 1.672735548475193582e-02 2.901684114701866268e-02 6.167501137915339104e-02 0.000000000000000000e+00
5.490000000000000000e+02 2.196022910123043292e-01 8.944014565316340537e-01 1.763768775603095224e-02 2.787892580791988956e-02 6.008192990441511144e-02 0.000000000000000000e+00
5.520000000000000000e+02 2.208023035314972127e-01 8.974738279472007640e-01 1.797906235776058209e-02 2.822030040964952288e-02 5.632680928538916915e-02 0.000000000000000000e+00
5.550000000000000000e+02 2.220023160506900961e-01 9.012289485662267063e-01 1.843422849340009204e-02 2.492034592626308706e-02 5.541647701411014926e-02 0.000000000000000000e+00
5.580000000000000000e+02 2.232023285698829795e-01 9.036185707783340737e-01 1.854802002730996865e-02 2.492034592626308706e-02 5.291306326809285671e-02 0.000000000000000000e+00
5.610000000000000000e+02 2.244023410890758630e-01 9.045289030496130867e-01 1.763768775603095224e-02 2.548930359581247015e-02 5.234410559854346667e-02 0.000000000000000000e+00
5.640000000000000000e+02 2.256023536082687464e-01 9.025944469731451703e-01 1.729631315430131891e-02 2.639963586709149004e-02 5.370960400546199304e-02 0.000000000000000000e+00
5.670000000000000000e+02 2.268023661274618519e-01 9.057806099226217711e-01 1.684114701866181243e-02 2.571688666363222686e-02 5.166135639508420696e-02 0.000000000000000000e+00
5.700000000000000000e+02 2.280023786466547353e-01 9.072598998634501255e-01 1.570323167956303931e-02 2.594446973145198010e-02 5.109239872553481693e-02 0.000000000000000000e+00
5.730000000000000000e+02 2.292023911658476187e-01 9.127218934911243142e-01 1.456531634046426965e-02 2.617205279927173334e-02 4.654073736913973830e-02 0.000000000000000000e+00
5.760000000000000000e+02 2.304024036850405022e-01 9.165908056440600360e-01 1.388256713700500647e-02 2.492034592626308706e-02 4.460628129267182190e-02 0.000000000000000000e+00
5.790000000000000000e+02 2.316024162042333856e-01 9.157942649066909135e-01 1.467910787437414627e-02 2.480655439235321044e-02 4.472007282658170546e-02 0.000000000000000000e+00
5.820000000000000000e+02 2.328024287234262690e-01 9.165908056440600360e-01 1.593081474738279601e-02 2.401001365498407064e-02 4.346836595357305572e-02 0.000000000000000000e+00
5.850000000000000000e+02 2.340024412426193745e-01 9.194355939918069653e-01 1.445152480655439303e-02 2.548930359581247015e-02 4.062357760582612637e-02 0.000000000000000000e+00
5.880000000000000000e+02 2.352024537618122579e-01 9.206873008648156498e-01 1.365498406918525323e-02 2.537551206190259354e-02 4.028220300409649651e-02 0.000000000000000000e+00
5.910000000000000000e+02 2.364024662810051414e-01 9.239872553482021411e-01 1.308602639963586667e-02 2.423759672280382388e-02 3.868912152935821691e-02 0.000000000000000000e+00
5.940000000000000000e+02 2.376024788001980248e-01 9.245562130177514826e-01 1.399635867091488309e-02 2.389622212107419055e-02 3.755120619025944378e-02 0.000000000000000000e+00
5.970000000000000000e+02 2.388024913193909082e-01 9.283113336367774249e-01 1.285844333181611343e-02 2.173418297678652786e-02 3.709604005461993731e-02 0.000000000000000000e+00
6.000000000000000000e+02 2.400025038385837917e-01 9.285389167045972059e-01 1.319981793354574502e-02 2.048247610377787811e-02 3.777878925807919702e-02 0.000000000000000000e+00
6.030000000000000000e+02 2.412025163577768971e-01 9.300182066454255603e-01 1.274465179790623508e-02 2.082385070550751144e-02 3.641329085116067066e-02 0.000000000000000000e+00
6.060000000000000000e+02 2.424025288769697806e-01 9.350250341374601870e-01 1.103777878925807886e-02 2.002730996813837164e-02 3.390987710514337811e-02 0.000000000000000000e+00
6.090000000000000000e+02 2.436025413961626640e-01 9.344560764679107345e-01 1.172052799271734204e-02 1.911697769685935522e-02 3.470641784251251444e-02 0.000000000000000000e+00
6.120000000000000000e+02 2.448025539153555474e-01 9.388939462903960198e-01 1.194811106053709528e-02 1.923076923076923184e-02 2.981338188438780248e-02 1.137915339098771066e-04
6.150000000000000000e+02 2.460025664345484309e-01 9.388939462903960198e-01 1.274465179790623508e-02 1.991351843422849502e-02 2.833409194355939950e-02 1.137915339098771066e-04
6.180000000000000000e+02 2.472025789537413143e-01 9.395766954938552518e-01 1.297223486572599005e-02 2.002730996813837164e-02 2.742375967228038308e-02 0.000000000000000000e+00
6.210000000000000000e+02 2.484025914729344198e-01 9.415111515703231682e-01 1.228948566226672687e-02 1.945835229858898507e-02 2.674101046882111990e-02 0.000000000000000000e+00
6.240000000000000000e+02 2.496026039921273032e-01 9.425352753755120716e-01 1.058261265361857065e-02 1.900318616294947513e-02 2.787892580791988956e-02 0.000000000000000000e+00
6.270000000000000000e+02 2.508026165113201866e-01 9.440145653163404260e-01 1.126536185707783383e-02 1.866181156121984527e-02 2.605826126536185672e-02 0.000000000000000000e+00
6.300000000000000000e+02 2.520026290305130701e-01 9.428766499772417431e-01 1.137915339098771045e-02 1.900318616294947513e-02 2.674101046882111990e-02 0.000000000000000000e+00
6.330000000000000000e+02 2.532026415497059535e-01 9.419663177059627301e-01 1.137915339098771045e-02 2.002730996813837164e-02 2.662721893491124328e-02 0.000000000000000000e+00
6.360000000000000000e+02 2.544026540688988369e-01 9.420801092398725096e-01 1.160673645880746542e-02 2.127901684114701791e-02 2.503413746017296368e-02 0.000000000000000000e+00
6.390000000000000000e+02 2.556026665880919424e-01 9.418525261720528396e-01 1.206190259444697363e-02 2.241693218024579104e-02 2.366863905325443732e-02 0.000000000000000000e+00
6.420000000000000000e+02 2.568026791072848258e-01 9.379836140191170069e-01 1.206190259444697363e-02 2.309968138370505075e-02 2.685480200273099652e-02 0.000000000000000000e+00
6.450000000000000000e+02 2.580026916264777093e-01 9.402594446973144837e-01 1.240327719617660522e-02 2.127901684114701791e-02 2.594446973145198010e-02 1.137915339098771066e-04
6.480000000000000000e+02 2.592027041456705927e-01 9.406008192990441552e-01 1.285844333181611343e-02 1.991351843422849502e-02 2.651342740100136666e-02 1.137915339098771066e-04
6.510000000000000000e+02 2.604027166648634761e-01 9.445835229858898785e-01 1.308602639963586667e-02 1.923076923076923184e-02 2.309968138370505075e-02 0.000000000000000000e+00
6.540000000000000000e+02 2.616027291840563596e-01 9.448111060537096595e-01 1.331360946745562164e-02 1.877560309512972189e-02 2.309968138370505075e-02 0.000000000000000000e+00
6.570000000000000000e+02 2.628027417032494650e-01 9.451524806554392200e-01 1.388256713700500647e-02 1.820664542558033533e-02 2.275830678197542090e-02 0.000000000000000000e+00
6.600000000000000000e+02 2.640027542224423485e-01 9.479972690031861493e-01 1.331360946745562164e-02 1.832043695949021542e-02 2.036868456986800149e-02 0.000000000000000000e+00
6.630000000000000000e+02 2.652027667416352319e-01 9.457214383249886724e-01 1.388256713700500647e-02 1.957214383249886169e-02 2.082385070550751144e-02 0.000000000000000000e+00
6.660000000000000000e+02 2.664027792608281153e-01 9.484524351388257113e-01 1.274465179790623508e-02 1.900318616294947513e-02 1.979972690031861493e-02 0.000000000000000000e+00
6.690000000000000000e+02 2.676027917800209988e-01 9.464041875284479044e-01 1.411015020482476144e-02 2.036868456986800149e-02 1.911697769685935522e-02 0.000000000000000000e+00
6.720000000000000000e+02 2.688028042992138822e-01 9.479972690031861493e-01 1.274465179790623508e-02 2.036868456986800149e-02 1.888939462903959851e-02 0.000000000000000000e+00
6.750000000000000000e+02 2.700028168184069877e-01 9.509558488848429691e-01 1.297223486572599005e-02 1.945835229858898507e-02 1.661356395084205573e-02 0.000000000000000000e+00
6.780000000000000000e+02 2.712028293375998711e-01 9.520937642239417631e-01 1.194811106053709528e-02 1.900318616294947513e-02 1.695493855257168905e-02 0.000000000000000000e+00
6.810000000000000000e+02 2.724028418567927545e-01 9.518661811561219821e-01 1.297223486572599005e-02 1.957214383249886169e-02 1.547564861174328607e-02 1.137915339098771066e-04
