# itime ezz other fcc hcp bcc ico
0.000000000000000000e+00 0.000000000000000000e+00 0.000000000000000000e+00 1.000000000000000000e+00 0.000000000000000000e+00 0.000000000000000000e+00 0.000000000000000000e+00
5.000000000000000000e+01 1.999991974802606265e-03 0.000000000000000000e+00 1.000000000000000000e+00 0.000000000000000000e+00 0.000000000000000000e+00 0.000000000000000000e+00
1.000000000000000000e+02 3.999983949605212530e-03 0.000000000000000000e+00 1.000000000000000000e+00 0.000000000000000000e+00 0.000000000000000000e+00 0.000000000000000000e+00
1.500000000000000000e+02 5.999975924407818795e-03 0.000000000000000000e+00 1.000000000000000000e+00 0.000000000000000000e+00 0.000000000000000000e+00 0.000000000000000000e+00
2.000000000000000000e+02 7.999967899210425060e-03 0.000000000000000000e+00 1.000000000000000000e+00 0.000000000000000000e+00 0.000000000000000000e+00 0.000000000000000000e+00
2.500000000000000000e+02 9.999959874013031325e-03 0.000000000000000000e+00 1.000000000000000000e+00 0.000000000000000000e+00 0.000000000000000000e+00 0.000000000000000000e+00
3.000000000000000000e+02 1.199995184881563759e-02 0.000000000000000000e+00 1.000000000000000000e+00 0.000000000000000000e+00 0.000000000000000000e+00 0.000000000000000000e+00
3.500000000000000000e+02 1.399994382361824385e-02 0.000000000000000000e+00 1.000000000000000000e+00 0.000000000000000000e+00 0.000000000000000000e+00 0.000000000000000000e+00
4.000000000000000000e+02 1.599993579842085012e-02 0.000000000000000000e+00 1.000000000000000000e+00 0.000000000000000000e+00 0.000000000000000000e+00 0.000000000000000000e+00
4.500000000000000000e+02 1.799992777322345638e-02 0.000000000000000000e+00 1.000000000000000000e+00 0.000000000000000000e+00 0.000000000000000000e+00 0.000000000000000000e+00
5.000000000000000000e+02 1.999991974802606265e-02 0.000000000000000000e+00 1.000000000000000000e+00 0.000000000000000000e+00 0.000000000000000000e+00 0.000000000000000000e+00
5.500000000000000000e+02 2.199991172282866891e-02 0.000000000000000000e+00 1.000000000000000000e+00 0.000000000000000000e+00 0.000000000000000000e+00 0.000000000000000000e+00
6.000000000000000000e+02 2.399990369763127518e-02 0.000000000000000000e+00 1.000000000000000000e+00 0.000000000000000000e+00 0.000000000000000000e+00 0.000000000000000000e+00
6.500000000000000000e+02 2.599989567243388144e-02 0.000000000000000000e+00 1.000000000000000000e+00 0.000000000000000000e+00 0.000000000000000000e+00 0.000000000000000000e+00
7.000000000000000000e+02 2.799988764723648771e-02 0.000000000000000000e+00 1.000000000000000000e+00 0.000000000000000000e+00 0.000000000000000000e+00 0.000000000000000000e+00
7.500000000000000000e+02 2.999987962203887193e-02 0.000000000000000000e+00 1.000000000000000000e+00 0.000000000000000000e+00 0.000000000000000000e+00 0.000000000000000000e+00
8.000000000000000000e+02 3.199987159684147819e-02 0.000000000000000000e+00 1.000000000000000000e+00 0.000000000000000000e+00 0.000000000000000000e+00 0.000000000000000000e+00
8.500000000000000000e+02 3.399986357164408446e-02 0.000000000000000000e+00 1.000000000000000000e+00 0.000000000000000000e+00 0.000000000000000000e+00 0.000000000000000000e+00
9.000000000000000000e+02 3.599985554644669072e-02 0.000000000000000000e+00 1.000000000000000000e+00 0.000000000000000000e+00 0.000000000000000000e+00 0.000000000000000000e+00
9.500000000000000000e+02 3.799984752124929699e-02 0.000000000000000000e+00 1.000000000000000000e+00 0.000000000000000000e+00 0.000000000000000000e+00 0.000000000000000000e+00
1.000000000000000000e+03 3.999983949605190325e-02 0.000000000000000000e+00 1.000000000000000000e+00 0.000000000000000000e+00 0.000000000000000000e+00 0.000000000000000000e+00
1.050000000000000000e+03 4.199983147085450952e-02 0.000000000000000000e+00 1.000000000000000000e+00 0.000000000000000000e+00 0.000000000000000000e+00 0.000000000000000000e+00
1.100000000000000000e+03 4.399982344565711578e-02 0.000000000000000000e+00 1.000000000000000000e+00 0.000000000000000000e+00 0.000000000000000000e+00 0.000000000000000000e+00
1.150000000000000000e+03 4.599981542045972205e-02 0.000000000000000000e+00 1.000000000000000000e+00 0.000000000000000000e+00 0.000000000000000000e+00 0.000000000000000000e+00
1.200000000000000000e+03 4.799980739526232831e-02 0.000000000000000000e+00 1.000000000000000000e+00 0.000000000000000000e+00 0.000000000000000000e+00 0.000000000000000000e+00
1.250000000000000000e+03 4.999979937006493458e-02 0.000000000000000000e+00 1.000000000000000000e+00 0.000000000000000000e+00 0.000000000000000000e+00 0.000000000000000000e+00
1.300000000000000000e+03 5.199979134486754084e-02 0.000000000000000000e+00 1.000000000000000000e+00 0.000000000000000000e+00 0.000000000000000000e+00 0.000000000000000000e+00
1.350000000000000000e+03 5.399978331967014711e-02 0.000000000000000000e+00 1.000000000000000000e+00 0.000000000000000000e+00 0.000000000000000000e+00 0.000000000000000000e+00
1.400000000000000000e+03 5.599977529447275337e-02 0.000000000000000000e+00 1.000000000000000000e+00 0.000000000000000000e+00 0.000000000000000000e+00 0.000000000000000000e+00
1.450000000000000000e+03 5.799976726927535964e-02 0.000000000000000000e+00 1.000000000000000000e+00 0.000000000000000000e+00 0.000000000000000000e+00 0.000000000000000000e+00
1.500000000000000000e+03 5.999975924407796590e-02 0.000000000000000000e+00 1.000000000000000000e+00 0.000000000000000000e+00 0.000000000000000000e+00 0.000000000000000000e+00
1.550000000000000000e+03 6.199975121888057217e-02 0.000000000000000000e+00 1.000000000000000000e+00 0.000000000000000000e+00 0.000000000000000000e+00 0.000000000000000000e+00
1.600000000000000000e+03 6.399974319368317843e-02 0.000000000000000000e+00 1.000000000000000000e+00 0.000000000000000000e+00 0.000000000000000000e+00 0.000000000000000000e+00
1.650000000000000000e+03 6.599973516848578470e-02 0.000000000000000000e+00 1.000000000000000000e+00 0.000000000000000000e+00 0.000000000000000000e+00 0.000000000000000000e+00
1.700000000000000000e+03 6.799972714328839096e-02 1.137915339098771066e-04 9.998862084660901095e-01 0.000000000000000000e+00 0.000000000000000000e+00 0.000000000000000000e+00
1.750000000000000000e+03 6.999971911809099723e-02 0.000000000000000000e+00 1.000000000000000000e+00 0.000000000000000000e+00 0.000000000000000000e+00 0.000000000000000000e+00
1.800000000000000000e+03 7.199971109289360349e-02 0.000000000000000000e+00 1.000000000000000000e+00 0.000000000000000000e+00 0.000000000000000000e+00 0.000000000000000000e+00
1.850000000000000000e+03 7.399970306769620976e-02 5.689576695493854790e-04 9.994310423304506585e-01 0.000000000000000000e+00 0.000000000000000000e+00 0.000000000000000000e+00
1.900000000000000000e+03 7.599969504249881602e-02 3.413746017296313199e-04 9.995448338643604380e-01 0.000000000000000000e+00 1.137915339098771066e-04 0.000000000000000000e+00
1.950000000000000000e+03 7.799968701730142229e-02 0.000000000000000000e+00 1.000000000000000000e+00 0.000000000000000000e+00 0.000000000000000000e+00 0.000000000000000000e+00
2.000000000000000000e+03 7.999967899210402855e-02 2.275830678197542133e-04 9.997724169321802190e-01 0.000000000000000000e+00 0.000000000000000000e+00 0.000000000000000000e+00
2.050000000000000000e+03 8.199967096690663482e-02 3.413746017296313199e-04 9.996586253982703285e-01 0.000000000000000000e+00 0.000000000000000000e+00 0.000000000000000000e+00
2.100000000000000000e+03 8.399966294170924108e-02 0.000000000000000000e+00 1.000000000000000000e+00 0.000000000000000000e+00 0.000000000000000000e+00 0.000000000000000000e+00
2.150000000000000000e+03 8.599965491651162530e-02 3.413746017296313199e-04 9.996586253982703285e-01 0.000000000000000000e+00 0.000000000000000000e+00 0.000000000000000000e+00
2.200000000000000000e+03 8.799964689131423157e-02 6.827492034592626399e-04 9.993172507965407680e-01 0.000000000000000000e+00 0.000000000000000000e+00 0.000000000000000000e+00
2.250000000000000000e+03 8.999963886611683783e-02 1.251706873008648227e-03 9.986345015930814251e-01 0.000000000000000000e+00 1.137915339098771066e-04 0.000000000000000000e+00
2.300000000000000000e+03 9.199963084091944410e-02 2.162039144287664864e-03 9.978379608557123026e-01 0.000000000000000000e+00 0.000000000000000000e+00 0.000000000000000000e+00
2.350000000000000000e+03 9.399962281572205036e-02 9.103322712790168532e-04 9.990896677287209870e-01 0.000000000000000000e+00 0.000000000000000000e+00 0.000000000000000000e+00
2.400000000000000000e+03 9.599961479052465663e-02 1.251706873008648227e-03 9.986345015930814251e-01 0.000000000000000000e+00 1.137915339098771066e-04 0.000000000000000000e+00
2.450000000000000000e+03 9.799960676532726289e-02 2.389622212107419402e-03 9.973827947200728516e-01 0.000000000000000000e+00 2.275830678197542133e-04 0.000000000000000000e+00
2.500000000000000000e+03 9.999959874012986916e-02 3.299954483386436255e-03 9.965862539827037292e-01 0.000000000000000000e+00 1.137915339098771066e-04 0.000000000000000000e+00
2.550000000000000000e+03 1.019995907149324754e-01 2.275830678197541916e-03 9.977241693218024121e-01 0.000000000000000000e+00 0.000000000000000000e+00 0.000000000000000000e+00
2.600000000000000000e+03 1.039995826897350817e-01 2.617205279927173507e-03 9.972690031861629611e-01 0.000000000000000000e+00 1.137915339098771066e-04 0.000000000000000000e+00
2.650000000000000000e+03 1.059995746645376880e-01 3.072371415566681717e-03 9.968138370505233992e-01 0.000000000000000000e+00 1.137915339098771066e-04 0.000000000000000000e+00
2.700000000000000000e+03 1.079995666393402942e-01 6.258534365043240920e-03 9.937414656349567998e-01 0.000000000000000000e+00 0.000000000000000000e+00 0.000000000000000000e+00
2.750000000000000000e+03 1.099995586141429005e-01 6.030951297223486815e-03 9.935138825671370189e-01 0.000000000000000000e+00 4.551661356395084266e-04 0.000000000000000000e+00
2.800000000000000000e+03 1.119995505889455067e-01 1.274465179790623508e-02 9.864588074647245852e-01 0.000000000000000000e+00 7.965407373691396923e-04 0.000000000000000000e+00
2.850000000000000000e+03 1.139995425637481130e-01 1.285844333181611343e-02 9.863450159308146947e-01 0.000000000000000000e+00 7.965407373691396923e-04 0.000000000000000000e+00
2.900000000000000000e+03 1.159995345385507193e-01 2.105143377332726468e-02 9.775830678197542367e-01 0.000000000000000000e+00 1.365498406918525280e-03 0.000000000000000000e+00
2.950000000000000000e+03 1.179995265133533255e-01 3.368229403732362487e-02 9.588074647246245252e-01 0.000000000000000000e+00 7.510241238051888930e-03 0.000000000000000000e+00
3.000000000000000000e+03 1.199995184881559318e-01 7.635411925352754425e-02 8.756258534365043422e-01 0.000000000000000000e+00 4.802002730996814128e-02 0.000000000000000000e+00
3.050000000000000000e+03 1.219995104629585381e-01 1.962903959945380139e-01 5.698680018206645492e-01 0.000000000000000000e+00 2.338416021847974646e-01 0.000000000000000000e+00
3.100000000000000000e+03 1.239995024377611443e-01 3.439918070095585034e-01 2.032316795630405015e-01 4.551661356395084266e-04 4.523213472917614886e-01 0.000000000000000000e+00
3.150000000000000000e+03 1.259994944125637506e-01 3.703914428766499900e-01 1.417842512517068776e-01 9.103322712790168532e-04 4.869139736003641472e-01 0.000000000000000000e+00
3.200000000000000000e+03 1.279994863873663569e-01 3.719845243513882349e-01 1.652253072371415443e-01 1.024123805188893906e-03 4.617660446062812896e-01 0.000000000000000000e+00
3.250000000000000000e+03 1.299994783621689631e-01 4.050978607191624836e-01 1.327947200728265831e-01 5.461993627674101119e-03 4.566454255803368278e-01 0.000000000000000000e+00
3.300000000000000000e+03 1.319994703369715694e-01 4.065771506599908935e-01 1.182294037323623065e-01 3.402366863905325473e-02 4.411697769685935522e-01 0.000000000000000000e+00
3.350000000000000000e+03 1.339994623117741757e-01 4.087391898042785354e-01 1.185707783340919502e-01 6.873008648156576916e-02 4.039599453800637452e-01 0.000000000000000000e+00
3.400000000000000000e+03 1.359994542865767819e-01 4.342284934000910090e-01 1.412152935821574806e-01 1.264223941738734647e-01 2.981338188438780179e-01 0.000000000000000000e+00
3.450000000000000000e+03 1.379994462613793882e-01 4.634729176149294250e-01 1.616977696859353553e-01 1.824078288575330109e-01 1.924214838416021811e-01 0.000000000000000000e+00
3.500000000000000000e+03 1.399994382361819945e-01 4.634729176149294250e-01 1.748975876194810986e-01 2.052799271734183084e-01 1.563495675921711403e-01 0.000000000000000000e+00
3.550000000000000000e+03 1.419994302109843787e-01 4.596040054619936477e-01 1.849112426035502965e-01 2.198452435138825711e-01 1.356395084205735124e-01 0.000000000000000000e+00
3.600000000000000000e+03 1.439994221857869849e-01 4.574419663177059503e-01 2.027765134274009950e-01 2.311106053709603980e-01 1.086709148839326289e-01 0.000000000000000000e+00
3.650000000000000000e+03 1.459994141605895912e-01 4.558488848429677054e-01 1.999317250796540657e-01 2.430587164314974846e-01 1.011606736458807443e-01 0.000000000000000000e+00
3.700000000000000000e+03 1.479994061353921975e-01 4.373008648156577194e-01 2.214383249886208438e-01 2.454483386436049075e-01 9.581247155211652933e-02 0.000000000000000000e+00
3.750000000000000000e+03 1.499993981101948037e-01 4.227355484751934567e-01 2.257624032771961831e-01 2.591033227127901850e-01 9.239872553482020301e-02 0.000000000000000000e+00
3.800000000000000000e+03 1.519993900849974100e-01 4.046426945835229771e-01 2.321347291761493015e-01 2.823167956304050707e-01 8.090578060992262288e-02 0.000000000000000000e+00
3.850000000000000000e+03 1.539993820598000163e-01 4.003186162949476379e-01 2.245106964041875264e-01 3.000682749203459343e-01 7.510241238051888757e-02 0.000000000000000000e+00
3.900000000000000000e+03 1.559993740346026225e-01 3.957669549385525731e-01 2.155211652253072319e-01 3.192990441511151523e-01 6.941283568502502888e-02 0.000000000000000000e+00
3.950000000000000000e+03 1.579993660094052288e-01 4.022530723714155543e-01 2.158625398270368756e-01 3.220300409649521911e-01 5.985434683659535821e-02 0.000000000000000000e+00
4.000000000000000000e+03 1.599993579842078351e-01 3.948566226672735602e-01 2.141556668183887124e-01 3.402366863905325611e-01 5.075102412380518707e-02 0.000000000000000000e+00
4.050000000000000000e+03 1.619993499590104413e-01 4.057806099226217711e-01 2.075557578516158408e-01 3.434228493400091065e-01 4.324078288575330248e-02 0.000000000000000000e+00
4.100000000000000000e+03 1.639993419338130476e-01 4.101046882111971104e-01 2.069868001820664438e-01 3.483158852981338427e-01 3.459262630860263782e-02 0.000000000000000000e+00
4.150000000000000000e+03 1.659993339086156539e-01 4.099908966772872199e-01 2.069868001820664438e-01 3.489986345015930747e-01 3.402366863905325473e-02 0.000000000000000000e+00
4.200000000000000000e+03 1.679993258834182601e-01 4.171597633136094885e-01 2.016385980883022289e-01 3.468365953573054328e-01 3.436504324078288458e-02 0.000000000000000000e+00
4.250000000000000000e+03 1.699993178582208664e-01 4.194355939918070209e-01 2.094902139280837572e-01 3.372781065088757413e-01 3.379608557123350149e-02 0.000000000000000000e+00
4.300000000000000000e+03 1.719993098330234726e-01 4.118115612198452458e-01 2.206417842512516936e-01 3.394401456531633832e-01 2.810650887573964626e-02 0.000000000000000000e+00
4.350000000000000000e+03 1.739993018078260789e-01 4.119253527537551363e-01 2.232589895311788697e-01 3.372781065088757413e-01 2.753755120619025970e-02 0.000000000000000000e+00
4.400000000000000000e+03 1.759992937826286852e-01 4.137460172963131622e-01 2.201866181156121871e-01 3.401228948566226706e-01 2.594446973145198010e-02 0.000000000000000000e+00
4.450000000000000000e+03 1.779992857574312914e-01 4.103322712790168358e-01 2.230314064633591165e-01 3.389849795175238767e-01 2.765134274010013632e-02 0.000000000000000000e+00
4.500000000000000000e+03 1.799992777322338977e-01 4.146563495675921751e-01 2.253072371415566766e-01 3.340919435593991960e-01 2.594446973145198010e-02 0.000000000000000000e+00
4.550000000000000000e+03 1.819992697070365040e-01 4.148839326354119006e-01 2.266727355484751960e-01 3.327264451524806765e-01 2.571688666363222686e-02 0.000000000000000000e+00
4.600000000000000000e+03 1.839992616818391102e-01 4.071461083295402905e-01 2.329312699135184239e-01 3.360263996358671124e-01 2.389622212107419055e-02 0.000000000000000000e+00
4.650000000000000000e+03 1.859992536566417165e-01 4.129494765589440397e-01 2.303140646335912478e-01 3.326126536185707860e-01 2.412380518889394726e-02 0.000000000000000000e+00
4.700000000000000000e+03 1.879992456314443228e-01 4.192080109239872399e-01 2.333864360491579304e-01 3.256713700500682984e-01 2.173418297678652786e-02 0.000000000000000000e+00
4.750000000000000000e+03 1.899992376062469290e-01 4.114701866181156298e-01 2.410104688211197055e-01 3.229403732362312041e-01 2.457897132453345374e-02 0.000000000000000000e+00
4.800000000000000000e+03 1.919992295810495353e-01 4.200045516613564178e-01 2.390760127446517891e-01 3.173645880746472359e-01 2.355484751934456070e-02 0.000000000000000000e+00
4.850000000000000000e+03 1.939992215558521416e-01 4.229631315430131822e-01 2.393035958124715423e-01 3.157715065999089910e-01 2.196176604460628110e-02 0.000000000000000000e+00
4.900000000000000000e+03 1.959992135306547478e-01 4.254665452890304955e-01 2.394173873463814328e-01 3.125853436504323901e-01 2.253072371415566766e-02 0.000000000000000000e+00
4.950000000000000000e+03 1.979992055054571320e-01 4.248975876194810986e-01 2.383932635411925294e-01 3.153163404642694845e-01 2.139280837505689453e-02 0.000000000000000000e+00
5.000000000000000000e+03 1.999991974802597383e-01 4.237596722803823601e-01 2.381656804733727761e-01 3.136094674556212936e-01 2.446517979062357712e-02 0.000000000000000000e+00
5.050000000000000000e+03 2.019991894550623446e-01 4.259217114246700020e-01 2.437414656349567721e-01 3.090578060992262288e-01 2.127901684114701791e-02 0.000000000000000000e+00
5.100000000000000000e+03 2.039991814298649508e-01 4.221665908056440597e-01 2.502275830678197810e-01 3.042785616750113831e-01 2.332726445152480746e-02 0.000000000000000000e+00
5.150000000000000000e+03 2.059991734046675571e-01 4.259217114246700020e-01 2.500000000000000000e-01 3.039371870732817671e-01 2.014110150204824826e-02 0.000000000000000000e+00
5.200000000000000000e+03 2.079991653794701634e-01 4.284251251706873154e-01 2.509103322712790130e-01 2.987027765134274149e-01 2.196176604460628110e-02 0.000000000000000000e+00
5.250000000000000000e+03 2.099991573542727696e-01 4.334319526627218866e-01 2.418070095584888557e-01 2.990441511151570309e-01 2.571688666363222686e-02 0.000000000000000000e+00
5.300000000000000000e+03 2.119991493290753759e-01 4.291078743741465473e-01 2.462448793809740577e-01 3.010923987255348377e-01 2.355484751934456070e-02 0.000000000000000000e+00
5.350000000000000000e+03 2.139991413038779822e-01 4.319526627218934767e-01 2.479517523896222209e-01 2.954028220300409791e-01 2.469276285844333035e-02 0.000000000000000000e+00
5.400000000000000000e+03 2.159991332786805884e-01 4.342284934000910090e-01 2.523896222121074229e-01 2.902822030040965173e-01 2.309968138370505075e-02 0.000000000000000000e+00
5.450000000000000000e+03 2.179991252534831947e-01 4.271734182976786309e-01 2.584205735093308975e-01 2.901684114701866268e-01 2.423759672280382388e-02 0.000000000000000000e+00
5.500000000000000000e+03 2.199991172282858010e-01 4.274010013654984119e-01 2.586481565771506785e-01 2.915339098771051463e-01 2.241693218024579104e-02 0.000000000000000000e+00
5.550000000000000000e+03 2.219991092030884072e-01 4.219390077378242787e-01 2.570550751024123781e-01 2.967683204369594985e-01 2.423759672280382388e-02 0.000000000000000000e+00
5.600000000000000000e+03 2.239991011778910135e-01 4.258079198907601115e-01 2.520482476103778069e-01 2.985889849795175244e-01 2.355484751934456070e-02 0.000000000000000000e+00
5.650000000000000000e+03 2.259990931526936198e-01 4.299044151115157253e-01 2.503413746017296160e-01 2.959717796995903760e-01 2.378243058716431393e-02 0.000000000000000000e+00
5.700000000000000000e+03 2.279990851274962260e-01 4.318388711879836417e-01 2.485207100591715901e-01 2.966545289030496080e-01 2.298588984979517413e-02 0.000000000000000000e+00
5.750000000000000000e+03 2.299990771022988323e-01 4.416249431042330587e-01 2.459035047792444140e-01 2.899408284023668458e-01 2.253072371415566766e-02 0.000000000000000000e+00
5.800000000000000000e+03 2.319990690771014386e-01 4.398042785616750328e-01 2.476103777878925771e-01 2.877787892580792040e-01 2.480655439235321044e-02 0.000000000000000000e+00
5.850000000000000000e+03 2.339990610519040448e-01 4.459490213928083979e-01 2.477241693218024676e-01 2.809512972234865513e-01 2.537551206190259354e-02 0.000000000000000000e+00
5.900000000000000000e+03 2.359990530267066511e-01 4.518661811561219821e-01 2.428311333636777314e-01 2.819754210286754548e-01 2.332726445152480746e-02 0.000000000000000000e+00
5.950000000000000000e+03 2.379990450015092573e-01 4.444697314519799880e-01 2.476103777878925771e-01 2.853891670459717811e-01 2.253072371415566766e-02 0.000000000000000000e+00
6.000000000000000000e+03 2.399990369763118636e-01 4.484524351388256558e-01 2.445380063723258945e-01 2.822030040964952358e-01 2.480655439235321044e-02 0.000000000000000000e+00
6.050000000000000000e+03 2.419990289511144699e-01 4.577833409194355663e-01 2.419208010923987184e-01 2.775375512061902805e-01 2.275830678197542090e-02 0.000000000000000000e+00
6.100000000000000000e+03 2.439990209259170761e-01 4.601729631315429891e-01 2.437414656349567721e-01 2.735548475193445572e-01 2.253072371415566766e-02 0.000000000000000000e+00
6.150000000000000000e+03 2.459990129007196824e-01 4.611970869367318926e-01 2.444242148384160318e-01 2.690031861629494925e-01 2.537551206190259354e-02 0.000000000000000000e+00
6.200000000000000000e+03 2.479990048755222887e-01 4.548247610377788019e-01 2.447655894401456478e-01 2.740100136549840637e-01 2.639963586709149004e-02 0.000000000000000000e+00
6.250000000000000000e+03 2.499989968503248949e-01 4.609695038689121671e-01 2.443104233045061413e-01 2.708238507055075184e-01 2.389622212107419055e-02 0.000000000000000000e+00
6.300000000000000000e+03 2.519989888251275012e-01 4.622212107419207960e-01 2.447655894401456478e-01 2.723031406463359283e-01 2.071005917159763482e-02 0.000000000000000000e+00
6.350000000000000000e+03 2.539989807999298854e-01 4.563040509786072119e-01 2.534137460172963263e-01 2.744651797906235702e-01 1.581702321347291593e-02 0.000000000000000000e+00
6.400000000000000000e+03 2.559989727747324917e-01 4.609695038689121671e-01 2.519344560764679164e-01 2.641101502048247562e-01 2.298588984979517413e-02 0.000000000000000000e+00
6.450000000000000000e+03 2.579989647495350980e-01 4.598315885298133732e-01 2.528447883477469293e-01 2.636549840691852498e-01 2.366863905325443732e-02 0.000000000000000000e+00
6.500000000000000000e+03 2.599989567243377042e-01 4.639280837505689314e-01 2.527309968138370389e-01 2.597860719162494170e-01 2.355484751934456070e-02 0.000000000000000000e+00
6.550000000000000000e+03 2.619989486991403105e-01 4.690487027765134487e-01 2.512517068730086289e-01 2.571688666363222686e-01 2.253072371415566766e-02 0.000000000000000000e+00
6.600000000000000000e+03 2.639989406739429167e-01 4.683659535730541612e-01 2.492034592626308498e-01 2.626308602639963463e-01 1.979972690031861493e-02 0.000000000000000000e+00
6.650000000000000000e+03 2.659989326487455230e-01 4.699590350477924616e-01 2.463586709148839204e-01 2.624032771961766208e-01 2.127901684114701791e-02 0.000000000000000000e+00
6.700000000000000000e+03 2.679989246235481293e-01 4.824761037778789174e-01 2.394173873463814328e-01 2.559171597633135842e-01 2.218934911242603433e-02 0.000000000000000000e+00
6.750000000000000000e+03 2.699989165983507355e-01 4.773554847519344557e-01 2.399863450159308020e-01 2.596722803823395265e-01 2.298588984979517413e-02 0.000000000000000000e+00
6.800000000000000000e+03 2.719989085731533418e-01 4.769003186162949492e-01 2.386208466090122826e-01 2.618343195266272239e-01 2.264451524806554428e-02 0.000000000000000000e+00
6.850000000000000000e+03 2.739989005479559481e-01 4.780382339553937432e-01 2.305416477014110288e-01 2.622894856622667303e-01 2.913063268092853930e-02 0.000000000000000000e+00
6.900000000000000000e+03 2.759988925227585543e-01 4.896449704142011861e-01 2.264451524806554428e-01 2.612653618570778269e-01 2.264451524806554428e-02 0.000000000000000000e+00
6.950000000000000000e+03 2.779988844975611606e-01 4.895311788802912956e-01 2.259899863450159363e-01 2.625170687300864558e-01 2.196176604460628110e-02 0.000000000000000000e+00
7.000000000000000000e+03 2.799988764723637669e-01 4.951069640418752638e-01 2.237141556668183762e-01 2.588757396449704040e-01 2.230314064633591095e-02 0.000000000000000000e+00
7.050000000000000000e+03 2.819988684471663731e-01 4.936276741010469093e-01 2.240555302685480199e-01 2.596722803823395265e-01 2.253072371415566766e-02 1.137915339098771066e-04
7.100000000000000000e+03 2.839988604219689794e-01 4.985207100591715901e-01 2.226900318616295005e-01 2.598998634501593075e-01 1.888939462903959851e-02 0.000000000000000000e+00
7.150000000000000000e+03 2.859988523967715857e-01 5.017068730086481354e-01 2.230314064633591165e-01 2.564861174328629811e-01 1.877560309512972189e-02 0.000000000000000000e+00
7.200000000000000000e+03 2.879988443715741919e-01 5.003413746017296715e-01 2.209831588529813373e-01 2.567137005006827621e-01 2.196176604460628110e-02 0.000000000000000000e+00
7.250000000000000000e+03 2.899988363463767982e-01 4.985207100591715901e-01 2.225762403277196100e-01 2.576240327719617751e-01 2.127901684114701791e-02 0.000000000000000000e+00
7.300000000000000000e+03 2.919988283211794045e-01 5.052344105598542967e-01 2.217796995903504875e-01 2.523896222121074229e-01 2.059626763768775473e-02 0.000000000000000000e+00
7.350000000000000000e+03 2.939988202959820107e-01 5.058033682294037492e-01 2.237141556668183762e-01 2.492034592626308498e-01 2.127901684114701791e-02 0.000000000000000000e+00
7.400000000000000000e+03 2.959988122707846170e-01 5.111515703231679364e-01 2.210969503868912278e-01 2.489758761948110966e-01 1.877560309512972189e-02 0.000000000000000000e+00
7.450000000000000000e+03 2.979988042455872232e-01 5.064861174328629811e-01 2.247382794720072796e-01 2.489758761948110966e-01 1.979972690031861493e-02 0.000000000000000000e+00
7.500000000000000000e+03 2.999987962203898295e-01 5.126308602639964018e-01 2.226900318616295005e-01 2.437414656349567721e-01 2.093764223941738806e-02 0.000000000000000000e+00
7.550000000000000000e+03 3.019987881951924358e-01 5.153618570778334407e-01 2.221210741920801035e-01 2.423759672280382249e-01 2.014110150204824826e-02 0.000000000000000000e+00
7.600000000000000000e+03 3.039987801699950420e-01 5.117205279927173889e-01 2.258761948111060458e-01 2.428311333636777314e-01 1.957214383249886169e-02 0.000000000000000000e+00
7.650000000000000000e+03 3.059987721447976483e-01 5.087619481110605690e-01 2.272416932180245652e-01 2.431725079654073751e-01 2.082385070550751144e-02 0.000000000000000000e+00
7.700000000000000000e+03 3.079987641196002546e-01 5.105826126536185949e-01 2.254210286754665393e-01 2.418070095584888557e-01 2.218934911242603433e-02 0.000000000000000000e+00
7.750000000000000000e+03 3.099987560944026388e-01 5.151342740100136597e-01 2.264451524806554428e-01 2.386208466090122826e-01 1.979972690031861493e-02 0.000000000000000000e+00
7.800000000000000000e+03 3.119987480692052451e-01 5.153618570778334407e-01 2.302002730996813851e-01 2.377105143377332697e-01 1.672735548475193582e-02 0.000000000000000000e+00
7.850000000000000000e+03 3.139987400440078513e-01 5.186618115612198210e-01 2.270141101502048120e-01 2.355484751934456000e-01 1.877560309512972189e-02 0.000000000000000000e+00
7.900000000000000000e+03 3.159987320188104576e-01 5.289030496131087444e-01 2.254210286754665393e-01 2.232589895311788697e-01 2.241693218024579104e-02 0.000000000000000000e+00
7.950000000000000000e+03 3.179987239936130639e-01 5.250341374601729116e-01 2.325898953117888079e-01 2.210969503868912278e-01 2.127901684114701791e-02 0.000000000000000000e+00
8.000000000000000000e+03 3.199987159684156701e-01 5.204824761037778469e-01 2.337278106508875741e-01 2.237141556668183762e-01 2.207555757851615771e-02 0.000000000000000000e+00
8.050000000000000000e+03 3.219987079432182764e-01 5.256030951297223641e-01 2.299726900318616318e-01 2.196176604460628179e-01 2.480655439235321044e-02 0.000000000000000000e+00
8.100000000000000000e+03 3.239986999180208826e-01 5.277651342740100615e-01 2.336140191169776836e-01 2.137005006827492060e-01 2.492034592626308706e-02 0.000000000000000000e+00
8.150000000000000000e+03 3.259986918928234889e-01 5.267410104688211581e-01 2.365725989986345035e-01 2.154073736913973691e-01 2.127901684114701791e-02 0.000000000000000000e+00
8.200000000000000000e+03 3.279986838676260952e-01 5.248065543923532417e-01 2.402139280837505553e-01 2.088074647246244975e-01 2.617205279927173334e-02 0.000000000000000000e+00
8.250000000000000000e+03 3.299986758424287014e-01 5.299271734182976479e-01 2.404415111515703363e-01 2.032316795630405015e-01 2.639963586709149004e-02 0.000000000000000000e+00
8.300000000000000000e+03 3.319986678172313077e-01 5.299271734182976479e-01 2.403277196176604458e-01 2.036868456986800080e-01 2.605826126536185672e-02 0.000000000000000000e+00
8.350000000000000000e+03 3.339986597920339140e-01 5.364132908511606290e-01 2.368001820664542567e-01 2.002730996813837094e-01 2.651342740100136666e-02 0.000000000000000000e+00
8.400000000000000000e+03 3.359986517668365202e-01 5.324305871643150168e-01 2.373691397360036537e-01 2.017523896222121194e-01 2.844788347746927612e-02 0.000000000000000000e+00
8.450000000000000000e+03 3.379986437416391265e-01 5.326581702321346867e-01 2.362312243969048597e-01 2.051661356395084179e-01 2.594446973145198010e-02 0.000000000000000000e+00
8.500000000000000000e+03 3.399986357164417328e-01 5.268548020027310486e-01 2.416932180245789652e-01 2.012972234865725851e-01 3.015475648611743234e-02 0.000000000000000000e+00
8.550000000000000000e+03 3.419986276912443390e-01 5.344788347746927126e-01 2.396449704142011861e-01 1.953800637232590010e-01 3.049613108784706567e-02 0.000000000000000000e+00
8.600000000000000000e+03 3.439986196660469453e-01 5.381201638598088755e-01 2.380518889394629134e-01 1.943559399180700975e-01 2.947200728265816916e-02 0.000000000000000000e+00
8.650000000000000000e+03 3.459986116408495516e-01 5.350477924442421651e-01 2.480655439235320836e-01 1.923076923076923184e-01 2.457897132453345374e-02 0.000000000000000000e+00
8.700000000000000000e+03 3.479986036156521578e-01 5.405097860719162428e-01 2.478379608557123304e-01 1.842284934000910368e-01 2.742375967228038308e-02 0.000000000000000000e+00
8.750000000000000000e+03 3.499985955904547641e-01 5.351615839781520556e-01 2.528447883477469293e-01 1.862767410104688159e-01 2.571688666363222686e-02 0.000000000000000000e+00
8.800000000000000000e+03 3.519985875652573704e-01 5.375512061902594230e-01 2.521620391442876419e-01 1.876422394173873354e-01 2.264451524806554428e-02 0.000000000000000000e+00
8.850000000000000000e+03 3.539985795400599766e-01 5.442649066909421851e-01 2.534137460172963263e-01 1.805871643149749572e-01 2.173418297678652786e-02 0.000000000000000000e+00
8.900000000000000000e+03 3.559985715148625829e-01 5.405097860719162428e-01 2.565999089667728716e-01 1.801319981793354508e-01 2.275830678197542090e-02 0.000000000000000000e+00
8.950000000000000000e+03 3.579985634896651892e-01 5.435821574874829532e-01 2.579654073736913911e-01 1.767182521620391522e-01 2.173418297678652786e-02 0.000000000000000000e+00
9.000000000000000000e+03 3.599985554644677954e-01 5.392580791989075584e-01 2.568274920345926526e-01 1.786527082385070686e-01 2.526172052799271692e-02 0.000000000000000000e+00
9.050000000000000000e+03 3.619985474392704017e-01 5.403959945380063523e-01 2.596722803823395265e-01 1.799044151115156975e-01 2.002730996813837164e-02 0.000000000000000000e+00
9.100000000000000000e+03 3.639985394140730079e-01 5.395994538006372299e-01 2.604688211197087044e-01 1.802457897132453413e-01 1.968593536640873831e-02 0.000000000000000000e+00
9.150000000000000000e+03 3.659985313888753922e-01 5.360719162494310686e-01 2.637687756030951403e-01 1.770596267637687682e-01 2.309968138370505075e-02 0.000000000000000000e+00
9.200000000000000000e+03 3.679985233636779984e-01 5.356167501137915066e-01 2.636549840691852498e-01 1.820664542558033672e-01 1.866181156121984527e-02 0.000000000000000000e+00
9.250000000000000000e+03 3.699985153384806047e-01 5.308375056895766608e-01 2.699135184342285054e-01 1.816112881201638607e-01 1.763768775603095224e-02 0.000000000000000000e+00
9.300000000000000000e+03 3.719985073132832110e-01 5.299271734182976479e-01 2.688893946290396020e-01 1.797906235776058348e-01 2.139280837505689453e-02 0.000000000000000000e+00
9.350000000000000000e+03 3.739984992880858172e-01 5.281065088757396220e-01 2.705962676376877374e-01 1.817250796540737234e-01 1.957214383249886169e-02 0.000000000000000000e+00
9.400000000000000000e+03 3.759984912628884235e-01 5.213928083750568598e-01 2.724169321802457633e-01 1.841147018661811463e-01 2.207555757851615771e-02 0.000000000000000000e+00
9.450000000000000000e+03 3.779984832376910298e-01 5.197997269003186149e-01 2.759444697314519801e-01 1.826354119253527641e-01 2.162039144287665124e-02 0.000000000000000000e+00
9.500000000000000000e+03 3.799984752124936360e-01 5.243513882567136797e-01 2.735548475193445572e-01 1.834319526627218866e-01 1.866181156121984527e-02 0.000000000000000000e+00
9.550000000000000000e+03 3.819984671872962423e-01 5.226445152480655443e-01 2.748065543923531862e-01 1.814974965862539702e-01 2.105143377332726468e-02 0.000000000000000000e+00
9.600000000000000000e+03 3.839984591620988486e-01 5.194583522985889434e-01 2.746927628584433512e-01 1.862767410104688159e-01 1.945835229858898507e-02 1.137915339098771066e-04
9.650000000000000000e+03 3.859984511369014548e-01 5.153618570778334407e-01 2.807237141556668258e-01 1.847974510696404060e-01 1.911697769685935522e-02 0.000000000000000000e+00
9.700000000000000000e+03 3.879984431117040611e-01 5.126308602639964018e-01 2.822030040964952358e-01 1.866181156121984597e-01 1.854802002730996865e-02 0.000000000000000000e+00
9.750000000000000000e+03 3.899984350865068894e-01 5.167273554847519046e-01 2.841374601729631522e-01 1.822940373236231204e-01 1.684114701866181243e-02 0.000000000000000000e+00
9.800000000000000000e+03 3.919984270613090516e-01 5.191169776968593830e-01 2.795857988165680319e-01 1.829767865270823801e-01 1.832043695949021542e-02 0.000000000000000000e+00
9.850000000000000000e+03 3.939984190361121019e-01 5.179790623577605890e-01 2.793582157487483064e-01 1.828629949931725174e-01 1.979972690031861493e-02 0.000000000000000000e+00
9.900000000000000000e+03 3.959984110109142641e-01 5.262858443331815961e-01 2.746927628584433512e-01 1.802457897132453413e-01 1.877560309512972189e-02 0.000000000000000000e+00
9.950000000000000000e+03 3.979984029857173145e-01 5.267410104688211581e-01 2.711652253072371344e-01 1.825216203914428736e-01 1.957214383249886169e-02 0.000000000000000000e+00
1.000000000000000000e+04 3.999983949605194766e-01 5.274237596722803900e-01 2.676376877560309731e-01 1.870732817478379661e-01 1.786527082385070547e-02 0.000000000000000000e+00
1.005000000000000000e+04 4.019983869353225270e-01 5.244651797906235702e-01 2.733272644515248317e-01 1.866181156121984597e-01 1.558944014565316269e-02 0.000000000000000000e+00
1.010000000000000000e+04 4.039983789101246892e-01 5.242375967228037892e-01 2.729858898497951603e-01 1.850250341374601593e-01 1.775147928994082885e-02 0.000000000000000000e+00
1.015000000000000000e+04 4.059983708849275175e-01 5.290168411470186349e-01 2.704824761037779024e-01 1.803595812471552040e-01 2.014110150204824826e-02 0.000000000000000000e+00
1.020000000000000000e+04 4.079983628597299017e-01 5.260582612653618151e-01 2.744651797906235702e-01 1.774010013654984119e-01 2.207555757851615771e-02 0.000000000000000000e+00
1.025000000000000000e+04 4.099983548345327300e-01 5.284478834774692935e-01 2.754893035958124736e-01 1.788802913063268218e-01 1.706873008648156567e-02 1.137915339098771066e-04
1.030000000000000000e+04 4.119983468093351142e-01 5.241238051888938987e-01 2.850477924442421651e-01 1.714838416021848000e-01 1.934456076467910846e-02 0.000000000000000000e+00
1.035000000000000000e+04 4.139983387841379425e-01 5.196859353664087244e-01 2.898270368684570109e-01 1.711424670004551563e-01 1.934456076467910846e-02 0.000000000000000000e+00
1.040000000000000000e+04 4.159983307589403267e-01 5.211652253072371899e-01 2.898270368684570109e-01 1.692080109239872676e-01 1.979972690031861493e-02 0.000000000000000000e+00
1.045000000000000000e+04 4.179983227337431551e-01 5.262858443331815961e-01 2.902822030040965173e-01 1.649977241693217911e-01 1.843422849340009204e-02 0.000000000000000000e+00
1.050000000000000000e+04 4.199983147085455393e-01 5.327719617660445772e-01 2.849340009103322746e-01 1.601046882111970826e-01 2.218934911242603433e-02 0.000000000000000000e+00
1.055000000000000000e+04 4.219983066833483676e-01 5.274237596722803900e-01 2.868684569868001910e-01 1.629494765589440120e-01 2.275830678197542090e-02 0.000000000000000000e+00
1.060000000000000000e+04 4.239982986581507518e-01 5.284478834774692935e-01 2.873236231224396975e-01 1.606736458807464796e-01 2.355484751934456070e-02 0.000000000000000000e+00
1.065000000000000000e+04 4.259982906329535801e-01 5.235548475193445572e-01 2.875512061902594230e-01 1.670459717796995980e-01 2.184797451069640448e-02 0.000000000000000000e+00
1.070000000000000000e+04 4.279982826077559643e-01 5.254893035958124736e-01 2.865270823850705750e-01 1.654528903049612976e-01 2.241693218024579104e-02 1.137915339098771066e-04
1.075000000000000000e+04 4.299982745825587926e-01 5.303823395539372099e-01 2.880063723258989294e-01 1.622667273554847522e-01 1.934456076467910846e-02 0.000000000000000000e+00
1.080000000000000000e+04 4.319982665573611769e-01 5.262858443331815961e-01 2.907373691397360238e-01 1.637460172963131622e-01 1.923076923076923184e-02 0.000000000000000000e+00
1.085000000000000000e+04 4.339982585321640052e-01 5.254893035958124736e-01 2.921028675466545432e-01 1.626081019572143960e-01 1.979972690031861493e-02 0.000000000000000000e+00
1.090000000000000000e+04 4.359982505069663894e-01 5.296995903504779779e-01 2.875512061902594230e-01 1.613563950842057393e-01 2.139280837505689453e-02 0.000000000000000000e+00
1.095000000000000000e+04 4.379982424817692177e-01 5.250341374601729116e-01 2.923304506144742687e-01 1.601046882111970826e-01 2.253072371415566766e-02 0.000000000000000000e+00
1.100000000000000000e+04 4.399982344565713799e-01 5.292444242148384159e-01 2.921028675466545432e-01 1.589667728720983164e-01 1.968593536640873831e-02 0.000000000000000000e+00
1.105000000000000000e+04 4.419982264313744302e-01 5.205962676376877374e-01 2.960855712335002110e-01 1.620391442876649990e-01 2.127901684114701791e-02 0.000000000000000000e+00
1.110000000000000000e+04 4.439982184061765924e-01 5.256030951297223641e-01 2.931269913518434467e-01 1.620391442876649990e-01 1.923076923076923184e-02 0.000000000000000000e+00
1.115000000000000000e+04 4.459982103809796428e-01 5.159308147473827821e-01 3.015475648611743442e-01 1.637460172963131622e-01 1.877560309512972189e-02 0.000000000000000000e+00
1.120000000000000000e+04 4.479982023557818049e-01 5.233272644515247762e-01 2.999544833864360438e-01 1.602184797451069731e-01 1.649977241693217911e-02 0.000000000000000000e+00
1.125000000000000000e+04 4.499981943305848553e-01 5.217341829767865313e-01 3.026854802002730827e-01 1.564633591260810308e-01 1.911697769685935522e-02 0.000000000000000000e+00
1.130000000000000000e+04 4.519981863053870175e-01 5.227583067819754348e-01 3.013199817933545632e-01 1.547564861174328676e-01 2.116522530723714129e-02 0.000000000000000000e+00
1.135000000000000000e+04 4.539981782801900678e-01 5.269685935366408280e-01 2.948338643604915821e-01 1.572598998634501533e-01 2.093764223941738806e-02 0.000000000000000000e+00
