# itime ezz other fcc hcp bcc ico
0.000000000000000000e+00 0.000000000000000000e+00 0.000000000000000000e+00 1.000000000000000000e+00 0.000000000000000000e+00 0.000000000000000000e+00 0.000000000000000000e+00
2.500000000000000000e+02 9.999958957644938806e-03 0.000000000000000000e+00 1.000000000000000000e+00 0.000000000000000000e+00 0.000000000000000000e+00 0.000000000000000000e+00
5.000000000000000000e+02 1.999991791528987761e-02 0.000000000000000000e+00 1.000000000000000000e+00 0.000000000000000000e+00 0.000000000000000000e+00 0.000000000000000000e+00
7.500000000000000000e+02 2.999987687293481642e-02 0.000000000000000000e+00 1.000000000000000000e+00 0.000000000000000000e+00 0.000000000000000000e+00 0.000000000000000000e+00
1.000000000000000000e+03 3.999983583057953318e-02 0.000000000000000000e+00 1.000000000000000000e+00 0.000000000000000000e+00 0.000000000000000000e+00 0.000000000000000000e+00
1.250000000000000000e+03 4.999979478822447199e-02 0.000000000000000000e+00 1.000000000000000000e+00 0.000000000000000000e+00 0.000000000000000000e+00 0.000000000000000000e+00
1.500000000000000000e+03 5.999975374586941079e-02 0.000000000000000000e+00 1.000000000000000000e+00 0.000000000000000000e+00 0.000000000000000000e+00 0.000000000000000000e+00
1.750000000000000000e+03 6.999971270351434960e-02 2.275830678197542133e-04 9.997724169321802190e-01 0.000000000000000000e+00 0.000000000000000000e+00 0.000000000000000000e+00
2.000000000000000000e+03 7.999967166115928840e-02 3.413746017296313199e-04 9.995448338643604380e-01 0.000000000000000000e+00 1.137915339098771066e-04 0.000000000000000000e+00
2.250000000000000000e+03 8.999963061880422721e-02 9.103322712790168532e-04 9.988620846609012061e-01 0.000000000000000000e+00 2.275830678197542133e-04 0.000000000000000000e+00
2.500000000000000000e+03 9.999958957644916602e-02 1.251706873008648227e-03 9.986345015930814251e-01 0.000000000000000000e+00 1.137915339098771066e-04 0.000000000000000000e+00
2.750000000000000000e+03 1.099995485340938828e-01 7.965407373691398007e-03 9.913518434228493215e-01 0.000000000000000000e+00 6.827492034592626399e-04 0.000000000000000000e+00
3.000000000000000000e+03 1.199995074917388216e-01 7.009558488848430247e-02 8.995220755575785709e-01 0.000000000000000000e+00 3.038233955393718558e-02 0.000000000000000000e+00
3.250000000000000000e+03 1.299994664493837604e-01 3.865498406918525531e-01 1.279016841147018746e-01 2.162039144287664864e-03 4.833864360491579304e-01 0.000000000000000000e+00
3.500000000000000000e+03 1.399994254070286992e-01 3.883705052344105790e-01 2.353208921256258468e-01 1.759217114246700020e-01 2.003868912152935722e-01 0.000000000000000000e+00
3.750000000000000000e+03 1.499993843646736380e-01 3.660673645880746507e-01 3.116750113791533772e-01 2.437414656349567721e-01 7.851615839781520001e-02 0.000000000000000000e+00
4.000000000000000000e+03 1.599993433223185768e-01 3.884842967683204140e-01 3.107646791078743642e-01 2.396449704142011861e-01 6.110605370960400795e-02 0.000000000000000000e+00
4.250000000000000000e+03 1.699993022799635156e-01 3.720983158852981254e-01 3.373918980427856318e-01 2.403277196176604458e-01 5.018206645425580398e-02 0.000000000000000000e+00
4.500000000000000000e+03 1.799992612376082324e-01 3.662949476558943762e-01 3.761948111060536837e-01 2.175694128356850388e-01 3.994082840236686666e-02 0.000000000000000000e+00
4.750000000000000000e+03 1.899992201952531712e-01 3.636777423759672279e-01 3.977014110150204895e-01 2.044833864360491582e-01 3.413746017296313134e-02 0.000000000000000000e+00
5.000000000000000000e+03 1.999991791528981100e-01 3.152025489303595940e-01 4.757624032771961553e-01 1.748975876194810986e-01 3.413746017296313134e-02 0.000000000000000000e+00
5.250000000000000000e+03 2.099991381105430488e-01 2.783340919435594030e-01 5.248065543923532417e-01 1.793354574419663283e-01 1.752389622212107562e-02 0.000000000000000000e+00
5.500000000000000000e+03 2.199990970681879876e-01 2.653618570778333852e-01 5.430131998179335007e-01 1.758079198907601393e-01 1.581702321347291593e-02 0.000000000000000000e+00
5.750000000000000000e+03 2.299990560258329264e-01 2.559171597633135842e-01 5.372098315885298625e-01 1.951524806554392477e-01 1.172052799271734204e-02 0.000000000000000000e+00
6.000000000000000000e+03 2.399990149834778652e-01 2.530723714155666548e-01 5.502958579881657153e-01 1.847974510696404060e-01 1.183431952662721866e-02 0.000000000000000000e+00
6.250000000000000000e+03 2.499989739411225820e-01 2.580791989076012816e-01 5.548475193445607800e-01 1.764906690942193990e-01 1.058261265361857065e-02 0.000000000000000000e+00
6.500000000000000000e+03 2.599989328987675208e-01 2.504551661356395065e-01 5.655439235320892655e-01 1.697769685935366368e-01 1.422394173873463806e-02 0.000000000000000000e+00
6.750000000000000000e+03 2.699988918564124596e-01 2.572826581702321591e-01 5.862539827036868934e-01 1.434911242603550408e-01 1.297223486572599005e-02 0.000000000000000000e+00
7.000000000000000000e+03 2.799988508140573984e-01 2.317933545744196577e-01 6.091260810195721076e-01 1.474738279472007363e-01 1.160673645880746542e-02 0.000000000000000000e+00
7.250000000000000000e+03 2.899988097717023372e-01 2.006144742831133254e-01 6.201638598088302645e-01 1.639736003641329154e-01 1.524806554392353283e-02 0.000000000000000000e+00
7.500000000000000000e+03 2.999987687293472760e-01 2.064178425125170746e-01 6.086709148839326566e-01 1.706873008648156498e-01 1.422394173873463806e-02 0.000000000000000000e+00
7.750000000000000000e+03 3.099987276869922148e-01 2.083522985889849910e-01 5.873918980427855763e-01 1.917387346381429214e-01 1.251706873008648184e-02 0.000000000000000000e+00
8.000000000000000000e+03 3.199986866446369316e-01 2.192762858443331742e-01 5.762403277196176399e-01 1.923076923076923184e-01 1.217569412835685025e-02 0.000000000000000000e+00
8.250000000000000000e+03 3.299986456022818704e-01 2.221210741920801035e-01 5.715748748293126846e-01 1.944697314519799602e-01 1.183431952662721866e-02 0.000000000000000000e+00
8.500000000000000000e+03 3.399986045599268092e-01 2.352071005917159841e-01 5.482476103777879084e-01 2.025489303595812418e-01 1.399635867091488309e-02 0.000000000000000000e+00
8.750000000000000000e+03 3.499985635175717480e-01 2.309968138370505353e-01 5.553026854802002310e-01 2.053937187073281712e-01 8.306781975421027864e-03 0.000000000000000000e+00
9.000000000000000000e+03 3.599985224752166868e-01 2.107419208010923861e-01 5.688438780154756458e-01 2.093764223941738667e-01 1.103777878925807886e-02 0.000000000000000000e+00
9.250000000000000000e+03 3.699984814328616256e-01 2.143832498862084657e-01 5.402822030040964618e-01 2.336140191169776836e-01 1.172052799271734204e-02 0.000000000000000000e+00
9.500000000000000000e+03 3.799984403905065644e-01 2.185935366408739144e-01 5.324305871643150168e-01 2.315657715065999045e-01 1.741010468821119553e-02 0.000000000000000000e+00
9.750000000000000000e+03 3.899983993481515032e-01 2.159763313609467383e-01 5.373236231224396420e-01 2.342967683204369711e-01 1.240327719617660522e-02 0.000000000000000000e+00
1.000000000000000000e+04 3.999983583057964420e-01 2.243969048702776636e-01 5.414201183431952558e-01 2.281520254893036059e-01 6.030951297223486815e-03 0.000000000000000000e+00
1.025000000000000000e+04 4.099983172634411588e-01 2.290623577605826189e-01 5.442649066909421851e-01 2.207555757851615841e-01 5.917159763313609329e-03 0.000000000000000000e+00
1.050000000000000000e+04 4.199982762210858755e-01 2.331588529813381772e-01 5.293582157487483064e-01 2.312243969048702885e-01 6.258534365043240920e-03 0.000000000000000000e+00
1.075000000000000000e+04 4.299982351787310364e-01 2.292899408284023721e-01 5.328857532999544677e-01 2.286071916249431124e-01 9.217114246700046018e-03 0.000000000000000000e+00
1.100000000000000000e+04 4.399981941363761972e-01 2.319071461083295482e-01 5.529130632680928636e-01 2.074419663177059503e-01 7.737824305871643035e-03 0.000000000000000000e+00
1.125000000000000000e+04 4.499981530940209140e-01 2.434000910332271284e-01 5.407373691397360238e-01 2.040282203004096517e-01 1.183431952662721866e-02 0.000000000000000000e+00
1.150000000000000000e+04 4.599981120516656308e-01 2.521620391442876419e-01 5.416477014110150368e-01 1.921939007737824279e-01 1.399635867091488309e-02 0.000000000000000000e+00
1.175000000000000000e+04 4.699980710093105696e-01 2.611515703231679364e-01 5.362994993172508496e-01 1.851388256713700498e-01 1.741010468821119553e-02 0.000000000000000000e+00
1.200000000000000000e+04 4.799980299669557304e-01 2.543240782885753393e-01 5.489303595812471404e-01 1.830905780609922706e-01 1.365498406918525323e-02 0.000000000000000000e+00
1.225000000000000000e+04 4.899979889246004472e-01 2.429449248975876219e-01 5.673645880746472914e-01 1.771734182976786587e-01 1.251706873008648184e-02 0.000000000000000000e+00
1.250000000000000000e+04 4.999979478822451640e-01 2.365725989986345035e-01 5.619025944469731026e-01 1.880974055530268418e-01 1.342740100136549826e-02 0.000000000000000000e+00
1.275000000000000000e+04 5.099979068398903248e-01 2.386208466090122826e-01 5.498406918525261533e-01 1.994765589440145592e-01 1.206190259444697363e-02 0.000000000000000000e+00
1.300000000000000000e+04 5.199978657975352636e-01 2.518206645425580259e-01 5.360719162494310686e-01 2.009558488848429691e-01 1.115157032316795548e-02 0.000000000000000000e+00
1.325000000000000000e+04 5.299978247551802024e-01 2.565999089667728716e-01 5.340236686390532617e-01 1.974283113336367801e-01 1.194811106053709528e-02 0.000000000000000000e+00
1.350000000000000000e+04 5.399977837128249192e-01 2.654756486117432757e-01 5.268548020027310486e-01 1.919663177059626746e-01 1.570323167956303931e-02 0.000000000000000000e+00
1.375000000000000000e+04 5.499977426704698580e-01 2.547792444242148457e-01 5.598543468365954068e-01 1.764906690942193990e-01 8.875739644970414427e-03 0.000000000000000000e+00
1.400000000000000000e+04 5.599977016281150188e-01 2.362312243969048597e-01 5.930814747382794350e-01 1.619253527537551085e-01 8.761948111060537808e-03 0.000000000000000000e+00
1.425000000000000000e+04 5.699976605857597356e-01 2.317933545744196577e-01 6.001365498406918686e-01 1.611288120163859861e-01 6.941283568502503235e-03 0.000000000000000000e+00
1.450000000000000000e+04 5.799976195434044524e-01 2.329312699135184239e-01 5.918297678652708615e-01 1.651115157032316816e-01 1.012744651797906244e-02 0.000000000000000000e+00
1.475000000000000000e+04 5.899975785010496132e-01 2.266727355484751960e-01 5.916021847974510806e-01 1.735320892125625791e-01 8.192990441511151245e-03 0.000000000000000000e+00
1.500000000000000000e+04 5.999975374586945520e-01 2.294037323623122349e-01 5.856850250341374409e-01 1.744424214838415921e-01 1.046882111970869403e-02 0.000000000000000000e+00
1.525000000000000000e+04 6.099974964163392688e-01 2.299726900318616318e-01 5.949021392808374609e-01 1.653390987710514348e-01 9.786071916249430847e-03 0.000000000000000000e+00
1.550000000000000000e+04 6.199974553739842076e-01 2.283796085571233592e-01 6.058261265361857273e-01 1.606736458807464796e-01 5.120619025944469528e-03 0.000000000000000000e+00
1.575000000000000000e+04 6.299974143316291464e-01 2.139280837505689592e-01 6.259672280382339027e-01 1.555530268548019901e-01 4.551661356395083832e-03 0.000000000000000000e+00
1.600000000000000000e+04 6.399973732892743072e-01 2.040282203004096517e-01 6.269913518434228061e-01 1.639736003641329154e-01 5.006827492034592909e-03 0.000000000000000000e+00
1.625000000000000000e+04 6.499973322469190240e-01 2.045971779699590487e-01 6.274465179790623681e-01 1.631770596267637652e-01 4.779244424214838804e-03 0.000000000000000000e+00
1.650000000000000000e+04 6.599972912045637408e-01 2.039144287664997612e-01 6.315430131998179819e-01 1.591943559399180697e-01 5.348202093764223633e-03 0.000000000000000000e+00
1.675000000000000000e+04 6.699972501622089016e-01 2.030040964952207483e-01 6.368912152935821691e-01 1.536185707783341015e-01 6.486117432862995025e-03 0.000000000000000000e+00
1.700000000000000000e+04 6.799972091198538404e-01 2.081247155211652378e-01 6.342740100136550208e-01 1.491807009558488717e-01 8.420573509330906217e-03 0.000000000000000000e+00
1.725000000000000000e+04 6.899971680774985572e-01 2.141556668183887124e-01 6.334774692762858983e-01 1.441738734638143005e-01 8.192990441511151245e-03 0.000000000000000000e+00
1.750000000000000000e+04 6.999971270351432739e-01 2.265589440145653055e-01 6.112881201638598050e-01 1.532771961766044577e-01 8.875739644970414427e-03 0.000000000000000000e+00
1.775000000000000000e+04 7.099970859927884348e-01 2.391898042785616796e-01 5.871643149749659063e-01 1.643149749658625314e-01 9.330905780609922637e-03 0.000000000000000000e+00
1.800000000000000000e+04 7.199970449504335956e-01 2.526172052799271484e-01 5.794264906690942407e-01 1.590805644060081792e-01 8.875739644970414427e-03 0.000000000000000000e+00
1.825000000000000000e+04 7.299970039080783124e-01 2.563723258989530907e-01 5.779472007282657753e-01 1.570323167956304000e-01 8.648156577150659455e-03 0.000000000000000000e+00
1.850000000000000000e+04 7.399969628657230292e-01 2.489758761948110966e-01 5.843195266272189770e-01 1.594219390077378229e-01 7.282658170232134826e-03 0.000000000000000000e+00
1.875000000000000000e+04 7.499969218233679680e-01 2.360036413290851065e-01 5.935366408739189970e-01 1.616977696859353553e-01 8.761948111060537808e-03 0.000000000000000000e+00
1.900000000000000000e+04 7.599968807810131288e-01 2.371415566681839004e-01 5.890987710514338227e-01 1.665908056440600915e-01 7.168866636322257339e-03 0.000000000000000000e+00
1.925000000000000000e+04 7.699968397386578456e-01 2.368001820664542567e-01 5.886436049157942607e-01 1.675011379153391045e-01 7.055075102412380721e-03 0.000000000000000000e+00
1.950000000000000000e+04 7.799967986963025623e-01 2.429449248975876219e-01 5.854574419663176599e-01 1.610150204824760956e-01 1.058261265361857065e-02 0.000000000000000000e+00
1.975000000000000000e+04 7.899967576539477232e-01 2.527309968138370389e-01 5.826126536185707305e-01 1.565771506599908935e-01 8.079198907601274626e-03 0.000000000000000000e+00
2.000000000000000000e+04 7.999967166115926620e-01 2.567137005006827621e-01 5.686162949476558648e-01 1.692080109239872676e-01 5.461993627674101119e-03 0.000000000000000000e+00
2.025000000000000000e+04 8.099966755692376008e-01 2.532999544833864358e-01 5.782885753299954468e-01 1.607874374146563423e-01 7.624032771961766417e-03 0.000000000000000000e+00
2.050000000000000000e+04 8.199966345268823176e-01 2.422621756941283622e-01 5.820436959490213891e-01 1.698907601274465273e-01 5.803368229403732710e-03 0.000000000000000000e+00
2.075000000000000000e+04 8.299965934845272564e-01 2.515930814747383004e-01 5.870505234410560158e-01 1.554392353208921274e-01 5.917159763313609329e-03 0.000000000000000000e+00
2.100000000000000000e+04 8.399965524421724172e-01 2.563723258989530907e-01 5.768092853891670924e-01 1.572598998634501533e-01 9.558488848429677609e-03 0.000000000000000000e+00
2.125000000000000000e+04 8.499965113998171340e-01 2.661583978152025631e-01 5.752162039144287364e-01 1.484979517523896120e-01 1.012744651797906244e-02 0.000000000000000000e+00
2.150000000000000000e+04 8.599964703574618508e-01 2.642239417387346467e-01 5.654301319981793750e-01 1.626081019572143960e-01 7.737824305871643035e-03 0.000000000000000000e+00
2.175000000000000000e+04 8.699964293151070116e-01 2.762858443331815961e-01 5.548475193445607800e-01 1.560081929904415243e-01 1.285844333181611343e-02 0.000000000000000000e+00
2.200000000000000000e+04 8.799963882727519504e-01 2.710514337733272439e-01 5.648611743286299225e-01 1.552116522530723741e-01 8.875739644970414427e-03 0.000000000000000000e+00
2.225000000000000000e+04 8.899963472303966672e-01 2.787892580791989094e-01 5.421028675466544877e-01 1.689804278561675144e-01 1.012744651797906244e-02 0.000000000000000000e+00
2.250000000000000000e+04 8.999963061880416060e-01 2.835685025034137552e-01 5.260582612653618151e-01 1.784251251706872876e-01 1.194811106053709528e-02 0.000000000000000000e+00
2.275000000000000000e+04 9.099962651456865448e-01 2.833409194355939742e-01 5.218479745106964218e-01 1.849112426035502965e-01 9.899863450159307465e-03 0.000000000000000000e+00
2.300000000000000000e+04 9.199962241033317056e-01 2.922166590805644337e-01 5.199135184342285054e-01 1.817250796540737234e-01 6.144742831133363434e-03 0.000000000000000000e+00
2.325000000000000000e+04 9.299961830609764224e-01 2.823167956304050707e-01 5.306099226217569909e-01 1.767182521620391522e-01 1.035502958579881741e-02 0.000000000000000000e+00
2.350000000000000000e+04 9.399961420186211392e-01 2.719617660446062568e-01 5.485889849795174689e-01 1.697769685935366368e-01 9.672280382339554228e-03 0.000000000000000000e+00
2.375000000000000000e+04 9.499961009762663000e-01 2.658170232134728916e-01 6.005917159763313196e-01 1.215293582157487423e-01 1.206190259444697363e-02 0.000000000000000000e+00
2.400000000000000000e+04 9.599960599339112388e-01 2.591033227127901850e-01 6.217569412835685094e-01 1.100364132908511622e-01 9.103322712790167665e-03 0.000000000000000000e+00
2.425000000000000000e+04 9.699960188915559556e-01 2.457897132453345512e-01 6.214155666818388379e-01 1.246017296313154249e-01 8.192990441511151245e-03 0.000000000000000000e+00
2.450000000000000000e+04 9.799959778492008944e-01 2.459035047792444140e-01 6.324533454710969949e-01 1.161811561219845274e-01 5.461993627674101119e-03 0.000000000000000000e+00
2.475000000000000000e+04 9.899959368068458332e-01 2.480655439235320836e-01 6.384842967683204140e-01 1.040054619936276736e-01 9.444697314519799256e-03 0.000000000000000000e+00
2.500000000000000000e+04 9.999958957644909940e-01 2.451069640418752915e-01 6.455393718707328476e-01 1.000227583067819781e-01 9.330905780609922637e-03 0.000000000000000000e+00
