# itime ezz other fcc hcp bcc ico
0.000000000000000000e+00 0.000000000000000000e+00 0.000000000000000000e+00 1.000000000000000000e+00 0.000000000000000000e+00 0.000000000000000000e+00 0.000000000000000000e+00
2.500000000000000000e+01 9.999754637457503037e-04 0.000000000000000000e+00 1.000000000000000000e+00 0.000000000000000000e+00 0.000000000000000000e+00 0.000000000000000000e+00
5.000000000000000000e+01 1.999950927491500607e-03 0.000000000000000000e+00 1.000000000000000000e+00 0.000000000000000000e+00 0.000000000000000000e+00 0.000000000000000000e+00
7.500000000000000000e+01 2.999926391237472956e-03 0.000000000000000000e+00 1.000000000000000000e+00 0.000000000000000000e+00 0.000000000000000000e+00 0.000000000000000000e+00
1.000000000000000000e+02 3.999901854983223259e-03 0.000000000000000000e+00 1.000000000000000000e+00 0.000000000000000000e+00 0.000000000000000000e+00 0.000000000000000000e+00
1.250000000000000000e+02 4.999877318728973563e-03 0.000000000000000000e+00 1.000000000000000000e+00 0.000000000000000000e+00 0.000000000000000000e+00 0.000000000000000000e+00
1.500000000000000000e+02 5.999852782474723867e-03 0.000000000000000000e+00 1.000000000000000000e+00 0.000000000000000000e+00 0.000000000000000000e+00 0.000000000000000000e+00
1.750000000000000000e+02 6.999828246220474171e-03 0.000000000000000000e+00 1.000000000000000000e+00 0.000000000000000000e+00 0.000000000000000000e+00 0.000000000000000000e+00
2.000000000000000000e+02 7.999803709966446519e-03 0.000000000000000000e+00 1.000000000000000000e+00 0.000000000000000000e+00 0.000000000000000000e+00 0.000000000000000000e+00
2.250000000000000000e+02 8.999779173712196823e-03 0.000000000000000000e+00 1.000000000000000000e+00 0.000000000000000000e+00 0.000000000000000000e+00 0.000000000000000000e+00
2.500000000000000000e+02 9.999754637457947126e-03 0.000000000000000000e+00 1.000000000000000000e+00 0.000000000000000000e+00 0.000000000000000000e+00 0.000000000000000000e+00
2.750000000000000000e+02 1.099973010120369743e-02 0.000000000000000000e+00 1.000000000000000000e+00 0.000000000000000000e+00 0.000000000000000000e+00 0.000000000000000000e+00
3.000000000000000000e+02 1.199970556494944773e-02 0.000000000000000000e+00 1.000000000000000000e+00 0.000000000000000000e+00 0.000000000000000000e+00 0.000000000000000000e+00
3.250000000000000000e+02 1.299968102869542008e-02 0.000000000000000000e+00 1.000000000000000000e+00 0.000000000000000000e+00 0.000000000000000000e+00 0.000000000000000000e+00
3.500000000000000000e+02 1.399965649244117039e-02 0.000000000000000000e+00 1.000000000000000000e+00 0.000000000000000000e+00 0.000000000000000000e+00 0.000000000000000000e+00
3.750000000000000000e+02 1.499963195618692069e-02 0.000000000000000000e+00 1.000000000000000000e+00 0.000000000000000000e+00 0.000000000000000000e+00 0.000000000000000000e+00
4.000000000000000000e+02 1.599960741993267099e-02 0.000000000000000000e+00 1.000000000000000000e+00 0.000000000000000000e+00 0.000000000000000000e+00 0.000000000000000000e+00
4.250000000000000000e+02 1.699958288367842130e-02 0.000000000000000000e+00 1.000000000000000000e+00 0.000000000000000000e+00 0.000000000000000000e+00 0.000000000000000000e+00
4.500000000000000000e+02 1.799955834742439365e-02 0.000000000000000000e+00 1.000000000000000000e+00 0.000000000000000000e+00 0.000000000000000000e+00 0.000000000000000000e+00
4.750000000000000000e+02 1.899953381117014395e-02 0.000000000000000000e+00 1.000000000000000000e+00 0.000000000000000000e+00 0.000000000000000000e+00 0.000000000000000000e+00
5.000000000000000000e+02 1.999950927491589425e-02 0.000000000000000000e+00 1.000000000000000000e+00 0.000000000000000000e+00 0.000000000000000000e+00 0.000000000000000000e+00
5.250000000000000000e+02 2.099948473866164456e-02 0.000000000000000000e+00 1.000000000000000000e+00 0.000000000000000000e+00 0.000000000000000000e+00 0.000000000000000000e+00
5.500000000000000000e+02 2.199946020240739486e-02 0.000000000000000000e+00 1.000000000000000000e+00 0.000000000000000000e+00 0.000000000000000000e+00 0.000000000000000000e+00
5.750000000000000000e+02 2.299943566615314516e-02 0.000000000000000000e+00 1.000000000000000000e+00 0.000000000000000000e+00 0.000000000000000000e+00 0.000000000000000000e+00
6.000000000000000000e+02 2.399941112989911751e-02 0.000000000000000000e+00 1.000000000000000000e+00 0.000000000000000000e+00 0.000000000000000000e+00 0.000000000000000000e+00
6.250000000000000000e+02 2.499938659364486782e-02 0.000000000000000000e+00 1.000000000000000000e+00 0.000000000000000000e+00 0.000000000000000000e+00 0.000000000000000000e+00
6.500000000000000000e+02 2.599936205739061812e-02 0.000000000000000000e+00 1.000000000000000000e+00 0.000000000000000000e+00 0.000000000000000000e+00 0.000000000000000000e+00
6.750000000000000000e+02 2.699933752113636842e-02 0.000000000000000000e+00 1.000000000000000000e+00 0.000000000000000000e+00 0.000000000000000000e+00 0.000000000000000000e+00
7.000000000000000000e+02 2.799931298488211873e-02 0.000000000000000000e+00 1.000000000000000000e+00 0.000000000000000000e+00 0.000000000000000000e+00 0.000000000000000000e+00
7.250000000000000000e+02 2.899928844862809107e-02 0.000000000000000000e+00 1.000000000000000000e+00 0.000000000000000000e+00 0.000000000000000000e+00 0.000000000000000000e+00
7.500000000000000000e+02 2.999926391237384138e-02 0.000000000000000000e+00 1.000000000000000000e+00 0.000000000000000000e+00 0.000000000000000000e+00 0.000000000000000000e+00
7.750000000000000000e+02 3.099923937611959168e-02 0.000000000000000000e+00 1.000000000000000000e+00 0.000000000000000000e+00 0.000000000000000000e+00 0.000000000000000000e+00
8.000000000000000000e+02 3.199921483986534199e-02 0.000000000000000000e+00 1.000000000000000000e+00 0.000000000000000000e+00 0.000000000000000000e+00 0.000000000000000000e+00
8.250000000000000000e+02 3.299919030361109229e-02 0.000000000000000000e+00 1.000000000000000000e+00 0.000000000000000000e+00 0.000000000000000000e+00 0.000000000000000000e+00
8.500000000000000000e+02 3.399916576735706464e-02 0.000000000000000000e+00 1.000000000000000000e+00 0.000000000000000000e+00 0.000000000000000000e+00 0.000000000000000000e+00
8.750000000000000000e+02 3.499914123110281494e-02 0.000000000000000000e+00 1.000000000000000000e+00 0.000000000000000000e+00 0.000000000000000000e+00 0.000000000000000000e+00
9.000000000000000000e+02 3.599911669484856525e-02 0.000000000000000000e+00 1.000000000000000000e+00 0.000000000000000000e+00 0.000000000000000000e+00 0.000000000000000000e+00
9.250000000000000000e+02 3.699909215859431555e-02 0.000000000000000000e+00 1.000000000000000000e+00 0.000000000000000000e+00 0.000000000000000000e+00 0.000000000000000000e+00
9.500000000000000000e+02 3.799906762234006585e-02 0.000000000000000000e+00 1.000000000000000000e+00 0.000000000000000000e+00 0.000000000000000000e+00 0.000000000000000000e+00
9.750000000000000000e+02 3.899904308608603820e-02 0.000000000000000000e+00 1.000000000000000000e+00 0.000000000000000000e+00 0.000000000000000000e+00 0.000000000000000000e+00
1.000000000000000000e+03 3.999901854983178850e-02 0.000000000000000000e+00 1.000000000000000000e+00 0.000000000000000000e+00 0.000000000000000000e+00 0.000000000000000000e+00
1.025000000000000000e+03 4.099899401357753881e-02 0.000000000000000000e+00 1.000000000000000000e+00 0.000000000000000000e+00 0.000000000000000000e+00 0.000000000000000000e+00
1.050000000000000000e+03 4.199896947732328911e-02 0.000000000000000000e+00 1.000000000000000000e+00 0.000000000000000000e+00 0.000000000000000000e+00 0.000000000000000000e+00
1.075000000000000000e+03 4.299894494106903942e-02 0.000000000000000000e+00 1.000000000000000000e+00 0.000000000000000000e+00 0.000000000000000000e+00 0.000000000000000000e+00
1.100000000000000000e+03 4.399892040481501176e-02 0.000000000000000000e+00 1.000000000000000000e+00 0.000000000000000000e+00 0.000000000000000000e+00 0.000000000000000000e+00
1.125000000000000000e+03 4.499889586856076207e-02 0.000000000000000000e+00 1.000000000000000000e+00 0.000000000000000000e+00 0.000000000000000000e+00 0.000000000000000000e+00
1.150000000000000000e+03 4.599887133230651237e-02 0.000000000000000000e+00 1.000000000000000000e+00 0.000000000000000000e+00 0.000000000000000000e+00 0.000000000000000000e+00
1.175000000000000000e+03 4.699884679605226268e-02 0.000000000000000000e+00 1.000000000000000000e+00 0.000000000000000000e+00 0.000000000000000000e+00 0.000000000000000000e+00
1.200000000000000000e+03 4.799882225979801298e-02 0.000000000000000000e+00 1.000000000000000000e+00 0.000000000000000000e+00 0.000000000000000000e+00 0.000000000000000000e+00
1.225000000000000000e+03 4.899879772354398533e-02 0.000000000000000000e+00 1.000000000000000000e+00 0.000000000000000000e+00 0.000000000000000000e+00 0.000000000000000000e+00
1.250000000000000000e+03 4.999877318728973563e-02 0.000000000000000000e+00 1.000000000000000000e+00 0.000000000000000000e+00 0.000000000000000000e+00 0.000000000000000000e+00
1.275000000000000000e+03 5.099874865103548593e-02 0.000000000000000000e+00 1.000000000000000000e+00 0.000000000000000000e+00 0.000000000000000000e+00 0.000000000000000000e+00
1.300000000000000000e+03 5.199872411478123624e-02 0.000000000000000000e+00 1.000000000000000000e+00 0.000000000000000000e+00 0.000000000000000000e+00 0.000000000000000000e+00
1.325000000000000000e+03 5.299869957852698654e-02 0.000000000000000000e+00 1.000000000000000000e+00 0.000000000000000000e+00 0.000000000000000000e+00 0.000000000000000000e+00
1.350000000000000000e+03 5.399867504227295889e-02 0.000000000000000000e+00 1.000000000000000000e+00 0.000000000000000000e+00 0.000000000000000000e+00 0.000000000000000000e+00
1.375000000000000000e+03 5.499865050601870919e-02 0.000000000000000000e+00 1.000000000000000000e+00 0.000000000000000000e+00 0.000000000000000000e+00 0.000000000000000000e+00
1.400000000000000000e+03 5.599862596976445950e-02 0.000000000000000000e+00 1.000000000000000000e+00 0.000000000000000000e+00 0.000000000000000000e+00 0.000000000000000000e+00
1.425000000000000000e+03 5.699860143351020980e-02 0.000000000000000000e+00 1.000000000000000000e+00 0.000000000000000000e+00 0.000000000000000000e+00 0.000000000000000000e+00
1.450000000000000000e+03 5.799857689725596011e-02 0.000000000000000000e+00 1.000000000000000000e+00 0.000000000000000000e+00 0.000000000000000000e+00 0.000000000000000000e+00
1.475000000000000000e+03 5.899855236100193245e-02 0.000000000000000000e+00 1.000000000000000000e+00 0.000000000000000000e+00 0.000000000000000000e+00 0.000000000000000000e+00
1.500000000000000000e+03 5.999852782474768276e-02 0.000000000000000000e+00 1.000000000000000000e+00 0.000000000000000000e+00 0.000000000000000000e+00 0.000000000000000000e+00
1.525000000000000000e+03 6.099850328849343306e-02 0.000000000000000000e+00 1.000000000000000000e+00 0.000000000000000000e+00 0.000000000000000000e+00 0.000000000000000000e+00
1.550000000000000000e+03 6.199847875223918336e-02 1.137915339098771066e-04 9.998862084660901095e-01 0.000000000000000000e+00 0.000000000000000000e+00 0.000000000000000000e+00
1.575000000000000000e+03 6.299845421598493367e-02 0.000000000000000000e+00 1.000000000000000000e+00 0.000000000000000000e+00 0.000000000000000000e+00 0.000000000000000000e+00
1.600000000000000000e+03 6.399842967973068397e-02 0.000000000000000000e+00 1.000000000000000000e+00 0.000000000000000000e+00 0.000000000000000000e+00 0.000000000000000000e+00
1.625000000000000000e+03 6.499840514347665632e-02 0.000000000000000000e+00 1.000000000000000000e+00 0.000000000000000000e+00 0.000000000000000000e+00 0.000000000000000000e+00
1.650000000000000000e+03 6.599838060722240662e-02 0.000000000000000000e+00 1.000000000000000000e+00 0.000000000000000000e+00 0.000000000000000000e+00 0.000000000000000000e+00
1.675000000000000000e+03 6.699835607096815693e-02 0.000000000000000000e+00 1.000000000000000000e+00 0.000000000000000000e+00 0.000000000000000000e+00 0.000000000000000000e+00
1.700000000000000000e+03 6.799833153471390723e-02 1.137915339098771066e-04 9.998862084660901095e-01 0.000000000000000000e+00 0.000000000000000000e+00 0.000000000000000000e+00
1.725000000000000000e+03 6.899830699845965754e-02 1.137915339098771066e-04 9.998862084660901095e-01 0.000000000000000000e+00 0.000000000000000000e+00 0.000000000000000000e+00
1.750000000000000000e+03 6.999828246220562988e-02 0.000000000000000000e+00 1.000000000000000000e+00 0.000000000000000000e+00 0.000000000000000000e+00 0.000000000000000000e+00
1.775000000000000000e+03 7.099825792595138019e-02 0.000000000000000000e+00 1.000000000000000000e+00 0.000000000000000000e+00 0.000000000000000000e+00 0.000000000000000000e+00
1.800000000000000000e+03 7.199823338969713049e-02 0.000000000000000000e+00 1.000000000000000000e+00 0.000000000000000000e+00 0.000000000000000000e+00 0.000000000000000000e+00
1.825000000000000000e+03 7.299820885344288079e-02 2.275830678197542133e-04 9.997724169321802190e-01 0.000000000000000000e+00 0.000000000000000000e+00 0.000000000000000000e+00
1.850000000000000000e+03 7.399818431718863110e-02 0.000000000000000000e+00 1.000000000000000000e+00 0.000000000000000000e+00 0.000000000000000000e+00 0.000000000000000000e+00
1.875000000000000000e+03 7.499815978093460345e-02 0.000000000000000000e+00 1.000000000000000000e+00 0.000000000000000000e+00 0.000000000000000000e+00 0.000000000000000000e+00
1.900000000000000000e+03 7.599813524468035375e-02 3.413746017296313199e-04 9.996586253982703285e-01 0.000000000000000000e+00 0.000000000000000000e+00 0.000000000000000000e+00
1.925000000000000000e+03 7.699811070842610405e-02 4.551661356395084266e-04 9.995448338643604380e-01 0.000000000000000000e+00 0.000000000000000000e+00 0.000000000000000000e+00
1.950000000000000000e+03 7.799808617217185436e-02 0.000000000000000000e+00 1.000000000000000000e+00 0.000000000000000000e+00 0.000000000000000000e+00 0.000000000000000000e+00
1.975000000000000000e+03 7.899806163591760466e-02 4.551661356395084266e-04 9.995448338643604380e-01 0.000000000000000000e+00 0.000000000000000000e+00 0.000000000000000000e+00
2.000000000000000000e+03 7.999803709966357701e-02 0.000000000000000000e+00 1.000000000000000000e+00 0.000000000000000000e+00 0.000000000000000000e+00 0.000000000000000000e+00
2.025000000000000000e+03 8.099801256340932731e-02 0.000000000000000000e+00 1.000000000000000000e+00 0.000000000000000000e+00 0.000000000000000000e+00 0.000000000000000000e+00
2.050000000000000000e+03 8.199798802715507762e-02 2.275830678197542133e-04 9.997724169321802190e-01 0.000000000000000000e+00 0.000000000000000000e+00 0.000000000000000000e+00
2.075000000000000000e+03 8.299796349090082792e-02 0.000000000000000000e+00 1.000000000000000000e+00 0.000000000000000000e+00 0.000000000000000000e+00 0.000000000000000000e+00
2.100000000000000000e+03 8.399793895464657822e-02 0.000000000000000000e+00 1.000000000000000000e+00 0.000000000000000000e+00 0.000000000000000000e+00 0.000000000000000000e+00
2.125000000000000000e+03 8.499791441839255057e-02 1.024123805188893906e-03 9.989758761948110966e-01 0.000000000000000000e+00 0.000000000000000000e+00 0.000000000000000000e+00
2.150000000000000000e+03 8.599788988213830088e-02 5.689576695493854790e-04 9.993172507965407680e-01 0.000000000000000000e+00 1.137915339098771066e-04 0.000000000000000000e+00
2.175000000000000000e+03 8.699786534588405118e-02 0.000000000000000000e+00 1.000000000000000000e+00 0.000000000000000000e+00 0.000000000000000000e+00 0.000000000000000000e+00
2.200000000000000000e+03 8.799784080962980148e-02 1.137915339098771066e-04 9.998862084660901095e-01 0.000000000000000000e+00 0.000000000000000000e+00 0.000000000000000000e+00
2.225000000000000000e+03 8.899781627337555179e-02 1.479289940828402332e-03 9.985207100591716456e-01 0.000000000000000000e+00 0.000000000000000000e+00 0.000000000000000000e+00
2.250000000000000000e+03 8.999779173712152414e-02 9.103322712790168532e-04 9.990896677287209870e-01 0.000000000000000000e+00 0.000000000000000000e+00 0.000000000000000000e+00
2.275000000000000000e+03 9.099776720086727444e-02 5.689576695493854790e-04 9.994310423304506585e-01 0.000000000000000000e+00 0.000000000000000000e+00 0.000000000000000000e+00
2.300000000000000000e+03 9.199774266461302474e-02 3.413746017296313199e-04 9.996586253982703285e-01 0.000000000000000000e+00 0.000000000000000000e+00 0.000000000000000000e+00
2.325000000000000000e+03 9.299771812835877505e-02 9.103322712790168532e-04 9.990896677287209870e-01 0.000000000000000000e+00 0.000000000000000000e+00 0.000000000000000000e+00
2.350000000000000000e+03 9.399769359210452535e-02 7.965407373691396923e-04 9.992034592626308775e-01 0.000000000000000000e+00 0.000000000000000000e+00 0.000000000000000000e+00
2.375000000000000000e+03 9.499766905585049770e-02 2.275830678197542133e-04 9.997724169321802190e-01 0.000000000000000000e+00 0.000000000000000000e+00 0.000000000000000000e+00
2.400000000000000000e+03 9.599764451959624800e-02 1.137915339098770958e-03 9.988620846609012061e-01 0.000000000000000000e+00 0.000000000000000000e+00 0.000000000000000000e+00
2.425000000000000000e+03 9.699761998334199831e-02 7.965407373691396923e-04 9.990896677287209870e-01 0.000000000000000000e+00 1.137915339098771066e-04 0.000000000000000000e+00
2.450000000000000000e+03 9.799759544708774861e-02 9.103322712790168532e-04 9.989758761948110966e-01 0.000000000000000000e+00 1.137915339098771066e-04 0.000000000000000000e+00
2.475000000000000000e+03 9.899757091083349891e-02 1.934456076467910759e-03 9.978379608557123026e-01 0.000000000000000000e+00 2.275830678197542133e-04 0.000000000000000000e+00
2.500000000000000000e+03 9.999754637457947126e-02 3.072371415566681717e-03 9.968138370505233992e-01 0.000000000000000000e+00 1.137915339098771066e-04 0.000000000000000000e+00
2.525000000000000000e+03 1.009975218383252216e-01 2.048247610377787811e-03 9.978379608557123026e-01 0.000000000000000000e+00 1.137915339098771066e-04 0.000000000000000000e+00
2.550000000000000000e+03 1.019974973020709719e-01 3.527537551206190360e-03 9.964724624487938387e-01 0.000000000000000000e+00 0.000000000000000000e+00 0.000000000000000000e+00
2.575000000000000000e+03 1.029974727658167222e-01 4.551661356395083832e-03 9.952207555757851543e-01 0.000000000000000000e+00 2.275830678197542133e-04 0.000000000000000000e+00
2.600000000000000000e+03 1.039974482295624725e-01 5.120619025944469528e-03 9.943104233045061413e-01 0.000000000000000000e+00 5.689576695493854790e-04 0.000000000000000000e+00
2.625000000000000000e+03 1.049974236933082228e-01 4.437869822485207214e-03 9.952207555757851543e-01 0.000000000000000000e+00 3.413746017296313199e-04 0.000000000000000000e+00
2.650000000000000000e+03 1.059973991570541951e-01 3.982703686845699004e-03 9.956759217114247162e-01 0.000000000000000000e+00 3.413746017296313199e-04 0.000000000000000000e+00
2.675000000000000000e+03 1.069973746207999454e-01 4.665452890304961318e-03 9.947655894401457033e-01 0.000000000000000000e+00 5.689576695493854790e-04 0.000000000000000000e+00
2.700000000000000000e+03 1.079973500845456957e-01 5.689576695493855224e-03 9.943104233045061413e-01 0.000000000000000000e+00 0.000000000000000000e+00 0.000000000000000000e+00
2.725000000000000000e+03 1.089973255482914460e-01 6.941283568502503235e-03 9.928311333636777869e-01 0.000000000000000000e+00 2.275830678197542133e-04 0.000000000000000000e+00
2.750000000000000000e+03 1.099973010120371963e-01 5.689576695493855224e-03 9.935138825671370189e-01 0.000000000000000000e+00 7.965407373691396923e-04 0.000000000000000000e+00
2.775000000000000000e+03 1.109972764757831687e-01 7.510241238051888930e-03 9.918070095584888834e-01 0.000000000000000000e+00 6.827492034592626399e-04 0.000000000000000000e+00
2.800000000000000000e+03 1.119972519395289190e-01 1.126536185707783383e-02 9.875967228038233792e-01 0.000000000000000000e+00 1.137915339098770958e-03 0.000000000000000000e+00
2.825000000000000000e+03 1.129972274032746693e-01 1.319981793354574502e-02 9.856622667273554628e-01 0.000000000000000000e+00 1.137915339098770958e-03 0.000000000000000000e+00
2.850000000000000000e+03 1.139972028670204196e-01 1.615839781520254925e-02 9.835002275830677654e-01 0.000000000000000000e+00 3.413746017296313199e-04 0.000000000000000000e+00
2.875000000000000000e+03 1.149971783307661699e-01 1.615839781520254925e-02 9.828174783796085334e-01 0.000000000000000000e+00 1.024123805188893906e-03 0.000000000000000000e+00
2.900000000000000000e+03 1.159971537945121423e-01 2.264451524806554428e-02 9.743969048702776359e-01 0.000000000000000000e+00 2.958579881656804664e-03 0.000000000000000000e+00
2.925000000000000000e+03 1.169971292582578926e-01 2.412380518889394726e-02 9.741693218024578549e-01 0.000000000000000000e+00 1.706873008648156654e-03 0.000000000000000000e+00
2.950000000000000000e+03 1.179971047220036429e-01 2.958579881656804578e-02 9.659763313609467383e-01 0.000000000000000000e+00 4.437869822485207214e-03 0.000000000000000000e+00
2.975000000000000000e+03 1.189970801857493932e-01 4.938552571688666071e-02 9.404870277651342647e-01 0.000000000000000000e+00 1.012744651797906244e-02 0.000000000000000000e+00
3.000000000000000000e+03 1.199970556494951435e-01 5.962676376877560497e-02 9.237596722803823601e-01 0.000000000000000000e+00 1.661356395084205573e-02 0.000000000000000000e+00
3.025000000000000000e+03 1.209970311132411158e-01 8.944014565316341092e-02 8.691397360036413611e-01 0.000000000000000000e+00 4.142011834319526964e-02 0.000000000000000000e+00
3.050000000000000000e+03 1.219970065769868661e-01 1.304050978607191602e-01 7.723031406463358728e-01 0.000000000000000000e+00 9.729176149294492537e-02 0.000000000000000000e+00
3.075000000000000000e+03 1.229969820407326164e-01 2.102867546654528796e-01 5.777196176604461053e-01 1.137915339098771066e-04 2.118798361401911801e-01 0.000000000000000000e+00
3.100000000000000000e+03 1.239969575044783667e-01 3.056440600819299025e-01 3.593536640873918886e-01 1.137915339098771066e-04 3.348884842967683184e-01 0.000000000000000000e+00
3.125000000000000000e+03 1.249969329682241170e-01 3.882567137005006885e-01 1.967455621301775204e-01 2.275830678197542133e-04 4.147701411015020656e-01 0.000000000000000000e+00
3.150000000000000000e+03 1.259969084319700894e-01 4.143149749658625591e-01 1.291533909877105035e-01 5.689576695493854790e-04 4.559626763768775404e-01 0.000000000000000000e+00
3.175000000000000000e+03 1.269968838957158397e-01 3.777878925807919841e-01 1.354119253527537592e-01 7.965407373691396923e-04 4.860036413290851343e-01 0.000000000000000000e+00
3.200000000000000000e+03 1.279968593594615900e-01 3.425125170687300935e-01 1.439462903959945472e-01 1.251706873008648227e-03 5.122894856622667303e-01 0.000000000000000000e+00
3.225000000000000000e+03 1.289968348232073403e-01 3.396677287209831642e-01 1.573736913973600438e-01 1.365498406918525280e-03 5.015930814747382449e-01 0.000000000000000000e+00
3.250000000000000000e+03 1.299968102869530906e-01 3.449021392808375164e-01 1.687528447883477334e-01 5.575785161583977738e-03 4.807692307692307820e-01 0.000000000000000000e+00
3.275000000000000000e+03 1.309967857506990629e-01 3.492262175694128556e-01 1.654528903049612976e-01 1.149294492489758707e-02 4.738279472007282389e-01 0.000000000000000000e+00
3.300000000000000000e+03 1.319967612144448132e-01 3.500227583067819781e-01 1.745562130177514826e-01 2.412380518889394726e-02 4.512972234865725851e-01 0.000000000000000000e+00
3.325000000000000000e+03 1.329967366781905636e-01 3.459262630860264198e-01 1.827492034592626269e-01 3.732362312243969055e-02 4.340009103322712836e-01 0.000000000000000000e+00
3.350000000000000000e+03 1.339967121419363139e-01 3.494538006372325811e-01 1.925352753755120716e-01 5.689576695493855224e-02 4.011151570323168158e-01 0.000000000000000000e+00
3.375000000000000000e+03 1.349966876056820642e-01 3.488848429676831842e-01 1.923076923076923184e-01 7.658170232134729749e-02 3.822257624032772139e-01 0.000000000000000000e+00
3.400000000000000000e+03 1.359966630694280365e-01 3.534365043240783044e-01 1.925352753755120716e-01 1.019572143832498806e-01 3.520710059171597850e-01 0.000000000000000000e+00
3.425000000000000000e+03 1.369966385331737868e-01 3.458124715521165293e-01 2.092626308602640040e-01 1.145880746472462408e-01 3.303368229403732537e-01 0.000000000000000000e+00
3.450000000000000000e+03 1.379966139969195371e-01 3.492262175694128556e-01 2.253072371415566766e-01 1.290395994538006408e-01 2.964269458352298825e-01 0.000000000000000000e+00
3.475000000000000000e+03 1.389965894606652874e-01 3.584433318161128756e-01 2.270141101502048120e-01 1.442876649977241632e-01 2.702548930359581214e-01 0.000000000000000000e+00
3.500000000000000000e+03 1.399965649244110377e-01 3.493400091033226906e-01 2.317933545744196577e-01 1.532771961766044577e-01 2.655894401456531662e-01 0.000000000000000000e+00
3.525000000000000000e+03 1.409965403881570101e-01 3.493400091033226906e-01 2.282658170232134687e-01 1.624943104233045055e-01 2.598998634501593075e-01 0.000000000000000000e+00
3.550000000000000000e+03 1.419965158519027604e-01 3.634501593081474469e-01 2.297451069640418786e-01 1.727355484751934567e-01 2.340691852526172179e-01 0.000000000000000000e+00
3.575000000000000000e+03 1.429964913156485107e-01 3.758534365043240677e-01 2.239417387346381294e-01 1.880974055530268418e-01 2.121074192080109333e-01 0.000000000000000000e+00
3.600000000000000000e+03 1.439964667793942610e-01 3.882567137005006885e-01 2.306554392353208915e-01 1.915111515703231682e-01 1.895766954938552518e-01 0.000000000000000000e+00
3.625000000000000000e+03 1.449964422431400113e-01 3.848429676832043622e-01 2.370277651342740100e-01 1.888939462903959920e-01 1.892353208921256358e-01 0.000000000000000000e+00
3.650000000000000000e+03 1.459964177068857616e-01 3.940600819299044377e-01 2.371415566681839004e-01 1.915111515703231682e-01 1.772872098315885214e-01 0.000000000000000000e+00
3.675000000000000000e+03 1.469963931706317339e-01 3.847291761492944717e-01 2.500000000000000000e-01 1.979972690031861493e-01 1.672735548475193512e-01 0.000000000000000000e+00
3.700000000000000000e+03 1.479963686343774842e-01 3.816568047337278169e-01 2.597860719162494170e-01 2.088074647246244975e-01 1.497496586253982687e-01 0.000000000000000000e+00
3.725000000000000000e+03 1.489963440981232345e-01 3.903049613108784954e-01 2.642239417387346467e-01 2.174556213017751483e-01 1.280154756486117373e-01 0.000000000000000000e+00
3.750000000000000000e+03 1.499963195618689848e-01 3.837050523441056238e-01 2.692307692307692180e-01 2.229176149294492537e-01 1.241465634956759184e-01 0.000000000000000000e+00
3.775000000000000000e+03 1.509962950256147352e-01 3.918980427856167403e-01 2.695721438324988894e-01 2.236003641329085134e-01 1.149294492489758707e-01 0.000000000000000000e+00
3.800000000000000000e+03 1.519962704893607075e-01 3.847291761492944717e-01 2.778789258079198965e-01 2.286071916249431124e-01 1.087847064178425194e-01 0.000000000000000000e+00
3.825000000000000000e+03 1.529962459531064578e-01 3.809740555302685294e-01 2.836822940373236457e-01 2.271279016841147025e-01 1.082157487482931224e-01 0.000000000000000000e+00
3.850000000000000000e+03 1.539962214168522081e-01 3.838188438780154588e-01 2.819754210286754548e-01 2.339553937187073274e-01 1.002503413746017313e-01 0.000000000000000000e+00
3.875000000000000000e+03 1.549961968805979584e-01 3.829085116067364458e-01 2.826581702321347422e-01 2.395311788802912956e-01 9.490213928083750250e-02 0.000000000000000000e+00
3.900000000000000000e+03 1.559961723443437087e-01 3.809740555302685294e-01 2.794720072826581969e-01 2.352071005917159841e-01 1.043468365953573035e-01 0.000000000000000000e+00
3.925000000000000000e+03 1.569961478080896811e-01 3.809740555302685294e-01 2.776513427401001155e-01 2.364588074647246130e-01 1.049157942649066866e-01 0.000000000000000000e+00
3.950000000000000000e+03 1.579961232718354314e-01 3.832498862084661173e-01 2.760582612653618706e-01 2.375967228038234069e-01 1.030951297223486607e-01 0.000000000000000000e+00
3.975000000000000000e+03 1.589960987355811817e-01 3.815430131998179264e-01 2.765134274010013771e-01 2.444242148384160318e-01 9.751934456076467861e-02 0.000000000000000000e+00
4.000000000000000000e+03 1.599960741993269320e-01 3.846153846153846367e-01 2.795857988165680319e-01 2.410104688211197055e-01 9.478834774692762588e-02 0.000000000000000000e+00
4.025000000000000000e+03 1.609960496630726823e-01 3.881429221665907980e-01 2.791306326809285254e-01 2.432862994993172379e-01 8.944014565316341092e-02 0.000000000000000000e+00
4.050000000000000000e+03 1.619960251268186546e-01 3.882567137005006885e-01 2.768548020027309930e-01 2.440828402366863881e-01 9.080564406008193035e-02 0.000000000000000000e+00
4.075000000000000000e+03 1.629960005905644049e-01 3.866636322257623881e-01 2.765134274010013771e-01 2.460172963131543045e-01 9.080564406008193035e-02 0.000000000000000000e+00
4.100000000000000000e+03 1.639959760543101552e-01 3.931497496586254248e-01 2.740100136549840637e-01 2.471552116522530707e-01 8.557123350022757813e-02 1.137915339098771066e-04
4.125000000000000000e+03 1.649959515180559055e-01 3.990669094219390090e-01 2.743513882567136797e-01 2.443104233045061413e-01 8.227127901684114231e-02 0.000000000000000000e+00
4.150000000000000000e+03 1.659959269818016558e-01 3.918980427856167403e-01 2.709376422394174089e-01 2.487482931269913433e-01 8.830223031406463086e-02 1.137915339098771066e-04
4.175000000000000000e+03 1.669959024455476282e-01 3.917842512517068498e-01 2.778789258079198965e-01 2.471552116522530707e-01 8.306781975421029252e-02 1.137915339098771066e-04
4.200000000000000000e+03 1.679958779092933785e-01 3.932635411925352598e-01 2.723031406463359283e-01 2.517068730086481354e-01 8.272644515248064878e-02 0.000000000000000000e+00
4.225000000000000000e+03 1.689958533730391288e-01 3.940600819299044377e-01 2.746927628584433512e-01 2.493172507965407403e-01 8.181611288120163583e-02 1.137915339098771066e-04
4.250000000000000000e+03 1.699958288367848791e-01 3.878015475648611821e-01 2.743513882567136797e-01 2.501137915339098905e-01 8.773327264451524776e-02 0.000000000000000000e+00
4.275000000000000000e+03 1.709958043005306294e-01 3.862084660901228816e-01 2.749203459262630767e-01 2.527309968138370389e-01 8.614019116977697510e-02 0.000000000000000000e+00
4.300000000000000000e+03 1.719957797642766018e-01 3.926945835229858628e-01 2.732134729176149412e-01 2.531861629494765453e-01 8.090578060992262288e-02 0.000000000000000000e+00
4.325000000000000000e+03 1.729957552280223521e-01 3.823395539371870488e-01 2.808375056895767163e-01 2.548930359581247362e-01 8.192990441511151245e-02 0.000000000000000000e+00
4.350000000000000000e+03 1.739957306917681024e-01 3.892808375056895920e-01 2.824305871643149612e-01 2.525034137460173134e-01 7.578516158397814728e-02 0.000000000000000000e+00
4.375000000000000000e+03 1.749957061555138527e-01 3.957669549385525731e-01 2.824305871643149612e-01 2.487482931269913433e-01 7.305416477014110843e-02 0.000000000000000000e+00
4.400000000000000000e+03 1.759956816192596030e-01 3.857532999544833752e-01 2.917614929449248717e-01 2.451069640418752915e-01 7.737824305871643382e-02 0.000000000000000000e+00
4.425000000000000000e+03 1.769956570830055753e-01 3.881429221665907980e-01 2.905097860719162428e-01 2.445380063723258945e-01 7.680928538916705073e-02 0.000000000000000000e+00
4.450000000000000000e+03 1.779956325467513256e-01 3.892808375056895920e-01 2.914201183431952558e-01 2.430587164314974846e-01 7.624032771961765376e-02 0.000000000000000000e+00
4.475000000000000000e+03 1.789956080104970759e-01 3.963359126081019701e-01 2.927856167501137752e-01 2.364588074647246130e-01 7.441966317705962786e-02 0.000000000000000000e+00
4.500000000000000000e+03 1.799955834742428262e-01 3.905325443786982209e-01 2.957441966317705950e-01 2.374829312699135164e-01 7.624032771961765376e-02 0.000000000000000000e+00
4.525000000000000000e+03 1.809955589379885765e-01 3.912152935821575084e-01 3.005234410559854408e-01 2.348657259899863403e-01 7.339553937187073829e-02 0.000000000000000000e+00
4.550000000000000000e+03 1.819955344017345489e-01 3.895084205735093175e-01 3.033682294037323701e-01 2.355484751934456000e-01 7.157487482931269851e-02 0.000000000000000000e+00
4.575000000000000000e+03 1.829955098654802992e-01 3.969048702776513671e-01 3.066681838871188059e-01 2.258761948111060458e-01 7.055075102412380894e-02 0.000000000000000000e+00
4.600000000000000000e+03 1.839954853292260495e-01 3.961083295402821891e-01 3.056440600819299025e-01 2.296313154301319881e-01 6.861629494765589254e-02 0.000000000000000000e+00
4.625000000000000000e+03 1.849954607929717998e-01 3.953117888029130667e-01 3.081474738279472159e-01 2.300864815657714946e-01 6.645425580336822291e-02 0.000000000000000000e+00
4.650000000000000000e+03 1.859954362567175501e-01 3.973600364132908735e-01 3.112198452435138707e-01 2.226900318616295005e-01 6.873008648156576916e-02 0.000000000000000000e+00
4.675000000000000000e+03 1.869954117204633004e-01 3.876877560309512916e-01 3.154301319981793195e-01 2.228038233955393632e-01 7.407828857532999800e-02 0.000000000000000000e+00
4.700000000000000000e+03 1.879953871842092727e-01 3.933773327264451503e-01 3.200955848884842747e-01 2.166590805644059980e-01 6.986800182066454923e-02 0.000000000000000000e+00
4.725000000000000000e+03 1.889953626479550230e-01 3.819981793354574329e-01 3.303368229403732537e-01 2.213245334547109811e-01 6.634046426945834629e-02 0.000000000000000000e+00
4.750000000000000000e+03 1.899953381117007734e-01 3.876877560309512916e-01 3.371643149749658508e-01 2.183659535730541612e-01 5.678197542102867562e-02 0.000000000000000000e+00
4.775000000000000000e+03 1.909953135754465237e-01 3.890532544378698110e-01 3.368229403732362348e-01 2.204142011834319403e-01 5.370960400546199304e-02 0.000000000000000000e+00
4.800000000000000000e+03 1.919952890391922740e-01 3.879153390987710726e-01 3.383022303140646447e-01 2.187073281747838049e-01 5.507510241238051940e-02 0.000000000000000000e+00
4.825000000000000000e+03 1.929952645029382463e-01 3.922394173873463563e-01 3.392125625853436577e-01 2.071005917159763343e-01 6.144742831133363781e-02 0.000000000000000000e+00
4.850000000000000000e+03 1.939952399666839966e-01 3.929221665908056438e-01 3.474055530268548297e-01 2.018661811561219821e-01 5.780609922621757213e-02 0.000000000000000000e+00
4.875000000000000000e+03 1.949952154304297469e-01 3.909877105143377274e-01 3.569640418752844657e-01 1.987938097405552995e-01 5.325443786982248656e-02 0.000000000000000000e+00
4.900000000000000000e+03 1.959951908941754972e-01 3.851843422849339782e-01 3.667501137915338827e-01 2.012972234865725851e-01 4.676832043695949154e-02 0.000000000000000000e+00
4.925000000000000000e+03 1.969951663579212475e-01 3.892808375056895920e-01 3.680018206645425671e-01 1.982248520710059303e-01 4.449248975876194528e-02 0.000000000000000000e+00
4.950000000000000000e+03 1.979951418216672199e-01 3.866636322257623881e-01 3.651570323167956378e-01 1.991351843422849432e-01 4.904415111515703085e-02 0.000000000000000000e+00
4.975000000000000000e+03 1.989951172854129702e-01 3.872325898953117851e-01 3.593536640873918886e-01 2.042558033682294050e-01 4.915794264906690747e-02 0.000000000000000000e+00
5.000000000000000000e+03 1.999950927491587205e-01 3.846153846153846367e-01 3.577605826126536437e-01 2.088074647246244975e-01 4.881656804733727761e-02 0.000000000000000000e+00
5.025000000000000000e+03 2.009950682129044708e-01 3.779016841147018746e-01 3.618570778334092020e-01 2.058488848429676776e-01 5.439235320892125969e-02 0.000000000000000000e+00
5.050000000000000000e+03 2.019950436766502211e-01 3.743741465634956578e-01 3.669776968593536637e-01 2.069868001820664438e-01 5.154756486117433034e-02 1.137915339098771066e-04
5.075000000000000000e+03 2.029950191403961934e-01 3.752844788347746707e-01 3.672052799271734447e-01 2.077833409194355940e-01 4.972690031861629750e-02 0.000000000000000000e+00
5.100000000000000000e+03 2.039949946041419437e-01 3.697086936731907025e-01 3.724396904870277414e-01 2.104005461993627701e-01 4.745106964041875125e-02 0.000000000000000000e+00
5.125000000000000000e+03 2.049949700678876940e-01 3.668639053254437732e-01 3.782430587164314906e-01 2.125625853436504398e-01 4.221665908056440597e-02 1.137915339098771066e-04
5.150000000000000000e+03 2.059949455316334443e-01 3.648156577150660218e-01 3.857532999544833752e-01 2.098315885298133732e-01 3.959945380063722986e-02 0.000000000000000000e+00
5.175000000000000000e+03 2.069949209953791947e-01 3.683431952662721831e-01 3.907601274465180019e-01 2.081247155211652378e-01 3.277196176604460498e-02 0.000000000000000000e+00
5.200000000000000000e+03 2.079948964591251670e-01 3.497951752389621971e-01 4.064633591260810030e-01 2.134729176149294527e-01 3.026854802002730896e-02 0.000000000000000000e+00
5.225000000000000000e+03 2.089948719228709173e-01 3.449021392808375164e-01 4.196631770596267463e-01 2.110832954028220299e-01 2.435138825671370050e-02 0.000000000000000000e+00
5.250000000000000000e+03 2.099948473866166676e-01 3.175921711424670169e-01 4.477696859353664238e-01 2.080109239872553473e-01 2.662721893491124328e-02 0.000000000000000000e+00
5.275000000000000000e+03 2.109948228503624179e-01 3.055302685480200120e-01 4.683659535730541612e-01 2.041420118343195145e-01 2.196176604460628110e-02 0.000000000000000000e+00
5.300000000000000000e+03 2.119947983141081682e-01 2.889167045971779424e-01 4.856622667273554628e-01 2.057350933090578149e-01 1.968593536640873831e-02 0.000000000000000000e+00
5.325000000000000000e+03 2.129947737778541406e-01 2.842512517068729871e-01 4.997724169321802190e-01 2.008420573509330787e-01 1.513427401001365448e-02 0.000000000000000000e+00
5.350000000000000000e+03 2.139947492415998909e-01 2.784478834774692935e-01 5.161583978152025631e-01 1.931042330450614408e-01 1.228948566226672687e-02 0.000000000000000000e+00
5.375000000000000000e+03 2.149947247053456412e-01 2.693445607646791085e-01 5.248065543923532417e-01 1.904870277651342647e-01 1.536185707783340945e-02 0.000000000000000000e+00
5.400000000000000000e+03 2.159947001690913915e-01 2.631998179335457433e-01 5.331133363677742487e-01 1.909421939007737712e-01 1.263086026399635846e-02 1.137915339098771066e-04
5.425000000000000000e+03 2.169946756328371418e-01 2.525034137460173134e-01 5.392580791989075584e-01 1.913973600364132777e-01 1.672735548475193582e-02 1.137915339098771066e-04
5.450000000000000000e+03 2.179946510965831141e-01 2.474965862539827144e-01 5.436959490213928436e-01 1.943559399180700975e-01 1.445152480655439303e-02 0.000000000000000000e+00
5.475000000000000000e+03 2.189946265603288644e-01 2.504551661356395065e-01 5.417614929449249273e-01 1.934456076467910846e-01 1.433773327264451468e-02 0.000000000000000000e+00
5.500000000000000000e+03 2.199946020240746147e-01 2.446517979062357850e-01 5.496131087847063723e-01 1.939007737824305910e-01 1.183431952662721866e-02 0.000000000000000000e+00
5.525000000000000000e+03 2.209945774878203650e-01 2.388484296768320359e-01 5.559854346836595740e-01 1.933318161128811941e-01 1.183431952662721866e-02 0.000000000000000000e+00
5.550000000000000000e+03 2.219945529515661153e-01 2.387346381429221731e-01 5.563268092853891345e-01 1.942421483841602070e-01 1.069640418752844727e-02 0.000000000000000000e+00
5.575000000000000000e+03 2.229945284153120877e-01 2.338416021847974646e-01 5.613336367774237612e-01 1.927628584433318248e-01 1.206190259444697363e-02 0.000000000000000000e+00
5.600000000000000000e+03 2.239945038790578380e-01 2.299726900318616318e-01 5.656577150659990449e-01 1.895766954938552518e-01 1.479289940828402289e-02 0.000000000000000000e+00
5.625000000000000000e+03 2.249944793428035883e-01 2.265589440145653055e-01 5.690714610832954268e-01 1.899180700955848955e-01 1.445152480655439303e-02 0.000000000000000000e+00
5.650000000000000000e+03 2.259944548065493386e-01 2.255348202093764298e-01 5.723714155666818071e-01 1.867319071461083224e-01 1.536185707783340945e-02 0.000000000000000000e+00
5.675000000000000000e+03 2.269944302702950889e-01 2.204142011834319403e-01 5.804506144742831442e-01 1.836595357305416398e-01 1.547564861174328607e-02 0.000000000000000000e+00
