# itime ezz other fcc hcp bcc ico
0.000000000000000000e+00 0.000000000000000000e+00 4.551661356395084266e-04 9.995448338643604380e-01 0.000000000000000000e+00 0.000000000000000000e+00 0.000000000000000000e+00
2.500000000000000000e+01 1.000047481523713699e-03 5.689576695493854790e-04 9.994310423304506585e-01 0.000000000000000000e+00 0.000000000000000000e+00 0.000000000000000000e+00
5.000000000000000000e+01 2.000094963047427399e-03 1.024123805188893906e-03 9.989758761948110966e-01 0.000000000000000000e+00 0.000000000000000000e+00 0.000000000000000000e+00
7.500000000000000000e+01 3.000142444570919054e-03 1.137915339098771066e-04 9.998862084660901095e-01 0.000000000000000000e+00 0.000000000000000000e+00 0.000000000000000000e+00
1.000000000000000000e+02 4.000189926094632753e-03 1.593081474738279385e-03 9.984069185252617551e-01 0.000000000000000000e+00 0.000000000000000000e+00 0.000000000000000000e+00
1.250000000000000000e+02 5.000237407618346452e-03 7.965407373691396923e-04 9.992034592626308775e-01 0.000000000000000000e+00 0.000000000000000000e+00 0.000000000000000000e+00
1.500000000000000000e+02 6.000284889142060152e-03 9.103322712790168532e-04 9.989758761948110966e-01 0.000000000000000000e+00 1.137915339098771066e-04 0.000000000000000000e+00
1.750000000000000000e+02 7.000332370665773851e-03 1.593081474738279385e-03 9.984069185252617551e-01 0.000000000000000000e+00 0.000000000000000000e+00 0.000000000000000000e+00
2.000000000000000000e+02 8.000379852189487551e-03 1.251706873008648227e-03 9.987482931269913156e-01 0.000000000000000000e+00 0.000000000000000000e+00 0.000000000000000000e+00
2.250000000000000000e+02 9.000427333712979205e-03 3.413746017296313199e-04 9.996586253982703285e-01 0.000000000000000000e+00 0.000000000000000000e+00 0.000000000000000000e+00
2.500000000000000000e+02 1.000047481523669290e-02 1.024123805188893906e-03 9.989758761948110966e-01 0.000000000000000000e+00 0.000000000000000000e+00 0.000000000000000000e+00
2.750000000000000000e+02 1.100052229676040660e-02 6.827492034592626399e-04 9.993172507965407680e-01 0.000000000000000000e+00 0.000000000000000000e+00 0.000000000000000000e+00
3.000000000000000000e+02 1.200056977828412030e-02 1.706873008648156654e-03 9.982931269913518646e-01 0.000000000000000000e+00 0.000000000000000000e+00 0.000000000000000000e+00
3.250000000000000000e+02 1.300061725980783400e-02 9.103322712790168532e-04 9.990896677287209870e-01 0.000000000000000000e+00 0.000000000000000000e+00 0.000000000000000000e+00
3.500000000000000000e+02 1.400066474133154770e-02 1.934456076467910759e-03 9.980655439235320836e-01 0.000000000000000000e+00 0.000000000000000000e+00 0.000000000000000000e+00
3.750000000000000000e+02 1.500071222285503936e-02 1.593081474738279385e-03 9.984069185252617551e-01 0.000000000000000000e+00 0.000000000000000000e+00 0.000000000000000000e+00
4.000000000000000000e+02 1.600075970437875306e-02 3.413746017296313308e-03 9.965862539827037292e-01 0.000000000000000000e+00 0.000000000000000000e+00 0.000000000000000000e+00
4.250000000000000000e+02 1.700080718590246676e-02 2.275830678197541916e-03 9.976103777878926326e-01 0.000000000000000000e+00 1.137915339098771066e-04 0.000000000000000000e+00
4.500000000000000000e+02 1.800085466742618046e-02 3.413746017296313199e-04 9.996586253982703285e-01 0.000000000000000000e+00 0.000000000000000000e+00 0.000000000000000000e+00
4.750000000000000000e+02 1.900090214894989415e-02 2.048247610377787811e-03 9.979517523896221931e-01 0.000000000000000000e+00 0.000000000000000000e+00 0.000000000000000000e+00
5.000000000000000000e+02 2.000094963047338581e-02 3.299954483386436255e-03 9.967000455166135087e-01 0.000000000000000000e+00 0.000000000000000000e+00 0.000000000000000000e+00
5.250000000000000000e+02 2.100099711199709951e-02 1.593081474738279385e-03 9.984069185252617551e-01 0.000000000000000000e+00 0.000000000000000000e+00 0.000000000000000000e+00
5.500000000000000000e+02 2.200104459352081321e-02 4.779244424214838804e-03 9.952207555757851543e-01 0.000000000000000000e+00 0.000000000000000000e+00 0.000000000000000000e+00
5.750000000000000000e+02 2.300109207504452691e-02 1.137915339098770958e-03 9.988620846609012061e-01 0.000000000000000000e+00 0.000000000000000000e+00 0.000000000000000000e+00
6.000000000000000000e+02 2.400113955656824061e-02 1.593081474738279385e-03 9.984069185252617551e-01 0.000000000000000000e+00 0.000000000000000000e+00 0.000000000000000000e+00
6.250000000000000000e+02 2.500118703809195431e-02 2.958579881656804664e-03 9.969276285844332897e-01 0.000000000000000000e+00 1.137915339098771066e-04 0.000000000000000000e+00
6.500000000000000000e+02 2.600123451961544596e-02 2.503413746017296455e-03 9.973827947200728516e-01 0.000000000000000000e+00 1.137915339098771066e-04 0.000000000000000000e+00
6.750000000000000000e+02 2.700128200113915966e-02 1.365498406918525280e-03 9.986345015930814251e-01 0.000000000000000000e+00 0.000000000000000000e+00 0.000000000000000000e+00
7.000000000000000000e+02 2.800132948266287336e-02 3.186162949476558769e-03 9.968138370505233992e-01 0.000000000000000000e+00 0.000000000000000000e+00 0.000000000000000000e+00
7.250000000000000000e+02 2.900137696418658706e-02 2.844788347746927612e-03 9.971552116522530707e-01 0.000000000000000000e+00 0.000000000000000000e+00 0.000000000000000000e+00
7.500000000000000000e+02 3.000142444571030076e-02 5.348202093764223633e-03 9.945380063723259223e-01 0.000000000000000000e+00 1.137915339098771066e-04 0.000000000000000000e+00
7.750000000000000000e+02 3.100147192723379241e-02 3.072371415566681717e-03 9.968138370505233992e-01 0.000000000000000000e+00 1.137915339098771066e-04 0.000000000000000000e+00
8.000000000000000000e+02 3.200151940875750611e-02 3.186162949476558769e-03 9.965862539827037292e-01 0.000000000000000000e+00 2.275830678197542133e-04 0.000000000000000000e+00
8.250000000000000000e+02 3.300156689028121981e-02 5.575785161583977738e-03 9.941966317705962508e-01 0.000000000000000000e+00 2.275830678197542133e-04 0.000000000000000000e+00
8.500000000000000000e+02 3.400161437180493351e-02 5.234410559854347014e-03 9.943104233045061413e-01 0.000000000000000000e+00 4.551661356395084266e-04 0.000000000000000000e+00
8.750000000000000000e+02 3.500166185332864721e-02 6.372325898953117539e-03 9.936276741010469093e-01 0.000000000000000000e+00 0.000000000000000000e+00 0.000000000000000000e+00
9.000000000000000000e+02 3.600170933485236091e-02 8.989531178880291046e-03 9.907828857532999800e-01 0.000000000000000000e+00 2.275830678197542133e-04 0.000000000000000000e+00
9.250000000000000000e+02 3.700175681637585257e-02 7.282658170232134826e-03 9.924897587619481154e-01 0.000000000000000000e+00 2.275830678197542133e-04 0.000000000000000000e+00
9.500000000000000000e+02 3.800180429789956627e-02 9.103322712790167665e-03 9.905553026854801990e-01 0.000000000000000000e+00 3.413746017296313199e-04 0.000000000000000000e+00
9.750000000000000000e+02 3.900185177942327996e-02 7.737824305871643035e-03 9.916932180245789930e-01 0.000000000000000000e+00 5.689576695493854790e-04 0.000000000000000000e+00
1.000000000000000000e+03 4.000189926094699366e-02 5.689576695493855224e-03 9.937414656349567998e-01 0.000000000000000000e+00 5.689576695493854790e-04 0.000000000000000000e+00
1.025000000000000000e+03 4.100194674247070736e-02 9.444697314519799256e-03 9.902139280837505275e-01 0.000000000000000000e+00 3.413746017296313199e-04 0.000000000000000000e+00
1.050000000000000000e+03 4.200199422399442106e-02 9.558488848429677609e-03 9.901001365498406370e-01 0.000000000000000000e+00 3.413746017296313199e-04 0.000000000000000000e+00
1.075000000000000000e+03 4.300204170551791272e-02 1.149294492489758707e-02 9.881656804733728316e-01 0.000000000000000000e+00 3.413746017296313199e-04 0.000000000000000000e+00
1.100000000000000000e+03 4.400208918704162642e-02 1.240327719617660522e-02 9.868001820664542567e-01 0.000000000000000000e+00 7.965407373691396923e-04 0.000000000000000000e+00
1.125000000000000000e+03 4.500213666856534012e-02 1.228948566226672687e-02 9.871415566681839282e-01 0.000000000000000000e+00 5.689576695493854790e-04 0.000000000000000000e+00
1.150000000000000000e+03 4.600218415008905382e-02 1.149294492489758707e-02 9.882794720072826111e-01 0.000000000000000000e+00 2.275830678197542133e-04 0.000000000000000000e+00
1.175000000000000000e+03 4.700223163161276752e-02 1.160673645880746542e-02 9.881656804733728316e-01 0.000000000000000000e+00 2.275830678197542133e-04 0.000000000000000000e+00
1.200000000000000000e+03 4.800227911313625917e-02 1.194811106053709528e-02 9.877105143377332697e-01 0.000000000000000000e+00 3.413746017296313199e-04 0.000000000000000000e+00
1.225000000000000000e+03 4.900232659465997287e-02 1.217569412835685025e-02 9.869139736003641472e-01 0.000000000000000000e+00 9.103322712790168532e-04 0.000000000000000000e+00
1.250000000000000000e+03 5.000237407618368657e-02 1.729631315430131891e-02 9.816795630405097395e-01 0.000000000000000000e+00 1.024123805188893906e-03 0.000000000000000000e+00
1.275000000000000000e+03 5.100242155770740027e-02 1.502048247610377786e-02 9.846381429221665593e-01 0.000000000000000000e+00 3.413746017296313199e-04 0.000000000000000000e+00
1.300000000000000000e+03 5.200246903923111397e-02 1.979972690031861493e-02 9.795175238962221531e-01 0.000000000000000000e+00 6.827492034592626399e-04 0.000000000000000000e+00
1.325000000000000000e+03 5.300251652075482767e-02 1.467910787437414627e-02 9.847519344560764498e-01 0.000000000000000000e+00 5.689576695493854790e-04 0.000000000000000000e+00
1.350000000000000000e+03 5.400256400227831932e-02 1.854802002730996865e-02 9.805416477014110566e-01 0.000000000000000000e+00 9.103322712790168532e-04 0.000000000000000000e+00
1.375000000000000000e+03 5.500261148380203302e-02 2.184797451069640448e-02 9.770141101502047842e-01 0.000000000000000000e+00 1.137915339098770958e-03 0.000000000000000000e+00
1.400000000000000000e+03 5.600265896532574672e-02 2.332726445152480746e-02 9.753072371415566488e-01 0.000000000000000000e+00 1.365498406918525280e-03 0.000000000000000000e+00
1.425000000000000000e+03 5.700270644684946042e-02 2.708238507055074976e-02 9.708693673190714746e-01 0.000000000000000000e+00 2.048247610377787811e-03 0.000000000000000000e+00
1.450000000000000000e+03 5.800275392837317412e-02 2.457897132453345374e-02 9.741693218024578549e-01 0.000000000000000000e+00 1.251706873008648227e-03 0.000000000000000000e+00
1.475000000000000000e+03 5.900280140989666577e-02 3.254437869822485174e-02 9.664314974965863003e-01 0.000000000000000000e+00 1.024123805188893906e-03 0.000000000000000000e+00
1.500000000000000000e+03 6.000284889142037947e-02 2.708238507055074976e-02 9.717796995903504875e-01 0.000000000000000000e+00 1.137915339098770958e-03 0.000000000000000000e+00
1.525000000000000000e+03 6.100289637294409317e-02 2.480655439235321044e-02 9.736003641329085134e-01 0.000000000000000000e+00 1.593081474738279385e-03 0.000000000000000000e+00
1.550000000000000000e+03 6.200294385446780687e-02 3.299954483386435822e-02 9.658625398270368478e-01 0.000000000000000000e+00 1.137915339098770958e-03 0.000000000000000000e+00
1.575000000000000000e+03 6.300299133599152057e-02 3.277196176604460498e-02 9.647246244879380539e-01 0.000000000000000000e+00 2.503413746017296455e-03 0.000000000000000000e+00
1.600000000000000000e+03 6.400303881751523427e-02 4.164770141101502288e-02 9.559626763768775959e-01 0.000000000000000000e+00 2.389622212107419402e-03 0.000000000000000000e+00
1.625000000000000000e+03 6.500308629903872593e-02 2.674101046882111990e-02 9.717796995903504875e-01 0.000000000000000000e+00 1.479289940828402332e-03 0.000000000000000000e+00
1.650000000000000000e+03 6.600313378056243963e-02 3.709604005461993731e-02 9.611970869367318926e-01 0.000000000000000000e+00 1.706873008648156654e-03 0.000000000000000000e+00
1.675000000000000000e+03 6.700318126208615332e-02 4.335457441966317910e-02 9.548247610377788019e-01 0.000000000000000000e+00 1.820664542558033706e-03 0.000000000000000000e+00
1.700000000000000000e+03 6.800322874360986702e-02 4.107874374146563284e-02 9.559626763768775959e-01 0.000000000000000000e+00 2.958579881656804664e-03 0.000000000000000000e+00
1.725000000000000000e+03 6.900327622513358072e-02 4.483386436049158208e-02 9.514110150204825311e-01 0.000000000000000000e+00 3.755120619025944465e-03 0.000000000000000000e+00
1.750000000000000000e+03 7.000332370665729442e-02 4.881656804733727761e-02 9.481110605370960398e-01 0.000000000000000000e+00 3.072371415566681717e-03 0.000000000000000000e+00
1.775000000000000000e+03 7.100337118818078608e-02 5.473372781065088954e-02 9.408284023668639362e-01 0.000000000000000000e+00 4.437869822485207214e-03 0.000000000000000000e+00
1.800000000000000000e+03 7.200341866970449978e-02 5.382339553937186966e-02 9.426490669094219621e-01 0.000000000000000000e+00 3.527537551206190360e-03 0.000000000000000000e+00
1.825000000000000000e+03 7.300346615122821348e-02 5.712335002275830548e-02 9.387801547564861293e-01 0.000000000000000000e+00 4.096495220755575623e-03 0.000000000000000000e+00
1.850000000000000000e+03 7.400351363275192718e-02 6.326809285389166371e-02 9.318388711879835862e-01 0.000000000000000000e+00 4.893035958124715423e-03 0.000000000000000000e+00
1.875000000000000000e+03 7.500356111427564088e-02 7.077833409194356218e-02 9.243286299499317016e-01 0.000000000000000000e+00 4.893035958124715423e-03 0.000000000000000000e+00
1.900000000000000000e+03 7.600360859579913253e-02 7.305416477014110843e-02 9.208010923987255403e-01 0.000000000000000000e+00 6.144742831133363434e-03 0.000000000000000000e+00
1.925000000000000000e+03 7.700365607732284623e-02 8.079198907601274626e-02 9.106736458807465073e-01 0.000000000000000000e+00 8.534365043240782836e-03 0.000000000000000000e+00
1.950000000000000000e+03 7.800370355884655993e-02 9.922621756941284177e-02 8.916704597177970149e-01 0.000000000000000000e+00 9.103322712790167665e-03 0.000000000000000000e+00
1.975000000000000000e+03 7.900375104037027363e-02 1.074192080109239861e-01 8.812016385980883104e-01 0.000000000000000000e+00 1.137915339098771045e-02 0.000000000000000000e+00
2.000000000000000000e+03 8.000379852189398733e-02 1.120846609012289552e-01 8.766499772416932457e-01 0.000000000000000000e+00 1.126536185707783383e-02 0.000000000000000000e+00
2.025000000000000000e+03 8.100384600341770103e-02 1.081019572143832458e-01 8.768775603095130267e-01 0.000000000000000000e+00 1.502048247610377786e-02 0.000000000000000000e+00
2.050000000000000000e+03 8.200389348494119268e-02 1.238051888939462886e-01 8.576467910787437532e-01 0.000000000000000000e+00 1.854802002730996865e-02 0.000000000000000000e+00
2.075000000000000000e+03 8.300394096646490638e-02 1.389394629039599482e-01 8.389849795175239322e-01 0.000000000000000000e+00 2.207555757851615771e-02 0.000000000000000000e+00
2.100000000000000000e+03 8.400398844798862008e-02 1.536185707783341015e-01 8.202093764223942207e-01 0.000000000000000000e+00 2.617205279927173334e-02 0.000000000000000000e+00
2.125000000000000000e+03 8.500403592951233378e-02 1.621529358215748617e-01 8.068957669549385869e-01 0.000000000000000000e+00 3.095129722348657214e-02 0.000000000000000000e+00
2.150000000000000000e+03 8.600408341103604748e-02 1.777423759672280279e-01 7.865270823850705195e-01 2.275830678197542133e-04 3.550295857988165771e-02 0.000000000000000000e+00
2.175000000000000000e+03 8.700413089255953913e-02 1.796768320436959443e-01 7.803823395539372099e-01 2.275830678197542133e-04 3.971324533454710648e-02 0.000000000000000000e+00
2.200000000000000000e+03 8.800417837408325283e-02 2.132453345471096995e-01 7.327036868456986429e-01 5.689576695493854790e-04 5.348202093764223980e-02 0.000000000000000000e+00
2.225000000000000000e+03 8.900422585560696653e-02 2.340691852526172179e-01 7.031178880291306665e-01 5.689576695493854790e-04 6.224396904870277414e-02 0.000000000000000000e+00
2.250000000000000000e+03 9.000427333713068023e-02 2.377105143377332697e-01 6.919663177059627301e-01 1.479289940828402332e-03 6.884387801547564578e-02 0.000000000000000000e+00
2.275000000000000000e+03 9.100432081865439393e-02 2.309968138370505353e-01 6.870732817478379939e-01 3.072371415566681717e-03 7.885753299954482987e-02 0.000000000000000000e+00
2.300000000000000000e+03 9.200436830017810763e-02 2.572826581702321591e-01 6.418980427856167958e-01 3.755120619025944465e-03 9.706417842512517213e-02 0.000000000000000000e+00
2.325000000000000000e+03 9.300441578170159929e-02 2.756030951297223641e-01 6.118570778334091465e-01 4.210286754665453109e-03 1.083295402822029990e-01 0.000000000000000000e+00
2.350000000000000000e+03 9.400446326322531299e-02 2.761720527992717611e-01 5.890987710514338227e-01 7.168866636322257339e-03 1.275603095129722309e-01 0.000000000000000000e+00
2.375000000000000000e+03 9.500451074474902668e-02 3.070095584888484219e-01 5.423304506144742687e-01 8.989531178880291046e-03 1.416704597177969871e-01 0.000000000000000000e+00
2.400000000000000000e+03 9.600455822627274038e-02 3.276058261265361593e-01 4.989758761948110966e-01 1.058261265361857065e-02 1.628356850250341492e-01 0.000000000000000000e+00
2.425000000000000000e+03 9.700460570779645408e-02 3.422849340009103125e-01 4.670004551661356418e-01 1.263086026399635846e-02 1.780837505689576716e-01 0.000000000000000000e+00
2.450000000000000000e+03 9.800465318932016778e-02 3.363677742375967283e-01 4.483386436049158208e-01 1.490669094219390124e-02 2.003868912152935722e-01 0.000000000000000000e+00
2.475000000000000000e+03 9.900470067084365944e-02 3.373918980427856318e-01 4.200045516613564178e-01 1.934456076467910846e-02 2.232589895311788697e-01 0.000000000000000000e+00
2.500000000000000000e+03 1.000047481523673731e-01 3.512744651797906070e-01 3.921256258534365213e-01 2.469276285844333035e-02 2.319071461083295482e-01 0.000000000000000000e+00
2.525000000000000000e+03 1.010047956338910868e-01 3.625398270368684339e-01 3.645880746472462408e-01 2.822030040964952288e-02 2.446517979062357850e-01 0.000000000000000000e+00
2.550000000000000000e+03 1.020048431154148005e-01 3.517296313154301135e-01 3.654984069185252538e-01 3.026854802002730896e-02 2.525034137460173134e-01 0.000000000000000000e+00
2.575000000000000000e+03 1.030048905969385142e-01 3.599226217569412856e-01 3.542330450614474269e-01 3.174783796085571541e-02 2.540964952207555583e-01 0.000000000000000000e+00
2.600000000000000000e+03 1.040049380784620059e-01 3.814292216659080359e-01 3.281747837960855563e-01 4.039599453800637313e-02 2.500000000000000000e-01 0.000000000000000000e+00
2.625000000000000000e+03 1.050049855599857196e-01 3.839326354119253493e-01 3.098543468365953513e-01 4.085116067364587961e-02 2.653618570778333852e-01 0.000000000000000000e+00
2.650000000000000000e+03 1.060050330415094333e-01 3.662949476558943762e-01 3.165680473372781134e-01 4.893035958124715423e-02 2.682066454255803145e-01 0.000000000000000000e+00
2.675000000000000000e+03 1.070050805230331470e-01 3.890532544378698110e-01 3.001820664542558248e-01 4.608557123350022489e-02 2.646791078743741532e-01 0.000000000000000000e+00
2.700000000000000000e+03 1.080051280045568607e-01 3.903049613108784954e-01 2.994993172507965373e-01 5.063723258989531045e-02 2.595584888484296915e-01 0.000000000000000000e+00
2.725000000000000000e+03 1.090051754860805744e-01 3.931497496586254248e-01 2.926718252162039402e-01 5.518889394629039602e-02 2.589895311788802945e-01 0.000000000000000000e+00
2.750000000000000000e+03 1.100052229676040660e-01 4.140873918980427781e-01 2.793582157487483064e-01 5.996813837050523482e-02 2.465862539827036737e-01 0.000000000000000000e+00
2.775000000000000000e+03 1.110052704491277797e-01 4.000910332271279124e-01 2.732134729176149412e-01 6.611288120163859305e-02 2.605826126536185949e-01 0.000000000000000000e+00
2.800000000000000000e+03 1.120053179306514934e-01 4.097633136094674389e-01 2.667273554847519601e-01 7.430587164314975124e-02 2.492034592626308498e-01 0.000000000000000000e+00
2.825000000000000000e+03 1.130053654121752071e-01 4.280837505689576439e-01 2.478379608557123304e-01 7.157487482931269851e-02 2.525034137460173134e-01 0.000000000000000000e+00
2.850000000000000000e+03 1.140054128936989208e-01 4.241010468821119761e-01 2.455621301775147980e-01 7.783340919435594030e-02 2.525034137460173134e-01 0.000000000000000000e+00
2.875000000000000000e+03 1.150054603752226345e-01 4.235320892125625791e-01 2.415794264906691025e-01 8.454710969503868856e-02 2.503413746017296160e-01 0.000000000000000000e+00
2.900000000000000000e+03 1.160055078567461262e-01 4.292216659080564378e-01 2.316795630405097950e-01 9.069185252617205373e-02 2.484069185252617273e-01 0.000000000000000000e+00
2.925000000000000000e+03 1.170055553382698399e-01 4.196631770596267463e-01 2.264451524806554428e-01 9.695038689121529552e-02 2.569412835685024876e-01 0.000000000000000000e+00
2.950000000000000000e+03 1.180056028197935536e-01 4.354802002730996935e-01 2.204142011834319403e-01 9.842967683204369156e-02 2.456759217114246607e-01 0.000000000000000000e+00
2.975000000000000000e+03 1.190056503013172673e-01 4.385525716886663483e-01 2.159763313609467383e-01 1.020710059171597572e-01 2.434000910332271284e-01 0.000000000000000000e+00
3.000000000000000000e+03 1.200056977828409810e-01 4.456076467910787264e-01 2.082385070550751005e-01 9.717796995903504875e-02 2.489758761948110966e-01 0.000000000000000000e+00
3.025000000000000000e+03 1.210057452643644726e-01 4.582385070550751283e-01 2.025489303595812418e-01 1.003641329085116080e-01 2.388484296768320359e-01 0.000000000000000000e+00
3.050000000000000000e+03 1.220057927458881863e-01 4.435593991807009751e-01 2.111970869367319203e-01 1.067364588074647264e-01 2.385070550751024199e-01 0.000000000000000000e+00
3.075000000000000000e+03 1.230058402274119000e-01 4.585798816568047442e-01 1.964041875284478766e-01 1.045744196631770567e-01 2.404415111515703363e-01 0.000000000000000000e+00
3.100000000000000000e+03 1.240058877089356137e-01 4.567592171142467183e-01 1.946973145197997135e-01 1.124260355029585851e-01 2.361174328629949970e-01 0.000000000000000000e+00
3.125000000000000000e+03 1.250059351904593274e-01 4.581247155211652378e-01 1.862767410104688159e-01 1.107191624943104219e-01 2.448793809740555383e-01 0.000000000000000000e+00
3.150000000000000000e+03 1.260059826719830411e-01 4.615384615384615641e-01 1.886663632225762388e-01 1.076467910787437393e-01 2.421483841602184717e-01 0.000000000000000000e+00
3.175000000000000000e+03 1.270060301535065328e-01 4.761037778789258268e-01 1.845698680018206528e-01 1.029813381884387841e-01 2.363450159308147502e-01 0.000000000000000000e+00
3.200000000000000000e+03 1.280060776350302465e-01 4.932862994993172379e-01 1.709148839326354030e-01 1.065088757396449731e-01 2.292899408284023721e-01 0.000000000000000000e+00
3.225000000000000000e+03 1.290061251165539602e-01 4.816795630405097950e-01 1.704597177969958965e-01 1.092398725534820259e-01 2.386208466090122826e-01 0.000000000000000000e+00
3.250000000000000000e+03 1.300061725980776739e-01 4.852071005917159563e-01 1.654528903049612976e-01 1.092398725534820259e-01 2.401001365498406925e-01 0.000000000000000000e+00
3.275000000000000000e+03 1.310062200796013876e-01 4.835002275830678209e-01 1.642011834319526686e-01 1.168639053254437871e-01 2.354346836595357373e-01 0.000000000000000000e+00
3.300000000000000000e+03 1.320062675611248793e-01 4.887346381429221731e-01 1.619253527537551085e-01 1.170914883932635403e-01 2.322485207100591642e-01 0.000000000000000000e+00
3.325000000000000000e+03 1.330063150426485930e-01 4.967000455166135642e-01 1.562357760582612776e-01 1.187983614019117035e-01 2.282658170232134687e-01 0.000000000000000000e+00
3.350000000000000000e+03 1.340063625241723066e-01 4.858898497951752438e-01 1.612426035502958488e-01 1.244879380974055483e-01 2.283796085571233592e-01 0.000000000000000000e+00
3.375000000000000000e+03 1.350064100056960203e-01 4.936276741010469093e-01 1.555530268548019901e-01 1.247155211652253015e-01 2.261037778789257990e-01 0.000000000000000000e+00
3.400000000000000000e+03 1.360064574872197340e-01 5.077378243058716656e-01 1.498634501593081592e-01 1.307464724624488039e-01 2.116522530723714268e-01 0.000000000000000000e+00
3.425000000000000000e+03 1.370065049687434477e-01 5.047792444242148457e-01 1.453117888029130667e-01 1.308602639963586667e-01 2.190487027765134209e-01 0.000000000000000000e+00
3.450000000000000000e+03 1.380065524502669394e-01 5.143377332726445372e-01 1.428083750568957533e-01 1.331360946745562268e-01 2.097177969959035104e-01 0.000000000000000000e+00
3.475000000000000000e+03 1.390065999317906531e-01 5.267410104688211581e-01 1.400773782430587144e-01 1.315430131998179264e-01 2.016385980883022289e-01 0.000000000000000000e+00
3.500000000000000000e+03 1.400066474133143668e-01 5.185480200273099305e-01 1.461083295402822169e-01 1.327947200728265831e-01 2.025489303595812418e-01 0.000000000000000000e+00
3.525000000000000000e+03 1.410066948948380805e-01 5.276513427401001710e-01 1.378015475648611821e-01 1.398497951752389612e-01 1.946973145197997135e-01 0.000000000000000000e+00
3.550000000000000000e+03 1.420067423763617942e-01 5.292444242148384159e-01 1.364360491579426626e-01 1.370050068274920319e-01 1.973145197997268896e-01 0.000000000000000000e+00
3.575000000000000000e+03 1.430067898578855079e-01 5.335685025034136997e-01 1.332498862084660896e-01 1.417842512517068776e-01 1.913973600364132777e-01 0.000000000000000000e+00
3.600000000000000000e+03 1.440068373394089996e-01 5.360719162494310686e-01 1.293809740555302568e-01 1.359808830223031284e-01 1.985662266727355463e-01 0.000000000000000000e+00
3.625000000000000000e+03 1.450068848209327133e-01 5.332271279016841392e-01 1.255120619025944517e-01 1.364360491579426626e-01 2.048247610377788019e-01 0.000000000000000000e+00
3.650000000000000000e+03 1.460069323024564270e-01 5.485889849795174689e-01 1.216431497496586189e-01 1.389394629039599482e-01 1.908284023668639084e-01 0.000000000000000000e+00
3.675000000000000000e+03 1.470069797839801407e-01 5.397132453345471204e-01 1.214155666818388657e-01 1.390532544378698110e-01 1.998179335457442030e-01 0.000000000000000000e+00
3.700000000000000000e+03 1.480070272655038544e-01 5.360719162494310686e-01 1.223258989531178925e-01 1.379153390987710448e-01 2.036868456986800080e-01 0.000000000000000000e+00
3.725000000000000000e+03 1.490070747470273460e-01 5.653163404642694845e-01 1.127674101046882149e-01 1.351843422849340060e-01 1.867319071461083224e-01 0.000000000000000000e+00
3.750000000000000000e+03 1.500071222285510597e-01 5.733955393718707105e-01 1.067364588074647264e-01 1.289258079198907503e-01 1.909421939007737712e-01 0.000000000000000000e+00
3.775000000000000000e+03 1.510071697100747734e-01 5.703231679563040002e-01 1.054847519344560697e-01 1.310878470641784199e-01 1.931042330450614408e-01 0.000000000000000000e+00
3.800000000000000000e+03 1.520072171915984871e-01 5.535958124715520956e-01 1.033227127901684139e-01 1.290395994538006408e-01 2.140418752844788219e-01 0.000000000000000000e+00
3.825000000000000000e+03 1.530072646731222008e-01 5.644060081929904715e-01 1.055985434683659602e-01 1.334774692762858428e-01 1.965179790623577671e-01 0.000000000000000000e+00
3.850000000000000000e+03 1.540073121546459145e-01 5.665680473372780579e-01 1.027537551206190308e-01 1.409877105143377274e-01 1.896904870277651423e-01 0.000000000000000000e+00
3.875000000000000000e+03 1.550073596361694062e-01 5.653163404642694845e-01 1.016158397815202508e-01 1.431497496586253970e-01 1.899180700955848955e-01 0.000000000000000000e+00
3.900000000000000000e+03 1.560074071176931199e-01 5.687300864815657553e-01 1.029813381884387841e-01 1.462221210741920796e-01 1.820664542558033672e-01 0.000000000000000000e+00
3.925000000000000000e+03 1.570074545992168336e-01 5.663404642694583879e-01 1.011606736458807443e-01 1.486117432862995025e-01 1.838871187983613931e-01 0.000000000000000000e+00
3.950000000000000000e+03 1.580075020807405473e-01 5.689576695493855363e-01 9.535730541647700897e-02 1.462221210741920796e-01 1.894629039599453890e-01 0.000000000000000000e+00
3.975000000000000000e+03 1.590075495622642610e-01 5.774920345926263243e-01 9.979517523896222486e-02 1.461083295402822169e-01 1.766044606281292617e-01 0.000000000000000000e+00
4.000000000000000000e+03 1.600075970437877526e-01 5.880746472462449193e-01 1.002503413746017313e-01 1.383705052344105513e-01 1.733045061447428259e-01 0.000000000000000000e+00
4.025000000000000000e+03 1.610076445253114663e-01 5.889849795175239322e-01 1.009330905780609910e-01 1.422394173873463841e-01 1.678425125170687204e-01 0.000000000000000000e+00
4.050000000000000000e+03 1.620076920068351800e-01 5.720300409649522466e-01 1.026399635867091542e-01 1.522530723714155543e-01 1.730769230769230727e-01 0.000000000000000000e+00
4.075000000000000000e+03 1.630077394883588937e-01 5.768092853891670924e-01 9.854346836595356818e-02 1.441738734638143005e-01 1.804733727810650945e-01 0.000000000000000000e+00
4.100000000000000000e+03 1.640077869698826074e-01 5.927401001365498745e-01 9.660901228948566566e-02 1.461083295402822169e-01 1.645425580336822846e-01 0.000000000000000000e+00
4.125000000000000000e+03 1.650078344514063211e-01 5.947883477469276814e-01 9.763313609467455523e-02 1.458807464724624359e-01 1.616977696859353553e-01 0.000000000000000000e+00
4.150000000000000000e+03 1.660078819329298128e-01 5.993400091033227461e-01 9.285389167045972336e-02 1.431497496586253970e-01 1.646563495675921751e-01 0.000000000000000000e+00
4.175000000000000000e+03 1.670079294144535265e-01 6.159535730541647602e-01 8.921256258534364381e-02 1.429221665908056438e-01 1.519116977696859383e-01 0.000000000000000000e+00
4.200000000000000000e+03 1.680079768959772402e-01 5.898953117888029452e-01 9.512972234865725574e-02 1.514565316340464318e-01 1.635184342284934089e-01 0.000000000000000000e+00
4.225000000000000000e+03 1.690080243775009539e-01 6.030951297223486884e-01 9.467455621301774926e-02 1.470186618115612298e-01 1.552116522530723741e-01 0.000000000000000000e+00
4.250000000000000000e+03 1.700080718590246676e-01 6.157259899863449792e-01 9.262630860263997012e-02 1.428083750568957533e-01 1.488393263541192557e-01 0.000000000000000000e+00
4.275000000000000000e+03 1.710081193405483813e-01 6.078743741465635342e-01 9.000910332271279402e-02 1.416704597177969871e-01 1.604460628129267263e-01 0.000000000000000000e+00
4.300000000000000000e+03 1.720081668220718729e-01 6.112881201638598050e-01 9.319526627218935322e-02 1.383705052344105513e-01 1.571461083295402905e-01 0.000000000000000000e+00
4.325000000000000000e+03 1.730082143035955866e-01 6.160673645880746507e-01 8.579881656804733137e-02 1.418980427856167403e-01 1.562357760582612776e-01 0.000000000000000000e+00
4.350000000000000000e+03 1.740082617851193003e-01 6.168639053254437732e-01 8.966772872098316416e-02 1.459945380063723264e-01 1.474738279472007363e-01 0.000000000000000000e+00
4.375000000000000000e+03 1.750083092666430140e-01 6.281292671825216001e-01 8.488848429676831842e-02 1.411015020482476179e-01 1.458807464724624359e-01 0.000000000000000000e+00
4.400000000000000000e+03 1.760083567481667277e-01 6.286982248520710526e-01 8.693673190714611143e-02 1.400773782430587144e-01 1.442876649977241632e-01 0.000000000000000000e+00
4.425000000000000000e+03 1.770084042296902194e-01 6.347291761492944717e-01 8.466090122894856518e-02 1.440600819299044100e-01 1.365498406918525254e-01 0.000000000000000000e+00
4.450000000000000000e+03 1.780084517112139331e-01 6.348429676832043622e-01 8.488848429676831842e-02 1.479289940828402428e-01 1.323395539371870766e-01 0.000000000000000000e+00
4.475000000000000000e+03 1.790084991927376468e-01 6.277878925807920396e-01 8.579881656804733137e-02 1.480427856167501055e-01 1.383705052344105513e-01 0.000000000000000000e+00
4.500000000000000000e+03 1.800085466742613605e-01 6.448566226672735047e-01 8.249886208466089554e-02 1.478152025489303523e-01 1.248293126991351781e-01 0.000000000000000000e+00
4.525000000000000000e+03 1.810085941557850742e-01 6.391670459717796460e-01 7.999544833864360993e-02 1.477014110150204895e-01 1.331360946745562268e-01 0.000000000000000000e+00
4.550000000000000000e+03 1.820086416373087879e-01 6.400773782430587699e-01 8.306781975421029252e-02 1.510013654984069253e-01 1.258534365043240677e-01 0.000000000000000000e+00
4.575000000000000000e+03 1.830086891188322795e-01 6.307464724624487484e-01 8.431952662721893532e-02 1.537323623122439642e-01 1.312016385980883104e-01 0.000000000000000000e+00
4.600000000000000000e+03 1.840087366003559932e-01 6.338188438780154588e-01 8.443331816112881194e-02 1.528220300409649512e-01 1.289258079198907503e-01 0.000000000000000000e+00
4.625000000000000000e+03 1.850087840818797069e-01 6.399635867091488795e-01 8.636777423759672834e-02 1.500910332271279124e-01 1.235776058261265353e-01 0.000000000000000000e+00
4.650000000000000000e+03 1.860088315634034206e-01 6.426945835229859183e-01 8.568502503413745475e-02 1.546426945835229771e-01 1.169776968593536637e-01 0.000000000000000000e+00
4.675000000000000000e+03 1.870088790449271343e-01 6.338188438780154588e-01 8.670914883932635819e-02 1.569185252617205373e-01 1.225534820209376458e-01 0.000000000000000000e+00
4.700000000000000000e+03 1.880089265264506260e-01 6.335912608101956778e-01 8.750568957669549452e-02 1.605598543468365891e-01 1.183431952662721831e-01 0.000000000000000000e+00
4.725000000000000000e+03 1.890089740079743397e-01 6.317705962676376519e-01 8.864360491579426071e-02 1.596495220755575761e-01 1.199362767410104696e-01 0.000000000000000000e+00
4.750000000000000000e+03 1.900090214894980534e-01 6.347291761492944717e-01 8.932635411925353430e-02 1.596495220755575761e-01 1.162949476558944040e-01 0.000000000000000000e+00
4.775000000000000000e+03 1.910090689710217671e-01 6.436049157942649313e-01 8.716431497496586467e-02 1.618115612198452458e-01 1.074192080109239861e-01 0.000000000000000000e+00
4.800000000000000000e+03 1.920091164525454808e-01 6.466772872098316416e-01 8.898497951752389057e-02 1.603322712790168358e-01 1.040054619936276736e-01 0.000000000000000000e+00
4.825000000000000000e+03 1.930091639340691945e-01 6.333636777423760078e-01 9.057806099226217711e-02 1.634046426945835184e-01 1.126536185707783383e-01 0.000000000000000000e+00
4.850000000000000000e+03 1.940092114155926861e-01 6.416704597177970149e-01 9.148839326354119006e-02 1.662494310423304478e-01 1.005917159763313612e-01 0.000000000000000000e+00
4.875000000000000000e+03 1.950092588971163998e-01 6.364360491579426071e-01 8.579881656804733137e-02 1.654528903049612976e-01 1.123122439690487084e-01 0.000000000000000000e+00
4.900000000000000000e+03 1.960093063786401135e-01 6.438324988620847122e-01 8.716431497496586467e-02 1.669321802457897075e-01 1.020710059171597572e-01 0.000000000000000000e+00
4.925000000000000000e+03 1.970093538601638272e-01 6.415566681838871244e-01 8.955393718707328754e-02 1.719390077378243065e-01 9.695038689121529552e-02 0.000000000000000000e+00
4.950000000000000000e+03 1.980094013416875409e-01 6.456531634046427381e-01 8.841602184797450747e-02 1.684114701866181174e-01 9.751934456076467861e-02 0.000000000000000000e+00
4.975000000000000000e+03 1.990094488232112546e-01 6.432635411925352598e-01 8.579881656804733137e-02 1.686390532544378706e-01 1.022985889849795244e-01 0.000000000000000000e+00
5.000000000000000000e+03 2.000094963047347463e-01 6.388256713700500855e-01 9.114701866181156020e-02 1.722803823395539502e-01 9.774692762858443185e-02 0.000000000000000000e+00
5.025000000000000000e+03 2.010095437862584600e-01 6.391670459717796460e-01 9.046426945835230049e-02 1.756941283568502488e-01 9.467455621301774926e-02 0.000000000000000000e+00
5.050000000000000000e+03 2.020095912677821737e-01 6.506599908966772539e-01 9.251251706873007963e-02 1.694355939918070209e-01 8.739189804278561791e-02 0.000000000000000000e+00
5.075000000000000000e+03 2.030096387493058874e-01 6.454255803368229572e-01 9.365043240782885969e-02 1.684114701866181174e-01 9.239872553482020301e-02 1.137915339098771066e-04
5.100000000000000000e+03 2.040096862308296011e-01 6.491807009558488994e-01 9.626763768775603580e-02 1.655666818388711881e-01 8.898497951752389057e-02 0.000000000000000000e+00
5.125000000000000000e+03 2.050097337123530927e-01 6.565771506599908935e-01 9.456076467910787264e-02 1.686390532544378706e-01 7.999544833864360993e-02 2.275830678197542133e-04
5.150000000000000000e+03 2.060097811938768064e-01 6.447428311333637252e-01 9.774692762858443185e-02 1.708010923987255403e-01 8.659535730541648157e-02 1.137915339098771066e-04
5.175000000000000000e+03 2.070098286754005201e-01 6.454255803368229572e-01 9.877105143377332142e-02 1.713700500682749095e-01 8.443331816112881194e-02 0.000000000000000000e+00
5.200000000000000000e+03 2.080098761569242338e-01 6.560081929904415521e-01 9.387801547564861293e-02 1.692080109239872676e-01 8.090578060992262288e-02 0.000000000000000000e+00
5.225000000000000000e+03 2.090099236384479475e-01 6.602184797451069453e-01 8.909877105143376719e-02 1.690942193900773771e-01 8.158852981338188259e-02 0.000000000000000000e+00
5.250000000000000000e+03 2.100099711199716612e-01 6.557806099226217711e-01 9.478834774692762588e-02 1.725079654073737034e-01 7.692307692307692735e-02 0.000000000000000000e+00
5.275000000000000000e+03 2.110100186014951529e-01 6.609012289485661773e-01 9.228493400091032639e-02 1.697769685935366368e-01 7.692307692307692735e-02 1.137915339098771066e-04
5.300000000000000000e+03 2.120100660830188666e-01 6.590805644060081514e-01 9.330905780609922984e-02 1.706873008648156498e-01 7.680928538916705073e-02 1.137915339098771066e-04
5.325000000000000000e+03 2.130101135645425803e-01 6.538461538461538547e-01 9.922621756941284177e-02 1.772872098315885214e-01 6.952662721893490549e-02 1.137915339098771066e-04
5.350000000000000000e+03 2.140101610460662940e-01 6.589667728720982609e-01 9.421939007737824279e-02 1.789940828402366846e-01 6.781975421028675621e-02 0.000000000000000000e+00
5.375000000000000000e+03 2.150102085275900077e-01 6.574874829312699065e-01 9.524351388256713236e-02 1.818388711879836139e-01 6.531634046426945672e-02 1.137915339098771066e-04
5.400000000000000000e+03 2.160102560091137214e-01 6.593081474738279324e-01 9.672280382339554228e-02 1.807009558488848477e-01 6.315430131998178709e-02 1.137915339098771066e-04
5.425000000000000000e+03 2.170103034906372130e-01 6.544151115157031962e-01 1.002503413746017313e-01 1.832043695949021334e-01 6.201638598088302090e-02 1.137915339098771066e-04
5.450000000000000000e+03 2.180103509721609267e-01 6.561219845243514426e-01 9.865725989986344480e-02 1.827492034592626269e-01 6.247155211652252738e-02 0.000000000000000000e+00
5.475000000000000000e+03 2.190103984536846404e-01 6.554392353208920996e-01 9.672280382339554228e-02 1.868456986800182129e-01 6.087847064178425471e-02 1.137915339098771066e-04
5.500000000000000000e+03 2.200104459352083541e-01 6.578288575329995780e-01 9.797451069640418508e-02 1.862767410104688159e-01 5.791989076012744875e-02 0.000000000000000000e+00
5.525000000000000000e+03 2.210104934167320678e-01 6.587391898042785909e-01 9.604005461993628257e-02 1.836595357305416398e-01 6.156121984524351443e-02 0.000000000000000000e+00
5.550000000000000000e+03 2.220105408982555595e-01 6.549840691852526486e-01 1.001365498406918547e-01 1.842284934000910368e-01 6.065088757396449454e-02 0.000000000000000000e+00
5.575000000000000000e+03 2.230105883797792732e-01 6.595357305416477134e-01 1.021847974510696339e-01 1.804733727810650945e-01 5.769230769230769551e-02 1.137915339098771066e-04
5.600000000000000000e+03 2.240106358613029869e-01 6.602184797451069453e-01 1.016158397815202508e-01 1.876422394173873354e-01 5.052344105598543383e-02 0.000000000000000000e+00
5.625000000000000000e+03 2.250106833428267006e-01 6.670459717796995980e-01 9.979517523896222486e-02 1.819526627218935044e-01 5.109239872553481693e-02 1.137915339098771066e-04
5.650000000000000000e+03 2.260107308243504143e-01 6.662494310423304755e-01 1.012744651797906209e-01 1.850250341374601593e-01 4.745106964041875125e-02 0.000000000000000000e+00
5.675000000000000000e+03 2.270107783058741280e-01 6.591943559399180419e-01 1.032089212562585373e-01 1.909421939007737712e-01 4.665452890304961492e-02 0.000000000000000000e+00
