# itime ezz other fcc hcp bcc ico
0.000000000000000000e+00 0.000000000000000000e+00 1.251706873008648227e-03 9.987482931269913156e-01 0.000000000000000000e+00 0.000000000000000000e+00 0.000000000000000000e+00
2.500000000000000000e+02 1.000008896728354912e-03 1.251706873008648227e-03 9.987482931269913156e-01 0.000000000000000000e+00 0.000000000000000000e+00 0.000000000000000000e+00
5.000000000000000000e+02 2.000017793456709825e-03 2.275830678197542133e-04 9.997724169321802190e-01 0.000000000000000000e+00 0.000000000000000000e+00 0.000000000000000000e+00
7.500000000000000000e+02 3.000026690185064737e-03 1.137915339098770958e-03 9.988620846609012061e-01 0.000000000000000000e+00 0.000000000000000000e+00 0.000000000000000000e+00
1.000000000000000000e+03 4.000035586913419650e-03 1.024123805188893906e-03 9.989758761948110966e-01 0.000000000000000000e+00 0.000000000000000000e+00 0.000000000000000000e+00
1.250000000000000000e+03 5.000044483641552517e-03 6.827492034592626399e-04 9.993172507965407680e-01 0.000000000000000000e+00 0.000000000000000000e+00 0.000000000000000000e+00
1.500000000000000000e+03 6.000053380369907430e-03 2.048247610377787811e-03 9.979517523896221931e-01 0.000000000000000000e+00 0.000000000000000000e+00 0.000000000000000000e+00
1.750000000000000000e+03 7.000062277098262342e-03 1.820664542558033706e-03 9.980655439235320836e-01 0.000000000000000000e+00 1.137915339098771066e-04 0.000000000000000000e+00
2.000000000000000000e+03 8.000071173826617255e-03 1.934456076467910759e-03 9.980655439235320836e-01 0.000000000000000000e+00 0.000000000000000000e+00 0.000000000000000000e+00
2.250000000000000000e+03 9.000080070554972167e-03 1.137915339098770958e-03 9.988620846609012061e-01 0.000000000000000000e+00 0.000000000000000000e+00 0.000000000000000000e+00
2.500000000000000000e+03 1.000008896728332708e-02 7.965407373691396923e-04 9.992034592626308775e-01 0.000000000000000000e+00 0.000000000000000000e+00 0.000000000000000000e+00
2.750000000000000000e+03 1.100009786401168199e-02 2.162039144287664864e-03 9.978379608557123026e-01 0.000000000000000000e+00 0.000000000000000000e+00 0.000000000000000000e+00
3.000000000000000000e+03 1.200010676074003690e-02 0.000000000000000000e+00 1.000000000000000000e+00 0.000000000000000000e+00 0.000000000000000000e+00 0.000000000000000000e+00
3.250000000000000000e+03 1.300011565746839182e-02 2.617205279927173507e-03 9.973827947200728516e-01 0.000000000000000000e+00 0.000000000000000000e+00 0.000000000000000000e+00
3.500000000000000000e+03 1.400012455419674673e-02 1.251706873008648227e-03 9.987482931269913156e-01 0.000000000000000000e+00 0.000000000000000000e+00 0.000000000000000000e+00
3.750000000000000000e+03 1.500013345092487960e-02 2.275830678197542133e-04 9.997724169321802190e-01 0.000000000000000000e+00 0.000000000000000000e+00 0.000000000000000000e+00
4.000000000000000000e+03 1.600014234765323451e-02 1.365498406918525280e-03 9.986345015930814251e-01 0.000000000000000000e+00 0.000000000000000000e+00 0.000000000000000000e+00
4.250000000000000000e+03 1.700015124438158942e-02 2.275830678197541916e-03 9.977241693218024121e-01 0.000000000000000000e+00 0.000000000000000000e+00 0.000000000000000000e+00
4.500000000000000000e+03 1.800016014110994433e-02 6.827492034592626399e-04 9.993172507965407680e-01 0.000000000000000000e+00 0.000000000000000000e+00 0.000000000000000000e+00
4.750000000000000000e+03 1.900016903783829925e-02 2.275830678197541916e-03 9.974965862539827421e-01 0.000000000000000000e+00 2.275830678197542133e-04 0.000000000000000000e+00
5.000000000000000000e+03 2.000017793456665416e-02 2.275830678197541916e-03 9.977241693218024121e-01 0.000000000000000000e+00 0.000000000000000000e+00 0.000000000000000000e+00
5.250000000000000000e+03 2.100018683129500907e-02 1.934456076467910759e-03 9.979517523896221931e-01 0.000000000000000000e+00 1.137915339098771066e-04 0.000000000000000000e+00
5.500000000000000000e+03 2.200019572802336398e-02 3.072371415566681717e-03 9.969276285844332897e-01 0.000000000000000000e+00 0.000000000000000000e+00 0.000000000000000000e+00
5.750000000000000000e+03 2.300020462475171890e-02 3.299954483386436255e-03 9.962448793809740577e-01 0.000000000000000000e+00 4.551661356395084266e-04 0.000000000000000000e+00
6.000000000000000000e+03 2.400021352147985176e-02 2.844788347746927612e-03 9.970414201183431802e-01 0.000000000000000000e+00 1.137915339098771066e-04 0.000000000000000000e+00
6.250000000000000000e+03 2.500022241820820668e-02 1.820664542558033706e-03 9.980655439235320836e-01 0.000000000000000000e+00 1.137915339098771066e-04 0.000000000000000000e+00
6.500000000000000000e+03 2.600023131493656159e-02 1.593081474738279385e-03 9.984069185252617551e-01 0.000000000000000000e+00 0.000000000000000000e+00 0.000000000000000000e+00
6.750000000000000000e+03 2.700024021166491650e-02 6.144742831133363434e-03 9.938552571688666903e-01 0.000000000000000000e+00 0.000000000000000000e+00 0.000000000000000000e+00
7.000000000000000000e+03 2.800024910839327141e-02 1.365498406918525280e-03 9.985207100591716456e-01 0.000000000000000000e+00 1.137915339098771066e-04 0.000000000000000000e+00
7.250000000000000000e+03 2.900025800512162633e-02 5.689576695493855224e-03 9.943104233045061413e-01 0.000000000000000000e+00 0.000000000000000000e+00 0.000000000000000000e+00
7.500000000000000000e+03 3.000026690184998124e-02 2.048247610377787811e-03 9.978379608557123026e-01 0.000000000000000000e+00 1.137915339098771066e-04 0.000000000000000000e+00
7.750000000000000000e+03 3.100027579857833615e-02 2.275830678197541916e-03 9.977241693218024121e-01 0.000000000000000000e+00 0.000000000000000000e+00 0.000000000000000000e+00
8.000000000000000000e+03 3.200028469530669106e-02 7.396449704142011444e-03 9.923759672280382249e-01 0.000000000000000000e+00 2.275830678197542133e-04 0.000000000000000000e+00
8.250000000000000000e+03 3.300029359203504598e-02 7.055075102412380721e-03 9.927173418297678964e-01 0.000000000000000000e+00 2.275830678197542133e-04 0.000000000000000000e+00
8.500000000000000000e+03 3.400030248876317884e-02 4.779244424214838804e-03 9.952207555757851543e-01 0.000000000000000000e+00 0.000000000000000000e+00 0.000000000000000000e+00
8.750000000000000000e+03 3.500031138549153376e-02 3.641329085116067413e-03 9.962448793809740577e-01 0.000000000000000000e+00 1.137915339098771066e-04 0.000000000000000000e+00
9.000000000000000000e+03 3.600032028221988867e-02 6.713700500682749130e-03 9.930587164314974569e-01 0.000000000000000000e+00 2.275830678197542133e-04 0.000000000000000000e+00
9.250000000000000000e+03 3.700032917894824358e-02 8.648156577150659455e-03 9.911242603550295405e-01 0.000000000000000000e+00 2.275830678197542133e-04 0.000000000000000000e+00
9.500000000000000000e+03 3.800033807567659849e-02 4.665452890304961318e-03 9.952207555757851543e-01 0.000000000000000000e+00 1.137915339098771066e-04 0.000000000000000000e+00
9.750000000000000000e+03 3.900034697240495341e-02 7.851615839781519654e-03 9.919208010923987739e-01 0.000000000000000000e+00 2.275830678197542133e-04 0.000000000000000000e+00
1.000000000000000000e+04 4.000035586913330832e-02 5.348202093764223633e-03 9.945380063723259223e-01 0.000000000000000000e+00 1.137915339098771066e-04 0.000000000000000000e+00
1.025000000000000000e+04 4.100036476586166323e-02 7.396449704142011444e-03 9.924897587619481154e-01 0.000000000000000000e+00 1.137915339098771066e-04 0.000000000000000000e+00
1.050000000000000000e+04 4.200037366259001814e-02 8.192990441511151245e-03 9.913518434228493215e-01 0.000000000000000000e+00 4.551661356395084266e-04 0.000000000000000000e+00
1.075000000000000000e+04 4.300038255931837305e-02 7.396449704142011444e-03 9.921483841602184439e-01 0.000000000000000000e+00 4.551661356395084266e-04 0.000000000000000000e+00
1.100000000000000000e+04 4.400039145604650592e-02 8.875739644970414427e-03 9.905553026854801990e-01 0.000000000000000000e+00 5.689576695493854790e-04 0.000000000000000000e+00
1.125000000000000000e+04 4.500040035277486083e-02 9.103322712790167665e-03 9.905553026854801990e-01 0.000000000000000000e+00 3.413746017296313199e-04 0.000000000000000000e+00
1.150000000000000000e+04 4.600040924950321575e-02 8.079198907601274626e-03 9.915794264906691025e-01 0.000000000000000000e+00 3.413746017296313199e-04 0.000000000000000000e+00
1.175000000000000000e+04 4.700041814623157066e-02 7.396449704142011444e-03 9.922621756941283344e-01 0.000000000000000000e+00 3.413746017296313199e-04 0.000000000000000000e+00
1.200000000000000000e+04 4.800042704295992557e-02 1.741010468821119553e-02 9.822485207100591920e-01 0.000000000000000000e+00 3.413746017296313199e-04 0.000000000000000000e+00
1.225000000000000000e+04 4.900043593968828048e-02 1.479289940828402289e-02 9.849795175238962308e-01 0.000000000000000000e+00 2.275830678197542133e-04 0.000000000000000000e+00
1.250000000000000000e+04 5.000044483641663540e-02 1.092398725534820224e-02 9.887346381429221731e-01 0.000000000000000000e+00 3.413746017296313199e-04 0.000000000000000000e+00
1.275000000000000000e+04 5.100045373314499031e-02 1.160673645880746542e-02 9.878243058716431602e-01 0.000000000000000000e+00 5.689576695493854790e-04 0.000000000000000000e+00
1.300000000000000000e+04 5.200046262987334522e-02 1.445152480655439303e-02 9.844105598543468894e-01 0.000000000000000000e+00 1.137915339098770958e-03 0.000000000000000000e+00
1.325000000000000000e+04 5.300047152660147809e-02 1.843422849340009204e-02 9.807692307692307265e-01 0.000000000000000000e+00 7.965407373691396923e-04 0.000000000000000000e+00
1.350000000000000000e+04 5.400048042332983300e-02 2.344105598543468408e-02 9.751934456076467583e-01 0.000000000000000000e+00 1.365498406918525280e-03 0.000000000000000000e+00
1.375000000000000000e+04 5.500048932005818791e-02 1.809285389167045871e-02 9.813381884387801790e-01 0.000000000000000000e+00 5.689576695493854790e-04 0.000000000000000000e+00
1.400000000000000000e+04 5.600049821678654283e-02 1.718252162039144229e-02 9.814519799726900695e-01 0.000000000000000000e+00 1.365498406918525280e-03 0.000000000000000000e+00
1.425000000000000000e+04 5.700050711351489774e-02 2.082385070550751144e-02 9.778106508875740177e-01 0.000000000000000000e+00 1.365498406918525280e-03 0.000000000000000000e+00
1.450000000000000000e+04 5.800051601024325265e-02 2.594446973145198010e-02 9.730314064633591720e-01 0.000000000000000000e+00 1.024123805188893906e-03 0.000000000000000000e+00
1.475000000000000000e+04 5.900052490697160756e-02 2.048247610377787811e-02 9.783796085571233592e-01 0.000000000000000000e+00 1.137915339098770958e-03 0.000000000000000000e+00
1.500000000000000000e+04 6.000053380369996248e-02 2.605826126536185672e-02 9.730314064633591720e-01 0.000000000000000000e+00 9.103322712790168532e-04 0.000000000000000000e+00
1.525000000000000000e+04 6.100054270042831739e-02 3.083750568957669552e-02 9.681383705052344357e-01 0.000000000000000000e+00 1.024123805188893906e-03 0.000000000000000000e+00
1.550000000000000000e+04 6.200055159715667230e-02 3.129267182521620200e-02 9.676832043695948737e-01 0.000000000000000000e+00 1.024123805188893906e-03 0.000000000000000000e+00
1.575000000000000000e+04 6.300056049388480517e-02 2.935821574874829254e-02 9.685935366408738867e-01 0.000000000000000000e+00 2.048247610377787811e-03 0.000000000000000000e+00
1.600000000000000000e+04 6.400056939061316008e-02 3.049613108784706567e-02 9.687073281747837772e-01 0.000000000000000000e+00 7.965407373691396923e-04 0.000000000000000000e+00
1.625000000000000000e+04 6.500057828734151499e-02 3.766499772416932040e-02 9.607419208010924416e-01 0.000000000000000000e+00 1.593081474738279385e-03 0.000000000000000000e+00
1.650000000000000000e+04 6.600058718406986991e-02 4.198907601274465273e-02 9.552799271734182529e-01 0.000000000000000000e+00 2.730996813837050560e-03 0.000000000000000000e+00
1.675000000000000000e+04 6.700059608079822482e-02 3.675466545289030745e-02 9.606281292671825511e-01 0.000000000000000000e+00 2.617205279927173507e-03 0.000000000000000000e+00
1.700000000000000000e+04 6.800060497752657973e-02 3.914428766499772339e-02 9.591488393263540857e-01 0.000000000000000000e+00 1.706873008648156654e-03 0.000000000000000000e+00
1.725000000000000000e+04 6.900061387425493464e-02 4.631315430131998506e-02 9.511834319526627501e-01 0.000000000000000000e+00 2.503413746017296455e-03 0.000000000000000000e+00
1.750000000000000000e+04 7.000062277098328956e-02 5.370960400546199304e-02 9.423076923076922906e-01 0.000000000000000000e+00 3.982703686845699004e-03 0.000000000000000000e+00
1.775000000000000000e+04 7.100063166771164447e-02 4.904415111515703085e-02 9.477696859353663683e-01 0.000000000000000000e+00 3.186162949476558769e-03 0.000000000000000000e+00
1.800000000000000000e+04 7.200064056443977734e-02 5.484751934456076616e-02 9.410559854346836062e-01 0.000000000000000000e+00 4.096495220755575623e-03 0.000000000000000000e+00
1.825000000000000000e+04 7.300064946116813225e-02 5.837505689576695522e-02 9.370732817478379939e-01 0.000000000000000000e+00 4.551661356395083832e-03 0.000000000000000000e+00
1.850000000000000000e+04 7.400065835789648716e-02 6.895766954938552240e-02 9.262630860263996180e-01 0.000000000000000000e+00 4.779244424214838804e-03 0.000000000000000000e+00
1.875000000000000000e+04 7.500066725462484207e-02 7.134729176149294527e-02 9.230769230769231282e-01 0.000000000000000000e+00 5.575785161583977738e-03 0.000000000000000000e+00
1.900000000000000000e+04 7.600067615135319699e-02 8.022303140646336317e-02 9.110150204824760678e-01 0.000000000000000000e+00 8.761948111060537808e-03 0.000000000000000000e+00
1.925000000000000000e+04 7.700068504808155190e-02 7.954028220300408958e-02 9.127218934911243142e-01 0.000000000000000000e+00 7.737824305871643035e-03 0.000000000000000000e+00
1.950000000000000000e+04 7.800069394480990681e-02 8.625398270368685172e-02 9.068047337278106745e-01 0.000000000000000000e+00 6.941283568502503235e-03 0.000000000000000000e+00
1.975000000000000000e+04 7.900070284153826172e-02 9.922621756941284177e-02 8.867774237596722786e-01 0.000000000000000000e+00 1.399635867091488309e-02 0.000000000000000000e+00
2.000000000000000000e+04 8.000071173826661663e-02 1.129949931725079681e-01 8.706190259444697155e-01 0.000000000000000000e+00 1.638598088302230249e-02 0.000000000000000000e+00
2.025000000000000000e+04 8.100072063499497155e-02 1.085571233500227523e-01 8.766499772416932457e-01 0.000000000000000000e+00 1.479289940828402289e-02 0.000000000000000000e+00
2.050000000000000000e+04 8.200072953172310442e-02 1.213017751479289891e-01 8.627674101046881594e-01 0.000000000000000000e+00 1.593081474738279601e-02 0.000000000000000000e+00
2.075000000000000000e+04 8.300073842845145933e-02 1.249431042330450548e-01 8.545744196631770428e-01 0.000000000000000000e+00 2.048247610377787811e-02 0.000000000000000000e+00
2.100000000000000000e+04 8.400074732517981424e-02 1.733045061447428259e-01 7.900546199362767918e-01 0.000000000000000000e+00 3.664087391898043083e-02 0.000000000000000000e+00
2.125000000000000000e+04 8.500075622190816915e-02 1.964041875284478766e-01 7.274692762858443462e-01 1.137915339098771066e-04 7.601274465179790052e-02 0.000000000000000000e+00
2.150000000000000000e+04 8.600076511863652406e-02 2.133591260810195622e-01 7.044833864360491305e-01 3.186162949476558769e-03 7.897132453345470648e-02 0.000000000000000000e+00
2.175000000000000000e+04 8.700077401536487898e-02 2.292899408284023721e-01 6.536185707783340737e-01 9.672280382339554228e-03 1.074192080109239861e-01 0.000000000000000000e+00
2.200000000000000000e+04 8.800078291209323389e-02 2.564861174328629811e-01 5.896677287209831642e-01 1.809285389167045871e-02 1.357532999544833752e-01 0.000000000000000000e+00
2.225000000000000000e+04 8.900079180882158880e-02 2.464724624487938109e-01 5.689576695493855363e-01 3.436504324078288458e-02 1.502048247610377751e-01 0.000000000000000000e+00
2.250000000000000000e+04 9.000080070554994371e-02 2.724169321802457633e-01 5.197997269003186149e-01 4.710969503868912139e-02 1.606736458807464796e-01 0.000000000000000000e+00
2.275000000000000000e+04 9.100080960227829863e-02 2.645653163404642627e-01 5.175238962221210270e-01 7.111970869367319203e-02 1.467910787437414766e-01 0.000000000000000000e+00
2.300000000000000000e+04 9.200081849900643149e-02 2.675238962221210826e-01 5.196859353664087244e-01 1.044606281292671801e-01 1.083295402822029990e-01 0.000000000000000000e+00
2.325000000000000000e+04 9.300082739573478641e-02 2.418070095584888557e-01 5.011379153390987939e-01 1.554392353208921274e-01 1.016158397815202508e-01 0.000000000000000000e+00
2.350000000000000000e+04 9.400083629246314132e-02 2.226900318616295005e-01 5.226445152480655443e-01 1.851388256713700498e-01 6.952662721893490549e-02 0.000000000000000000e+00
2.375000000000000000e+04 9.500084518919149623e-02 2.020937642239417353e-01 5.514337733272643982e-01 1.934456076467910846e-01 5.302685480200273332e-02 0.000000000000000000e+00
2.400000000000000000e+04 9.600085408591985114e-02 1.817250796540737234e-01 5.989986345015930747e-01 1.836595357305416398e-01 3.561675011379153433e-02 0.000000000000000000e+00
2.425000000000000000e+04 9.700086298264820606e-02 1.455393718707328199e-01 6.876422394173873354e-01 1.473600364132908458e-01 1.945835229858898507e-02 0.000000000000000000e+00
2.450000000000000000e+04 9.800087187937656097e-02 8.579881656804733137e-02 7.378243058716431602e-01 1.636322257624032717e-01 1.274465179790623508e-02 0.000000000000000000e+00
2.475000000000000000e+04 9.900088077610491588e-02 6.486117432862995025e-02 7.567137005006827621e-01 1.751251706873008518e-01 3.299954483386436255e-03 0.000000000000000000e+00
2.500000000000000000e+04 1.000008896728332708e-01 5.063723258989531045e-02 7.675238962221210270e-01 1.789940828402366846e-01 2.844788347746927612e-03 0.000000000000000000e+00
2.525000000000000000e+04 1.010008985695614037e-01 4.938552571688666071e-02 7.704824761037778469e-01 1.791078743741465751e-01 1.024123805188893906e-03 0.000000000000000000e+00
2.550000000000000000e+04 1.020009074662897586e-01 5.314064633591260994e-02 7.688893946290396020e-01 1.762630860263996457e-01 1.706873008648156654e-03 0.000000000000000000e+00
2.575000000000000000e+04 1.030009163630181135e-01 4.767865270823850449e-02 7.705962676376877374e-01 1.794492489758761911e-01 2.275830678197541916e-03 0.000000000000000000e+00
2.600000000000000000e+04 1.040009252597464684e-01 4.972690031861629750e-02 7.693445607646790529e-01 1.783113336367774249e-01 2.617205279927173507e-03 0.000000000000000000e+00
2.625000000000000000e+04 1.050009341564748233e-01 4.927173418297678409e-02 7.696859353664087244e-01 1.783113336367774249e-01 2.730996813837050560e-03 0.000000000000000000e+00
2.650000000000000000e+04 1.060009430532031782e-01 5.006827492034592736e-02 7.684342284934000400e-01 1.780837505689576716e-01 3.413746017296313308e-03 0.000000000000000000e+00
2.675000000000000000e+04 1.070009519499315331e-01 4.483386436049158208e-02 7.732134729176148857e-01 1.788802913063268218e-01 3.072371415566681717e-03 0.000000000000000000e+00
2.700000000000000000e+04 1.080009608466598880e-01 4.574419663177059503e-02 7.723031406463358728e-01 1.796768320436959443e-01 2.275830678197541916e-03 0.000000000000000000e+00
2.725000000000000000e+04 1.090009697433882430e-01 4.927173418297678409e-02 7.670687300864815761e-01 1.803595812471552040e-01 3.299954483386436255e-03 0.000000000000000000e+00
2.750000000000000000e+04 1.100009786401165979e-01 4.813381884387801790e-02 7.701411015020482864e-01 1.791078743741465751e-01 2.617205279927173507e-03 0.000000000000000000e+00
2.775000000000000000e+04 1.110009875368447307e-01 4.619936276741010150e-02 7.720755575785162028e-01 1.787664997724169313e-01 2.958579881656804664e-03 0.000000000000000000e+00
2.800000000000000000e+04 1.120009964335730857e-01 5.029585798816568060e-02 7.672963131543013571e-01 1.794492489758761911e-01 2.958579881656804664e-03 0.000000000000000000e+00
2.825000000000000000e+04 1.130010053303014406e-01 5.496131087847064278e-02 7.624032771961766208e-01 1.787664997724169313e-01 3.868912152935821518e-03 0.000000000000000000e+00
2.850000000000000000e+04 1.140010142270297955e-01 5.075102412380518707e-02 7.672963131543013571e-01 1.783113336367774249e-01 3.641329085116067413e-03 0.000000000000000000e+00
2.875000000000000000e+04 1.150010231237581504e-01 5.382339553937186966e-02 7.644515248065544277e-01 1.783113336367774249e-01 3.413746017296313308e-03 0.000000000000000000e+00
2.900000000000000000e+04 1.160010320204865053e-01 5.063723258989531045e-02 7.661583978152025631e-01 1.801319981793354508e-01 3.072371415566681717e-03 0.000000000000000000e+00
2.925000000000000000e+04 1.170010409172148602e-01 5.723714155666818210e-02 7.621756941283568398e-01 1.770596267637687682e-01 3.527537551206190360e-03 0.000000000000000000e+00
2.950000000000000000e+04 1.180010498139432151e-01 5.712335002275830548e-02 7.601274465179790329e-01 1.779699590350477811e-01 4.779244424214838804e-03 0.000000000000000000e+00
2.975000000000000000e+04 1.190010587106715700e-01 6.053709604005461792e-02 7.587619481110605690e-01 1.768320436959490149e-01 3.868912152935821518e-03 0.000000000000000000e+00
3.000000000000000000e+04 1.200010676073997029e-01 5.723714155666818210e-02 7.628584433318160718e-01 1.766044606281292617e-01 3.299954483386436255e-03 0.000000000000000000e+00
3.025000000000000000e+04 1.210010765041280578e-01 5.336822940373236318e-02 7.635411925352754148e-01 1.792216659080564378e-01 3.868912152935821518e-03 0.000000000000000000e+00
3.050000000000000000e+04 1.220010854008564127e-01 5.791989076012744875e-02 7.603550295857988139e-01 1.774010013654984119e-01 4.324078288575329727e-03 0.000000000000000000e+00
3.075000000000000000e+04 1.230010942975847676e-01 5.826126536185707860e-02 7.610377787892580459e-01 1.764906690942193990e-01 4.210286754665453109e-03 0.000000000000000000e+00
3.100000000000000000e+04 1.240011031943131226e-01 6.554392353208920996e-02 7.523896222121073674e-01 1.770596267637687682e-01 5.006827492034592909e-03 0.000000000000000000e+00
3.125000000000000000e+04 1.250011120910414775e-01 6.053709604005461792e-02 7.586481565771506785e-01 1.769458352298589054e-01 3.868912152935821518e-03 0.000000000000000000e+00
3.150000000000000000e+04 1.260011209877698324e-01 6.156121984524351443e-02 7.570550751024124336e-01 1.776285844333181652e-01 3.755120619025944465e-03 0.000000000000000000e+00
3.175000000000000000e+04 1.270011298844981873e-01 6.588529813381883982e-02 7.530723714155667103e-01 1.766044606281292617e-01 4.437869822485207214e-03 0.000000000000000000e+00
3.200000000000000000e+04 1.280011387812265422e-01 6.543013199817933334e-02 7.537551206190259423e-01 1.779699590350477811e-01 2.844788347746927612e-03 0.000000000000000000e+00
3.225000000000000000e+04 1.290011476779548971e-01 6.816112881201638607e-02 7.520482476103778069e-01 1.762630860263996457e-01 3.527537551206190360e-03 0.000000000000000000e+00
3.250000000000000000e+04 1.300011565746830300e-01 7.919890760127445972e-02 7.403277196176604180e-01 1.738734638142922229e-01 6.599908966772872511e-03 0.000000000000000000e+00
3.275000000000000000e+04 1.310011654714113849e-01 7.498862084660901095e-02 7.438552571688666903e-01 1.738734638142922229e-01 7.282658170232134826e-03 0.000000000000000000e+00
3.300000000000000000e+04 1.320011743681397398e-01 7.806099226217569353e-02 7.418070095584888834e-01 1.746700045516613453e-01 5.461993627674101119e-03 0.000000000000000000e+00
3.325000000000000000e+04 1.330011832648680947e-01 8.249886208466089554e-02 7.378243058716431602e-01 1.751251706873008518e-01 4.551661356395083832e-03 0.000000000000000000e+00
3.350000000000000000e+04 1.340011921615964496e-01 7.942649066909421296e-02 7.370277651342740377e-01 1.745562130177514826e-01 8.989531178880291046e-03 0.000000000000000000e+00
3.375000000000000000e+04 1.350012010583248045e-01 8.113336367774237612e-02 7.382794720072826111e-01 1.735320892125625791e-01 7.055075102412380721e-03 0.000000000000000000e+00
3.400000000000000000e+04 1.360012099550531595e-01 8.921256258534364381e-02 7.324761037778789730e-01 1.727355484751934567e-01 5.575785161583977738e-03 0.000000000000000000e+00
3.425000000000000000e+04 1.370012188517815144e-01 8.579881656804733137e-02 7.331588529813382049e-01 1.746700045516613453e-01 6.372325898953117539e-03 0.000000000000000000e+00
3.450000000000000000e+04 1.380012277485098693e-01 8.215748748293126569e-02 7.365725989986344757e-01 1.738734638142922229e-01 7.396449704142011444e-03 0.000000000000000000e+00
3.475000000000000000e+04 1.390012366452382242e-01 1.001365498406918547e-01 7.242831133363677454e-01 1.688666363222576239e-01 6.713700500682749130e-03 0.000000000000000000e+00
3.500000000000000000e+04 1.400012455419663571e-01 1.028675466545289074e-01 7.168866636322257513e-01 1.708010923987255403e-01 9.444697314519799256e-03 0.000000000000000000e+00
3.525000000000000000e+04 1.410012544386947120e-01 9.979517523896222486e-02 7.210969503868912556e-01 1.714838416021848000e-01 7.624032771961766417e-03 0.000000000000000000e+00
3.550000000000000000e+04 1.420012633354230669e-01 9.296768320436959998e-02 7.270141101502047842e-01 1.714838416021848000e-01 8.534365043240782836e-03 0.000000000000000000e+00
3.575000000000000000e+04 1.430012722321514218e-01 1.119708693673190647e-01 7.101729631315429891e-01 1.672735548475193512e-01 1.058261265361857065e-02 0.000000000000000000e+00
3.600000000000000000e+04 1.440012811288797767e-01 1.226672735548475224e-01 6.957214383249886724e-01 1.678425125170687204e-01 1.376877560309512985e-02 0.000000000000000000e+00
3.625000000000000000e+04 1.450012900256081316e-01 1.086709148839326289e-01 7.114246700045516736e-01 1.690942193900773771e-01 1.081019572143832562e-02 0.000000000000000000e+00
3.650000000000000000e+04 1.460012989223364865e-01 1.136777423759672279e-01 7.066454255803368278e-01 1.684114701866181174e-01 1.126536185707783383e-02 0.000000000000000000e+00
3.675000000000000000e+04 1.470013078190648415e-01 1.159535730541647741e-01 6.999317250796540657e-01 1.696631770596267741e-01 1.445152480655439303e-02 0.000000000000000000e+00
3.700000000000000000e+04 1.480013167157931964e-01 1.228948566226672756e-01 6.939007737824305355e-01 1.673873463814292140e-01 1.581702321347291593e-02 0.000000000000000000e+00
3.725000000000000000e+04 1.490013256125213292e-01 1.265361857077833274e-01 6.941283568502503165e-01 1.653390987710514348e-01 1.399635867091488309e-02 0.000000000000000000e+00
3.750000000000000000e+04 1.500013345092496841e-01 1.401911697769686049e-01 6.762630860263996180e-01 1.670459717796995980e-01 1.649977241693217911e-02 0.000000000000000000e+00
3.775000000000000000e+04 1.510013434059780391e-01 1.478152025489303523e-01 6.637460172963131066e-01 1.679563040509786109e-01 2.048247610377787811e-02 0.000000000000000000e+00
3.800000000000000000e+04 1.520013523027063940e-01 1.423532089212562468e-01 6.576012744651797970e-01 1.736458807464724696e-01 2.639963586709149004e-02 0.000000000000000000e+00
3.825000000000000000e+04 1.530013611994347489e-01 1.604460628129267263e-01 6.338188438780154588e-01 1.737596722803823324e-01 3.197542102867546865e-02 0.000000000000000000e+00
3.850000000000000000e+04 1.540013700961631038e-01 1.568047337278106468e-01 6.354119253527537037e-01 1.835457441966317771e-01 2.423759672280382388e-02 0.000000000000000000e+00
3.875000000000000000e+04 1.550013789928914587e-01 1.529358215748748417e-01 6.355257168866635942e-01 1.912835685025034149e-01 2.025489303595812488e-02 0.000000000000000000e+00
3.900000000000000000e+04 1.560013878896198136e-01 1.708010923987255403e-01 6.239189804278562068e-01 1.840009103322712836e-01 2.127901684114701791e-02 0.000000000000000000e+00
3.925000000000000000e+04 1.570013967863481685e-01 1.713700500682749095e-01 6.280154756486117096e-01 1.842284934000910368e-01 1.638598088302230249e-02 0.000000000000000000e+00
3.950000000000000000e+04 1.580014056830765234e-01 1.300637232589895442e-01 6.621529358215748617e-01 1.919663177059626746e-01 1.581702321347291593e-02 0.000000000000000000e+00
3.975000000000000000e+04 1.590014145798046563e-01 1.026399635867091542e-01 6.789940828402366568e-01 2.058488848429676776e-01 1.251706873008648184e-02 0.000000000000000000e+00
4.000000000000000000e+04 1.600014234765330112e-01 1.009330905780609910e-01 6.814974965862540257e-01 2.058488848429676776e-01 1.172052799271734204e-02 0.000000000000000000e+00
4.025000000000000000e+04 1.610014323732613661e-01 1.033227127901684139e-01 6.768320436959490705e-01 2.018661811561219821e-01 1.797906235776058209e-02 0.000000000000000000e+00
4.050000000000000000e+04 1.620014412699897211e-01 1.026399635867091542e-01 6.841147018661811741e-01 2.011834319526627224e-01 1.206190259444697363e-02 0.000000000000000000e+00
4.075000000000000000e+04 1.630014501667180760e-01 1.049157942649066866e-01 6.778561675011378629e-01 2.036868456986800080e-01 1.354119253527537488e-02 0.000000000000000000e+00
4.100000000000000000e+04 1.640014590634464309e-01 1.126536185707783383e-01 6.711424670004552118e-01 2.015248065543923661e-01 1.467910787437414627e-02 0.000000000000000000e+00
4.125000000000000000e+04 1.650014679601747858e-01 1.165225307237141572e-01 6.677287209831588299e-01 1.985662266727355463e-01 1.718252162039144229e-02 0.000000000000000000e+00
4.150000000000000000e+04 1.660014768569031407e-01 1.111743286299499284e-01 6.708010923987255403e-01 2.011834319526627224e-01 1.684114701866181243e-02 0.000000000000000000e+00
4.175000000000000000e+04 1.670014857536314956e-01 1.149294492489758707e-01 6.680700955848885014e-01 1.995903504779244497e-01 1.741010468821119553e-02 0.000000000000000000e+00
4.200000000000000000e+04 1.680014946503596285e-01 1.198224852071005930e-01 6.631770596267637652e-01 2.006144742831133254e-01 1.638598088302230249e-02 0.000000000000000000e+00
4.225000000000000000e+04 1.690015035470879834e-01 1.182294037323623065e-01 6.653390987710514626e-01 1.987938097405552995e-01 1.763768775603095224e-02 0.000000000000000000e+00
4.250000000000000000e+04 1.700015124438163383e-01 1.244879380974055483e-01 6.583978152025489194e-01 1.987938097405552995e-01 1.832043695949021542e-02 0.000000000000000000e+00
4.275000000000000000e+04 1.710015213405446932e-01 1.422394173873463841e-01 6.453117888029130667e-01 1.935593991807009473e-01 1.888939462903959851e-02 0.000000000000000000e+00
4.300000000000000000e+04 1.720015302372730481e-01 1.231224396904870289e-01 6.548702776513427581e-01 2.031178880291306388e-01 1.888939462903959851e-02 0.000000000000000000e+00
4.325000000000000000e+04 1.730015391340014030e-01 1.312016385980883104e-01 6.454255803368229572e-01 2.009558488848429691e-01 2.241693218024579104e-02 0.000000000000000000e+00
4.350000000000000000e+04 1.740015480307297580e-01 1.376877560309512916e-01 6.406463359126081114e-01 2.012972234865725851e-01 2.036868456986800149e-02 0.000000000000000000e+00
4.375000000000000000e+04 1.750015569274581129e-01 1.365498406918525254e-01 6.355257168866635942e-01 2.016385980883022289e-01 2.628584433318160996e-02 0.000000000000000000e+00
4.400000000000000000e+04 1.760015658241864678e-01 1.516841147018661851e-01 6.211879836140191680e-01 2.034592626308602548e-01 2.366863905325443732e-02 0.000000000000000000e+00
4.425000000000000000e+04 1.770015747209148227e-01 1.502048247610377751e-01 6.187983614019116896e-01 2.090350477924442507e-01 2.196176604460628110e-02 0.000000000000000000e+00
4.450000000000000000e+04 1.780015836176429556e-01 1.515703231679562946e-01 6.061675011379152878e-01 2.231451979972690070e-01 1.911697769685935522e-02 0.000000000000000000e+00
4.475000000000000000e+04 1.790015925143713105e-01 1.532771961766044577e-01 6.084433318161128756e-01 2.198452435138825711e-01 1.843422849340009204e-02 0.000000000000000000e+00
4.500000000000000000e+04 1.800016014110996654e-01 1.572598998634501533e-01 6.007055075102412101e-01 2.266727355484751960e-01 1.536185707783340945e-02 0.000000000000000000e+00
4.525000000000000000e+04 1.810016103078280203e-01 1.531634046426945950e-01 5.967228038233954868e-01 2.291761492944924816e-01 2.093764223941738806e-02 0.000000000000000000e+00
4.550000000000000000e+04 1.820016192045563752e-01 1.564633591260810308e-01 5.964952207555758168e-01 2.304278561675011383e-01 1.661356395084205573e-02 0.000000000000000000e+00
4.575000000000000000e+04 1.830016281012847301e-01 1.593081474738279601e-01 5.917159763313609711e-01 2.306554392353208915e-01 1.832043695949021542e-02 0.000000000000000000e+00
4.600000000000000000e+04 1.840016369980130850e-01 1.703459262630860338e-01 5.801092398725534727e-01 2.316795630405097950e-01 1.786527082385070547e-02 0.000000000000000000e+00
4.625000000000000000e+04 1.850016458947414399e-01 1.787664997724169313e-01 5.711197086936732337e-01 2.291761492944924816e-01 2.093764223941738806e-02 0.000000000000000000e+00
4.650000000000000000e+04 1.860016547914697949e-01 1.768320436959490149e-01 5.727127901684114786e-01 2.290623577605826189e-01 2.139280837505689453e-02 0.000000000000000000e+00
4.675000000000000000e+04 1.870016636881981498e-01 1.908284023668639084e-01 5.556440600819299025e-01 2.306554392353208915e-01 2.287209831588529751e-02 0.000000000000000000e+00
4.700000000000000000e+04 1.880016725849262826e-01 1.853664087391898030e-01 5.403959945380063523e-01 2.457897132453345512e-01 2.844788347746927612e-02 0.000000000000000000e+00
4.725000000000000000e+04 1.890016814816546376e-01 1.901456531634046487e-01 5.343650432407829332e-01 2.503413746017296160e-01 2.514792899408284030e-02 0.000000000000000000e+00
4.750000000000000000e+04 1.900016903783829925e-01 2.030040964952207483e-01 5.202548930359581769e-01 2.530723714155666548e-01 2.366863905325443732e-02 0.000000000000000000e+00
4.775000000000000000e+04 1.910016992751113474e-01 1.884387801547564856e-01 5.299271734182976479e-01 2.614929449248976079e-01 2.014110150204824826e-02 0.000000000000000000e+00
4.800000000000000000e+04 1.920017081718397023e-01 1.937869822485207005e-01 5.275375512061902805e-01 2.604688211197087044e-01 1.820664542558033533e-02 0.000000000000000000e+00
4.825000000000000000e+04 1.930017170685680572e-01 2.104005461993627701e-01 5.114929449248976079e-01 2.535275375512062168e-01 2.457897132453345374e-02 0.000000000000000000e+00
4.850000000000000000e+04 1.940017259652964121e-01 2.042558033682294050e-01 5.166135639508420141e-01 2.581929904415111721e-01 2.093764223941738806e-02 0.000000000000000000e+00
4.875000000000000000e+04 1.950017348620247670e-01 2.034592626308602548e-01 5.362994993172508496e-01 2.381656804733727761e-01 2.207555757851615771e-02 0.000000000000000000e+00
4.900000000000000000e+04 1.960017437587531219e-01 2.150659990896677254e-01 5.317478379608556738e-01 2.333864360491579304e-01 1.979972690031861493e-02 0.000000000000000000e+00
4.925000000000000000e+04 1.970017526554812548e-01 2.197314519799726806e-01 5.417614929449249273e-01 2.208693673190714746e-01 1.763768775603095224e-02 0.000000000000000000e+00
4.950000000000000000e+04 1.980017615522096097e-01 2.157487482931269851e-01 5.489303595812471404e-01 2.151797906235776159e-01 2.014110150204824826e-02 0.000000000000000000e+00
4.975000000000000000e+04 1.990017704489379646e-01 2.118798361401911801e-01 5.546199362767409990e-01 2.063040509786071841e-01 2.719617660446062984e-02 0.000000000000000000e+00
5.000000000000000000e+04 2.000017793456663195e-01 2.102867546654528796e-01 5.681611288120164138e-01 2.027765134274009950e-01 1.877560309512972189e-02 0.000000000000000000e+00
5.025000000000000000e+04 2.010017882423946745e-01 2.199590350477924339e-01 5.669094219390077294e-01 1.929904415111515781e-01 2.014110150204824826e-02 0.000000000000000000e+00
5.050000000000000000e+04 2.020017971391230294e-01 2.180245789713245452e-01 5.659990896677287164e-01 1.964041875284478766e-01 1.957214383249886169e-02 0.000000000000000000e+00
5.075000000000000000e+04 2.030018060358513843e-01 2.036868456986800080e-01 5.869367319071461253e-01 1.887801547564861293e-01 2.059626763768775473e-02 0.000000000000000000e+00
5.100000000000000000e+04 2.040018149325797392e-01 1.957214383249886169e-01 6.049157942649067143e-01 1.833181611288120239e-01 1.604460628129267263e-02 0.000000000000000000e+00
5.125000000000000000e+04 2.050018238293080941e-01 1.867319071461083224e-01 6.084433318161128756e-01 1.924214838416021811e-01 1.240327719617660522e-02 0.000000000000000000e+00
5.150000000000000000e+04 2.060018327260364490e-01 1.812699135184342170e-01 6.083295402822029851e-01 1.969731451979972736e-01 1.342740100136549826e-02 0.000000000000000000e+00
5.175000000000000000e+04 2.070018416227645819e-01 1.809285389167046010e-01 6.065088757396449592e-01 2.025489303595812418e-01 1.001365498406918582e-02 0.000000000000000000e+00
5.200000000000000000e+04 2.080018505194929368e-01 1.814974965862539702e-01 6.074192080109239722e-01 1.985662266727355463e-01 1.251706873008648184e-02 0.000000000000000000e+00
5.225000000000000000e+04 2.090018594162212917e-01 1.866181156121984597e-01 6.016158397815202230e-01 2.000455166135639562e-01 1.172052799271734204e-02 0.000000000000000000e+00
5.250000000000000000e+04 2.100018683129496466e-01 1.847974510696404060e-01 6.034365043240782489e-01 1.989076012744651900e-01 1.285844333181611343e-02 0.000000000000000000e+00
5.275000000000000000e+04 2.110018772096780015e-01 1.805871643149749572e-01 6.074192080109239722e-01 1.991351843422849432e-01 1.285844333181611343e-02 0.000000000000000000e+00
5.300000000000000000e+04 2.120018861064063564e-01 1.893491124260354985e-01 5.976331360946746107e-01 2.019799726900318726e-01 1.103777878925807886e-02 0.000000000000000000e+00
5.325000000000000000e+04 2.130018950031347114e-01 1.811561219845243542e-01 6.027537551206190169e-01 2.022075557578516258e-01 1.388256713700500647e-02 0.000000000000000000e+00
5.350000000000000000e+04 2.140019038998630663e-01 1.837733272644515303e-01 5.997951752389621971e-01 2.027765134274009950e-01 1.365498406918525323e-02 0.000000000000000000e+00
5.375000000000000000e+04 2.150019127965914212e-01 1.850250341374601593e-01 5.942193900773782289e-01 2.064178425125170746e-01 1.433773327264451468e-02 0.000000000000000000e+00
5.400000000000000000e+04 2.160019216933195541e-01 1.822940373236231204e-01 5.938780154756485574e-01 2.085798816568047442e-01 1.524806554392353283e-02 0.000000000000000000e+00
5.425000000000000000e+04 2.170019305900479090e-01 1.811561219845243542e-01 5.920573509330905315e-01 2.110832954028220299e-01 1.570323167956303931e-02 0.000000000000000000e+00
5.450000000000000000e+04 2.180019394867762639e-01 1.886663632225762388e-01 5.864815657715065633e-01 2.119936276741010428e-01 1.285844333181611343e-02 0.000000000000000000e+00
5.475000000000000000e+04 2.190019483835046188e-01 1.819526627218935044e-01 5.908056440600819581e-01 2.127901684114701930e-01 1.445152480655439303e-02 0.000000000000000000e+00
5.500000000000000000e+04 2.200019572802329737e-01 1.843422849340008995e-01 5.893263541192534927e-01 2.094902139280837572e-01 1.684114701866181243e-02 0.000000000000000000e+00
5.525000000000000000e+04 2.210019661769613286e-01 1.943559399180700975e-01 5.832954028220300735e-01 2.073281747837960876e-01 1.502048247610377786e-02 0.000000000000000000e+00
5.550000000000000000e+04 2.220019750736896835e-01 1.929904415111515781e-01 5.857988165680473314e-01 2.073281747837960876e-01 1.388256713700500647e-02 0.000000000000000000e+00
5.575000000000000000e+04 2.230019839704180384e-01 1.950386891215293572e-01 5.822712790168411701e-01 2.084660901228948537e-01 1.422394173873463806e-02 0.000000000000000000e+00
5.600000000000000000e+04 2.240019928671463934e-01 2.043695949021392677e-01 5.740782885753299425e-01 2.071005917159763343e-01 1.445152480655439303e-02 0.000000000000000000e+00
5.625000000000000000e+04 2.250020017638747483e-01 1.927628584433318248e-01 5.791989076012744597e-01 2.097177969959035104e-01 1.832043695949021542e-02 0.000000000000000000e+00
5.650000000000000000e+04 2.260020106606028811e-01 2.047109695038689114e-01 5.688438780154756458e-01 2.077833409194355940e-01 1.866181156121984527e-02 0.000000000000000000e+00
5.675000000000000000e+04 2.270020195573312360e-01 2.197314519799726806e-01 5.534820209376422051e-01 2.083522985889849910e-01 1.843422849340009204e-02 0.000000000000000000e+00
