# itime ezz other fcc hcp bcc ico
0.000000000000000000e+00 0.000000000000000000e+00 1.137915339098770958e-03 9.988620846609012061e-01 0.000000000000000000e+00 0.000000000000000000e+00 0.000000000000000000e+00
3.000000000000000000e+01 1.200004540408938780e-02 4.551661356395084266e-04 9.995448338643604380e-01 0.000000000000000000e+00 0.000000000000000000e+00 0.000000000000000000e+00
6.000000000000000000e+01 2.400009080817877560e-02 1.706873008648156654e-03 9.982931269913518646e-01 0.000000000000000000e+00 0.000000000000000000e+00 0.000000000000000000e+00
9.000000000000000000e+01 3.600013621226838545e-02 4.893035958124715423e-03 9.951069640418752638e-01 0.000000000000000000e+00 0.000000000000000000e+00 0.000000000000000000e+00
1.200000000000000000e+02 4.800018161635777325e-02 1.058261265361857065e-02 9.891898042785616241e-01 0.000000000000000000e+00 2.275830678197542133e-04 0.000000000000000000e+00
1.500000000000000000e+02 6.000022702044716105e-02 1.331360946745562164e-02 9.861174328629950248e-01 0.000000000000000000e+00 5.689576695493854790e-04 0.000000000000000000e+00
1.800000000000000000e+02 7.200027242453654885e-02 4.324078288575330248e-02 9.545971779699590209e-01 0.000000000000000000e+00 2.162039144287664864e-03 0.000000000000000000e+00
2.100000000000000000e+02 8.400031782862593666e-02 5.951297223486572835e-02 9.361629494765589810e-01 0.000000000000000000e+00 4.324078288575329727e-03 0.000000000000000000e+00
2.400000000000000000e+02 9.600036323271554650e-02 1.147018661811561174e-01 8.798361401911697355e-01 0.000000000000000000e+00 5.461993627674101119e-03 0.000000000000000000e+00
2.700000000000000000e+02 1.080004086368049343e-01 2.084660901228948537e-01 7.802685480200273194e-01 0.000000000000000000e+00 1.126536185707783383e-02 0.000000000000000000e+00
3.000000000000000000e+02 1.200004540408943221e-01 3.422849340009103125e-01 6.337050523441055683e-01 0.000000000000000000e+00 2.401001365498407064e-02 0.000000000000000000e+00
3.300000000000000000e+02 1.320004994449837099e-01 5.191169776968593830e-01 4.263768775603095085e-01 1.137915339098771066e-04 5.439235320892125969e-02 0.000000000000000000e+00
3.600000000000000000e+02 1.440005448490730977e-01 6.681838871187983919e-01 2.386208466090122826e-01 3.072371415566681717e-03 9.012289485662267063e-02 0.000000000000000000e+00
3.900000000000000000e+02 1.560005902531624855e-01 7.474965862539827421e-01 1.208466090122894826e-01 1.001365498406918582e-02 1.216431497496586189e-01 0.000000000000000000e+00
4.200000000000000000e+02 1.680006356572520954e-01 7.866408739189804100e-01 7.009558488848430247e-02 1.809285389167045871e-02 1.251706873008648080e-01 0.000000000000000000e+00
4.500000000000000000e+02 1.800006810613414832e-01 8.249886208466090665e-01 4.085116067364587961e-02 2.002730996813837164e-02 1.141329085116067343e-01 0.000000000000000000e+00
4.800000000000000000e+02 1.920007264654308710e-01 8.435366408739189970e-01 3.095129722348657214e-02 2.435138825671370050e-02 1.011606736458807443e-01 0.000000000000000000e+00
5.100000000000000000e+02 2.040007718695202588e-01 8.776741010468821491e-01 2.184797451069640448e-02 2.639963586709149004e-02 7.407828857532999800e-02 0.000000000000000000e+00
5.400000000000000000e+02 2.160008172736096466e-01 8.904187528447883304e-01 1.923076923076923184e-02 2.901684114701866268e-02 6.133363677742376119e-02 0.000000000000000000e+00
5.700000000000000000e+02 2.280008626776992564e-01 9.134046426945835462e-01 1.581702321347291593e-02 3.004096495220755572e-02 4.073736913973600299e-02 0.000000000000000000e+00
6.000000000000000000e+02 2.400009080817886442e-01 9.218252162039144437e-01 1.729631315430131891e-02 2.742375967228038308e-02 3.334091943559399501e-02 1.137915339098771066e-04
6.300000000000000000e+02 2.520009534858780320e-01 9.332043695949021611e-01 1.661356395084205573e-02 2.287209831588529751e-02 2.730996813837050646e-02 0.000000000000000000e+00
6.600000000000000000e+02 2.640009988899674198e-01 9.444697314519799880e-01 1.297223486572599005e-02 2.173418297678652786e-02 2.082385070550751144e-02 0.000000000000000000e+00
6.900000000000000000e+02 2.760010442940568076e-01 9.467455621301774649e-01 1.411015020482476144e-02 1.979972690031861493e-02 1.923076923076923184e-02 1.137915339098771066e-04
7.200000000000000000e+02 2.880010896981464175e-01 9.533454710969503365e-01 1.342740100136549826e-02 1.877560309512972189e-02 1.433773327264451468e-02 1.137915339098771066e-04
7.500000000000000000e+02 3.000011351022358053e-01 9.596040054619936477e-01 1.160673645880746542e-02 1.456531634046426965e-02 1.422394173873463806e-02 0.000000000000000000e+00
7.800000000000000000e+02 3.120011805063251931e-01 9.639280837505689314e-01 1.035502958579881741e-02 1.445152480655439303e-02 1.126536185707783383e-02 0.000000000000000000e+00
8.100000000000000000e+02 3.240012259104145809e-01 9.674556213017750927e-01 9.103322712790167665e-03 1.308602639963586667e-02 1.012744651797906244e-02 2.275830678197542133e-04
8.400000000000000000e+02 3.360012713145039687e-01 9.699590350477924616e-01 8.420573509330906217e-03 1.467910787437414627e-02 6.941283568502503235e-03 0.000000000000000000e+00
8.700000000000000000e+02 3.480013167185933565e-01 9.710969503868912556e-01 8.079198907601274626e-03 1.137915339098771045e-02 9.330905780609922637e-03 1.137915339098771066e-04
9.000000000000000000e+02 3.600013621226829663e-01 9.679107874374146547e-01 8.648156577150659455e-03 1.331360946745562164e-02 9.786071916249430847e-03 3.413746017296313199e-04
9.300000000000000000e+02 3.720014075267721321e-01 9.750796540737368678e-01 6.713700500682749130e-03 1.137915339098771045e-02 6.599908966772872511e-03 2.275830678197542133e-04
9.600000000000000000e+02 3.840014529308615199e-01 9.780382339553936877e-01 6.827492034592626616e-03 1.012744651797906244e-02 5.006827492034592909e-03 0.000000000000000000e+00
9.900000000000000000e+02 3.960014983349511297e-01 9.803140646335912756e-01 5.461993627674101119e-03 1.035502958579881741e-02 3.527537551206190360e-03 3.413746017296313199e-04
1.020000000000000000e+03 4.080015437390405175e-01 9.814519799726900695e-01 6.144742831133363434e-03 8.989531178880291046e-03 3.072371415566681717e-03 3.413746017296313199e-04
1.050000000000000000e+03 4.200015891431299053e-01 9.855484751934455723e-01 4.324078288575329727e-03 7.282658170232134826e-03 2.617205279927173507e-03 2.275830678197542133e-04
1.080000000000000000e+03 4.320016345472192931e-01 9.858898497951752438e-01 3.868912152935821518e-03 6.827492034592626616e-03 2.617205279927173507e-03 7.965407373691396923e-04
1.110000000000000000e+03 4.440016799513086809e-01 9.852071005917160118e-01 2.958579881656804664e-03 9.330905780609922637e-03 1.934456076467910759e-03 5.689576695493854790e-04
1.140000000000000000e+03 4.560017253553982908e-01 9.868001820664542567e-01 2.844788347746927612e-03 7.851615839781519654e-03 1.820664542558033706e-03 6.827492034592626399e-04
1.170000000000000000e+03 4.680017707594876786e-01 9.880518889394629412e-01 3.186162949476558769e-03 6.258534365043240920e-03 1.934456076467910759e-03 5.689576695493854790e-04
1.200000000000000000e+03 4.800018161635770664e-01 9.895311788802912956e-01 2.275830678197541916e-03 6.486117432862995025e-03 1.365498406918525280e-03 3.413746017296313199e-04
1.230000000000000000e+03 4.920018615676664542e-01 9.899863450159308575e-01 1.820664542558033706e-03 5.348202093764223633e-03 2.275830678197541916e-03 5.689576695493854790e-04
1.260000000000000000e+03 5.040019069717558420e-01 9.922621756941283344e-01 1.251706873008648227e-03 3.982703686845699004e-03 1.820664542558033706e-03 6.827492034592626399e-04
1.290000000000000000e+03 5.160019523758452298e-01 9.938552571688666903e-01 1.479289940828402332e-03 2.958579881656804664e-03 1.137915339098770958e-03 5.689576695493854790e-04
1.320000000000000000e+03 5.280019977799348396e-01 9.955621301775148257e-01 6.827492034592626399e-04 1.820664542558033706e-03 7.965407373691396923e-04 1.137915339098770958e-03
1.350000000000000000e+03 5.400020431840242274e-01 9.934000910332271284e-01 1.706873008648156654e-03 3.527537551206190360e-03 5.689576695493854790e-04 7.965407373691396923e-04
1.380000000000000000e+03 5.520020885881136152e-01 9.949931725079653733e-01 1.137915339098770958e-03 2.503413746017296455e-03 6.827492034592626399e-04 6.827492034592626399e-04
1.410000000000000000e+03 5.640021339922030030e-01 9.953345471096950448e-01 1.251706873008648227e-03 2.048247610377787811e-03 9.103322712790168532e-04 4.551661356395084266e-04
1.440000000000000000e+03 5.760021793962923908e-01 9.953345471096950448e-01 7.965407373691396923e-04 2.958579881656804664e-03 4.551661356395084266e-04 4.551661356395084266e-04
1.470000000000000000e+03 5.880022248003820007e-01 9.959035047792443862e-01 6.827492034592626399e-04 2.389622212107419402e-03 7.965407373691396923e-04 2.275830678197542133e-04
1.500000000000000000e+03 6.000022702044713885e-01 9.960172963131542767e-01 1.137915339098770958e-03 1.706873008648156654e-03 4.551661356395084266e-04 6.827492034592626399e-04
1.530000000000000000e+03 6.120023156085607763e-01 9.944242148384160318e-01 1.365498406918525280e-03 2.617205279927173507e-03 9.103322712790168532e-04 6.827492034592626399e-04
1.560000000000000000e+03 6.240023610126501641e-01 9.948793809740554828e-01 1.024123805188893906e-03 2.503413746017296455e-03 3.413746017296313199e-04 1.251706873008648227e-03
1.590000000000000000e+03 6.360024064167395519e-01 9.954483386436049352e-01 9.103322712790168532e-04 2.048247610377787811e-03 4.551661356395084266e-04 1.137915339098770958e-03
1.620000000000000000e+03 6.480024518208291617e-01 9.964724624487938387e-01 4.551661356395084266e-04 1.365498406918525280e-03 3.413746017296313199e-04 1.365498406918525280e-03
1.650000000000000000e+03 6.600024972249185495e-01 9.955621301775148257e-01 1.024123805188893906e-03 1.820664542558033706e-03 5.689576695493854790e-04 1.024123805188893906e-03
1.680000000000000000e+03 6.720025426290079373e-01 9.960172963131542767e-01 5.689576695493854790e-04 1.934456076467910759e-03 9.103322712790168532e-04 5.689576695493854790e-04
1.710000000000000000e+03 6.840025880330973251e-01 9.965862539827037292e-01 2.275830678197542133e-04 1.365498406918525280e-03 4.551661356395084266e-04 1.365498406918525280e-03
1.740000000000000000e+03 6.960026334371867129e-01 9.978379608557123026e-01 3.413746017296313199e-04 1.024123805188893906e-03 0.000000000000000000e+00 7.965407373691396923e-04
1.770000000000000000e+03 7.080026788412763228e-01 9.974965862539827421e-01 4.551661356395084266e-04 7.965407373691396923e-04 2.275830678197542133e-04 1.024123805188893906e-03
1.800000000000000000e+03 7.200027242453657106e-01 9.977241693218024121e-01 3.413746017296313199e-04 7.965407373691396923e-04 3.413746017296313199e-04 7.965407373691396923e-04
1.830000000000000000e+03 7.320027696494550984e-01 9.981793354574419741e-01 3.413746017296313199e-04 9.103322712790168532e-04 0.000000000000000000e+00 5.689576695493854790e-04
1.860000000000000000e+03 7.440028150535444862e-01 9.984069185252617551e-01 3.413746017296313199e-04 3.413746017296313199e-04 2.275830678197542133e-04 6.827492034592626399e-04
1.890000000000000000e+03 7.560028604576338740e-01 9.986345015930814251e-01 4.551661356395084266e-04 4.551661356395084266e-04 0.000000000000000000e+00 4.551661356395084266e-04
1.920000000000000000e+03 7.680029058617232618e-01 9.981793354574419741e-01 1.137915339098771066e-04 6.827492034592626399e-04 0.000000000000000000e+00 1.024123805188893906e-03
1.950000000000000000e+03 7.800029512658128716e-01 9.979517523896221931e-01 1.137915339098771066e-04 7.965407373691396923e-04 2.275830678197542133e-04 9.103322712790168532e-04
1.980000000000000000e+03 7.920029966699022594e-01 9.977241693218024121e-01 0.000000000000000000e+00 9.103322712790168532e-04 1.137915339098771066e-04 1.251706873008648227e-03
2.010000000000000000e+03 8.040030420739916472e-01 9.980655439235320836e-01 0.000000000000000000e+00 9.103322712790168532e-04 0.000000000000000000e+00 1.024123805188893906e-03
2.040000000000000000e+03 8.160030874780810350e-01 9.977241693218024121e-01 3.413746017296313199e-04 6.827492034592626399e-04 1.137915339098771066e-04 1.137915339098770958e-03
2.070000000000000000e+03 8.280031328821704228e-01 9.979517523896221931e-01 0.000000000000000000e+00 4.551661356395084266e-04 3.413746017296313199e-04 1.251706873008648227e-03
2.100000000000000000e+03 8.400031782862600327e-01 9.980655439235320836e-01 2.275830678197542133e-04 7.965407373691396923e-04 0.000000000000000000e+00 9.103322712790168532e-04
2.130000000000000000e+03 8.520032236903494205e-01 9.976103777878926326e-01 0.000000000000000000e+00 1.137915339098770958e-03 0.000000000000000000e+00 1.251706873008648227e-03
2.160000000000000000e+03 8.640032690944388083e-01 9.988620846609012061e-01 1.137915339098771066e-04 4.551661356395084266e-04 0.000000000000000000e+00 5.689576695493854790e-04
2.190000000000000000e+03 8.760033144985281961e-01 9.979517523896221931e-01 1.137915339098771066e-04 4.551661356395084266e-04 1.137915339098771066e-04 1.365498406918525280e-03
2.220000000000000000e+03 8.880033599026175839e-01 9.988620846609012061e-01 0.000000000000000000e+00 2.275830678197542133e-04 0.000000000000000000e+00 9.103322712790168532e-04
2.250000000000000000e+03 9.000034053067071937e-01 9.977241693218024121e-01 1.137915339098771066e-04 7.965407373691396923e-04 3.413746017296313199e-04 1.024123805188893906e-03
2.280000000000000000e+03 9.120034507107965815e-01 9.981793354574419741e-01 3.413746017296313199e-04 6.827492034592626399e-04 1.137915339098771066e-04 6.827492034592626399e-04
2.310000000000000000e+03 9.240034961148859693e-01 9.984069185252617551e-01 0.000000000000000000e+00 3.413746017296313199e-04 3.413746017296313199e-04 9.103322712790168532e-04
2.340000000000000000e+03 9.360035415189753571e-01 9.985207100591716456e-01 1.137915339098771066e-04 2.275830678197542133e-04 0.000000000000000000e+00 1.137915339098770958e-03
2.370000000000000000e+03 9.480035869230647450e-01 9.985207100591716456e-01 2.275830678197542133e-04 3.413746017296313199e-04 1.137915339098771066e-04 7.965407373691396923e-04
2.400000000000000000e+03 9.600036323271541328e-01 9.980655439235320836e-01 1.137915339098771066e-04 4.551661356395084266e-04 0.000000000000000000e+00 1.365498406918525280e-03
2.430000000000000000e+03 9.720036777312437426e-01 9.978379608557123026e-01 1.137915339098771066e-04 5.689576695493854790e-04 1.137915339098771066e-04 1.365498406918525280e-03
2.460000000000000000e+03 9.840037231353331304e-01 9.979517523896221931e-01 4.551661356395084266e-04 2.275830678197542133e-04 3.413746017296313199e-04 1.024123805188893906e-03
2.490000000000000000e+03 9.960037685394225182e-01 9.976103777878926326e-01 4.551661356395084266e-04 4.551661356395084266e-04 0.000000000000000000e+00 1.479289940828402332e-03
