# itime ezz other fcc hcp bcc ico
0.000000000000000000e+00 0.000000000000000000e+00 0.000000000000000000e+00 1.000000000000000000e+00 0.000000000000000000e+00 0.000000000000000000e+00 0.000000000000000000e+00
2.500000000000000000e+03 9.999985856355975145e-03 0.000000000000000000e+00 1.000000000000000000e+00 0.000000000000000000e+00 0.000000000000000000e+00 0.000000000000000000e+00
5.000000000000000000e+03 1.999997171271195029e-02 0.000000000000000000e+00 1.000000000000000000e+00 0.000000000000000000e+00 0.000000000000000000e+00 0.000000000000000000e+00
7.500000000000000000e+03 2.999995756906792543e-02 0.000000000000000000e+00 1.000000000000000000e+00 0.000000000000000000e+00 0.000000000000000000e+00 0.000000000000000000e+00
1.000000000000000000e+04 3.999994342542390058e-02 0.000000000000000000e+00 1.000000000000000000e+00 0.000000000000000000e+00 0.000000000000000000e+00 0.000000000000000000e+00
1.250000000000000000e+04 4.999992928177987572e-02 1.137915339098771066e-04 9.998862084660901095e-01 0.000000000000000000e+00 0.000000000000000000e+00 0.000000000000000000e+00
1.500000000000000000e+04 5.999991513813585087e-02 0.000000000000000000e+00 1.000000000000000000e+00 0.000000000000000000e+00 0.000000000000000000e+00 0.000000000000000000e+00
1.750000000000000000e+04 6.999990099449182601e-02 0.000000000000000000e+00 1.000000000000000000e+00 0.000000000000000000e+00 0.000000000000000000e+00 0.000000000000000000e+00
2.000000000000000000e+04 7.999988685084780116e-02 1.137915339098771066e-04 9.998862084660901095e-01 0.000000000000000000e+00 0.000000000000000000e+00 0.000000000000000000e+00
2.250000000000000000e+04 8.999987270720377630e-02 6.827492034592626399e-04 9.993172507965407680e-01 0.000000000000000000e+00 0.000000000000000000e+00 0.000000000000000000e+00
2.500000000000000000e+04 9.999985856355975145e-02 2.503413746017296455e-03 9.973827947200728516e-01 0.000000000000000000e+00 1.137915339098771066e-04 0.000000000000000000e+00
2.750000000000000000e+04 1.099998444199157266e-01 5.154756486117433034e-02 8.880291306326809631e-01 0.000000000000000000e+00 6.042330450614474130e-02 0.000000000000000000e+00
3.000000000000000000e+04 1.199998302762717017e-01 3.482020937642239106e-02 8.166818388711879484e-01 1.483841602184797492e-01 1.137915339098771066e-04 0.000000000000000000e+00
3.250000000000000000e+04 1.299998161326276769e-01 3.254437869822485174e-02 8.177059626763768518e-01 1.489531178880291185e-01 7.965407373691396923e-04 0.000000000000000000e+00
3.500000000000000000e+04 1.399998019889836520e-01 3.413746017296313134e-02 8.165680473372780579e-01 1.484979517523896120e-01 7.965407373691396923e-04 0.000000000000000000e+00
3.750000000000000000e+04 1.499997878453396272e-01 3.436504324078288458e-02 8.167956304050978389e-01 1.484979517523896120e-01 3.413746017296313199e-04 0.000000000000000000e+00
4.000000000000000000e+04 1.599997737016956023e-01 7.180245789713245175e-02 7.390760127446518446e-01 1.824078288575330109e-01 6.713700500682749130e-03 0.000000000000000000e+00
4.250000000000000000e+04 1.699997595580515775e-01 6.531634046426945672e-02 7.680928538916704795e-01 1.606736458807464796e-01 5.917159763313609329e-03 0.000000000000000000e+00
4.500000000000000000e+04 1.799997454144075526e-01 5.837505689576695522e-02 7.741238051888938987e-01 1.634046426945835184e-01 4.096495220755575623e-03 0.000000000000000000e+00
4.750000000000000000e+04 1.899997312707635277e-01 5.894401456531633832e-02 7.696859353664087244e-01 1.647701411015020379e-01 6.599908966772872511e-03 0.000000000000000000e+00
5.000000000000000000e+04 1.999997171271195029e-01 5.826126536185707860e-02 7.667273554847519046e-01 1.695493855257168836e-01 5.461993627674101119e-03 0.000000000000000000e+00
5.250000000000000000e+04 2.099997029834754780e-01 5.769230769230769551e-02 7.727583067819754348e-01 1.652253072371415443e-01 4.324078288575329727e-03 0.000000000000000000e+00
5.500000000000000000e+04 2.199996888398314532e-01 6.144742831133363781e-02 7.650204824761037692e-01 1.682976786527082269e-01 5.234410559854347014e-03 0.000000000000000000e+00
5.750000000000000000e+04 2.299996746961874283e-01 6.360946745562130744e-02 7.667273554847519046e-01 1.654528903049612976e-01 4.210286754665453109e-03 0.000000000000000000e+00
6.000000000000000000e+04 2.399996605525434035e-01 6.508875739644970349e-02 7.694583522985889434e-01 1.605598543468365891e-01 4.893035958124715423e-03 0.000000000000000000e+00
6.250000000000000000e+04 2.499996464088993786e-01 7.123350022758306865e-02 7.496586253982703285e-01 1.758079198907601393e-01 3.299954483386436255e-03 0.000000000000000000e+00
6.500000000000000000e+04 2.599996322652553538e-01 7.043695949021393232e-02 7.530723714155667103e-01 1.750113791533909890e-01 1.479289940828402332e-03 0.000000000000000000e+00
6.750000000000000000e+04 2.699996181216113289e-01 6.907146108329539902e-02 7.554619936276740777e-01 1.731907146108329631e-01 2.275830678197541916e-03 0.000000000000000000e+00
7.000000000000000000e+04 2.799996039779673040e-01 7.111970869367319203e-02 7.562585343650432002e-01 1.714838416021848000e-01 1.137915339098770958e-03 0.000000000000000000e+00
7.250000000000000000e+04 2.899995898343232792e-01 1.043468365953573035e-01 7.154073736913973969e-01 1.777423759672280279e-01 2.503413746017296455e-03 0.000000000000000000e+00
7.500000000000000000e+04 2.999995756906792543e-01 6.816112881201638607e-02 7.691169776968593830e-01 1.614701866181156020e-01 1.251706873008648227e-03 0.000000000000000000e+00
7.750000000000000000e+04 3.099995615470352295e-01 6.770596267637687959e-02 7.718479745106964218e-01 1.601046882111970826e-01 3.413746017296313199e-04 0.000000000000000000e+00
8.000000000000000000e+04 3.199995474033912046e-01 6.702321347291761988e-02 7.737824305871643382e-01 1.582840236686390567e-01 9.103322712790168532e-04 0.000000000000000000e+00
8.250000000000000000e+04 3.299995332597471798e-01 8.375056895766955223e-02 7.445380063723259223e-01 1.703459262630860338e-01 1.365498406918525280e-03 0.000000000000000000e+00
8.500000000000000000e+04 3.399995191161031549e-01 8.716431497496586467e-02 7.396449704142011861e-01 1.711424670004551563e-01 2.048247610377787811e-03 0.000000000000000000e+00
8.750000000000000000e+04 3.499995049724591301e-01 8.898497951752389057e-02 7.399863450159308575e-01 1.689804278561675144e-01 2.048247610377787811e-03 0.000000000000000000e+00
9.000000000000000000e+04 3.599994908288151052e-01 1.028675466545289074e-01 7.372553482020938187e-01 1.572598998634501533e-01 2.617205279927173507e-03 0.000000000000000000e+00
9.250000000000000000e+04 3.699994766851710803e-01 1.009330905780609910e-01 7.335002275830677654e-01 1.643149749658625314e-01 1.251706873008648227e-03 0.000000000000000000e+00
9.500000000000000000e+04 3.799994625415270555e-01 1.026399635867091542e-01 7.213245334547109255e-01 1.746700045516613453e-01 1.365498406918525280e-03 0.000000000000000000e+00
9.750000000000000000e+04 3.899994483978832527e-01 1.094674556213017791e-01 7.096040054619936477e-01 1.793354574419663283e-01 1.593081474738279385e-03 0.000000000000000000e+00
1.000000000000000000e+05 3.999994342542390058e-01 1.316568047337278169e-01 6.596495220755576039e-01 2.064178425125170746e-01 2.275830678197541916e-03 0.000000000000000000e+00
1.025000000000000000e+05 4.099994201105949809e-01 1.334774692762858428e-01 6.444014565316340537e-01 2.179107874374146547e-01 4.210286754665453109e-03 0.000000000000000000e+00
1.050000000000000000e+05 4.199994059669509561e-01 1.585116067364588099e-01 6.425807919890760278e-01 1.921939007737824279e-01 6.713700500682749130e-03 0.000000000000000000e+00
1.075000000000000000e+05 4.299993918233071533e-01 1.632908511606736557e-01 6.335912608101956778e-01 1.964041875284478766e-01 6.713700500682749130e-03 0.000000000000000000e+00
1.100000000000000000e+05 4.399993776796629064e-01 1.549840691852526209e-01 6.441738734638142727e-01 1.946973145197997135e-01 6.144742831133363434e-03 0.000000000000000000e+00
1.125000000000000000e+05 4.499993635360188815e-01 1.665908056440600915e-01 6.313154301319982009e-01 1.970869367319071364e-01 5.006827492034592909e-03 0.000000000000000000e+00
1.150000000000000000e+05 4.599993493923748566e-01 1.540737369139736079e-01 6.653390987710514626e-01 1.759217114246700020e-01 4.665452890304961318e-03 0.000000000000000000e+00
1.175000000000000000e+05 4.699993352487310538e-01 1.507737824305871721e-01 6.946973145197997690e-01 1.504324078288575284e-01 4.096495220755575623e-03 0.000000000000000000e+00
1.200000000000000000e+05 4.799993211050868069e-01 1.500910332271279124e-01 6.949248975876194390e-01 1.488393263541192557e-01 6.144742831133363434e-03 0.000000000000000000e+00
1.225000000000000000e+05 4.899993069614427821e-01 1.532771961766044577e-01 6.918525261720528396e-01 1.495220755575785154e-01 5.348202093764223633e-03 0.000000000000000000e+00
1.250000000000000000e+05 4.999992928177987572e-01 1.695493855257168836e-01 6.670459717796995980e-01 1.585116067364588099e-01 4.893035958124715423e-03 0.000000000000000000e+00
1.275000000000000000e+05 5.099992786741549544e-01 1.771734182976786587e-01 6.437187073281748217e-01 1.772872098315885214e-01 1.820664542558033706e-03 0.000000000000000000e+00
1.300000000000000000e+05 5.199992645305107075e-01 1.787664997724169313e-01 6.541875284478835262e-01 1.663632225762403383e-01 6.827492034592626399e-04 0.000000000000000000e+00
1.325000000000000000e+05 5.299992503868666827e-01 1.712562585343650468e-01 6.552116522530723186e-01 1.720527992717341692e-01 1.479289940828402332e-03 0.000000000000000000e+00
1.350000000000000000e+05 5.399992362432226578e-01 1.760355029585798925e-01 6.503186162949476934e-01 1.720527992717341692e-01 1.593081474738279385e-03 0.000000000000000000e+00
1.375000000000000000e+05 5.499992220995788550e-01 1.652253072371415443e-01 6.556668183887118806e-01 1.775147928994082747e-01 1.593081474738279385e-03 0.000000000000000000e+00
1.400000000000000000e+05 5.599992079559346081e-01 1.669321802457897075e-01 6.517979062357760478e-01 1.785389167045971781e-01 2.730996813837050560e-03 0.000000000000000000e+00
1.425000000000000000e+05 5.699991938122905832e-01 1.858215748748293095e-01 6.109467455621301335e-01 2.010696404187528319e-01 2.162039144287664864e-03 0.000000000000000000e+00
1.450000000000000000e+05 5.799991796686465584e-01 1.899180700955848955e-01 6.236913973600364258e-01 1.841147018661811463e-01 2.275830678197541916e-03 0.000000000000000000e+00
1.475000000000000000e+05 5.899991655250027556e-01 2.006144742831133254e-01 5.856850250341374409e-01 2.100591715976331264e-01 3.641329085116067413e-03 0.000000000000000000e+00
1.500000000000000000e+05 5.999991513813585087e-01 1.969731451979972736e-01 6.135639508420573929e-01 1.861629494765589532e-01 3.299954483386436255e-03 0.000000000000000000e+00
1.525000000000000000e+05 6.099991372377144838e-01 1.916249431042330587e-01 6.118570778334091465e-01 1.932180245789713313e-01 3.299954483386436255e-03 0.000000000000000000e+00
1.550000000000000000e+05 6.199991230940704590e-01 1.956076467910787542e-01 6.231224396904869733e-01 1.770596267637687682e-01 4.210286754665453109e-03 0.000000000000000000e+00
1.575000000000000000e+05 6.299991089504266562e-01 1.929904415111515781e-01 6.213017751479289474e-01 1.792216659080564378e-01 6.486117432862995025e-03 0.000000000000000000e+00
1.600000000000000000e+05 6.399990948067824093e-01 1.961766044606281234e-01 6.129949931725079404e-01 1.852526172052799402e-01 5.575785161583977738e-03 0.000000000000000000e+00
1.625000000000000000e+05 6.499990806631383844e-01 2.002730996813837094e-01 6.228948566226673034e-01 1.722803823395539502e-01 4.551661356395083832e-03 0.000000000000000000e+00
1.650000000000000000e+05 6.599990665194943595e-01 1.934456076467910846e-01 6.170914883932635542e-01 1.857077833409194467e-01 3.755120619025944465e-03 0.000000000000000000e+00
1.675000000000000000e+05 6.699990523758505567e-01 1.948111060537096040e-01 6.174328629949932257e-01 1.852526172052799402e-01 2.503413746017296455e-03 0.000000000000000000e+00
1.700000000000000000e+05 6.799990382322063098e-01 1.845698680018206528e-01 6.571461083295402350e-01 1.538461538461538547e-01 4.437869822485207214e-03 0.000000000000000000e+00
1.725000000000000000e+05 6.899990240885622850e-01 1.769458352298589054e-01 6.634046426945835462e-01 1.570323167956304000e-01 2.617205279927173507e-03 0.000000000000000000e+00
1.750000000000000000e+05 6.999990099449182601e-01 1.512289485662266786e-01 6.961766044606281234e-01 1.480427856167501055e-01 4.551661356395083832e-03 0.000000000000000000e+00
1.775000000000000000e+05 7.099989958012744573e-01 1.465634956759217233e-01 6.923076923076922906e-01 1.557806099226217433e-01 5.348202093764223633e-03 0.000000000000000000e+00
1.800000000000000000e+05 7.199989816576302104e-01 1.510013654984069253e-01 6.787664997724169869e-01 1.636322257624032717e-01 6.599908966772872511e-03 0.000000000000000000e+00
1.825000000000000000e+05 7.299989675139861856e-01 1.531634046426945950e-01 6.764906690942193990e-01 1.631770596267637652e-01 7.168866636322257339e-03 0.000000000000000000e+00
1.850000000000000000e+05 7.399989533703421607e-01 1.527082385070550885e-01 6.706873008648156498e-01 1.720527992717341692e-01 4.551661356395083832e-03 0.000000000000000000e+00
1.875000000000000000e+05 7.499989392266983579e-01 1.603322712790168358e-01 6.403049613108784399e-01 1.943559399180700975e-01 5.006827492034592909e-03 0.000000000000000000e+00
1.900000000000000000e+05 7.599989250830541110e-01 1.672735548475193512e-01 6.299499317250796260e-01 1.989076012744651900e-01 3.868912152935821518e-03 0.000000000000000000e+00
1.925000000000000000e+05 7.699989109394100861e-01 1.696631770596267741e-01 6.276741010468821491e-01 1.983386436049157930e-01 4.324078288575329727e-03 0.000000000000000000e+00
1.950000000000000000e+05 7.799988967957660613e-01 1.777423759672280279e-01 6.118570778334091465e-01 2.069868001820664438e-01 3.413746017296313308e-03 0.000000000000000000e+00
1.975000000000000000e+05 7.899988826521222585e-01 1.754665452890304955e-01 6.276741010468821491e-01 1.945835229858898507e-01 2.275830678197541916e-03 0.000000000000000000e+00
2.000000000000000000e+05 7.999988685084780116e-01 1.836595357305416398e-01 6.051433773327264953e-01 2.098315885298133732e-01 1.365498406918525280e-03 0.000000000000000000e+00
2.025000000000000000e+05 8.099988543648339867e-01 1.835457441966317771e-01 6.048020027309968238e-01 2.098315885298133732e-01 1.820664542558033706e-03 0.000000000000000000e+00
2.050000000000000000e+05 8.199988402211899619e-01 1.830905780609922706e-01 6.044606281292671524e-01 2.100591715976331264e-01 2.389622212107419402e-03 0.000000000000000000e+00
2.075000000000000000e+05 8.299988260775461590e-01 1.874146563495675821e-01 6.040054619936277014e-01 2.051661356395084179e-01 3.413746017296313308e-03 0.000000000000000000e+00
2.100000000000000000e+05 8.399988119339019121e-01 1.830905780609922706e-01 6.013882567137005530e-01 2.141556668183887124e-01 1.365498406918525280e-03 0.000000000000000000e+00
2.125000000000000000e+05 8.499987977902578873e-01 1.824078288575330109e-01 6.032089212562585789e-01 2.121074192080109333e-01 2.275830678197541916e-03 0.000000000000000000e+00
2.150000000000000000e+05 8.599987836466138624e-01 1.868456986800182129e-01 7.024351388256713236e-01 1.060537096040054666e-01 4.665452890304961318e-03 0.000000000000000000e+00
2.175000000000000000e+05 8.699987695029700596e-01 1.519116977696859383e-01 6.441738734638142727e-01 1.917387346381429214e-01 1.217569412835685025e-02 0.000000000000000000e+00
2.200000000000000000e+05 8.799987553593258127e-01 1.425807919890760000e-01 6.464497041420118606e-01 2.006144742831133254e-01 1.035502958579881741e-02 0.000000000000000000e+00
2.225000000000000000e+05 8.899987412156817879e-01 1.455393718707328199e-01 6.428083750568958088e-01 2.014110150204824756e-01 1.024123805188893906e-02 0.000000000000000000e+00
2.250000000000000000e+05 8.999987270720379851e-01 1.469048702776513393e-01 6.335912608101956778e-01 2.114246700045516736e-01 8.079198907601274626e-03 0.000000000000000000e+00
2.275000000000000000e+05 9.099987129283939602e-01 1.544151115157032239e-01 6.367774237596722786e-01 2.024351388256713791e-01 6.372325898953117539e-03 0.000000000000000000e+00
2.300000000000000000e+05 9.199986987847499353e-01 1.313154301319981732e-01 8.299954483386435822e-01 3.686845698680018407e-02 1.820664542558033706e-03 0.000000000000000000e+00
2.325000000000000000e+05 9.299986846411056884e-01 9.512972234865725574e-02 9.047564861174328676e-01 0.000000000000000000e+00 1.137915339098771066e-04 0.000000000000000000e+00
2.350000000000000000e+05 9.399986704974618856e-01 9.467455621301774926e-02 9.052116522530723186e-01 0.000000000000000000e+00 1.137915339098771066e-04 0.000000000000000000e+00
2.375000000000000000e+05 9.499986563538178608e-01 9.501593081474737912e-02 9.049840691852526486e-01 0.000000000000000000e+00 0.000000000000000000e+00 0.000000000000000000e+00
2.400000000000000000e+05 9.599986422101738359e-01 9.490213928083750250e-02 9.050978607191625391e-01 0.000000000000000000e+00 0.000000000000000000e+00 0.000000000000000000e+00
2.425000000000000000e+05 9.699986280665295890e-01 8.932635411925353430e-02 9.106736458807465073e-01 0.000000000000000000e+00 0.000000000000000000e+00 0.000000000000000000e+00
2.450000000000000000e+05 9.799986139228857862e-01 8.989531178880291740e-02 9.099908966772871644e-01 0.000000000000000000e+00 1.137915339098771066e-04 0.000000000000000000e+00
2.475000000000000000e+05 9.899985997792417614e-01 9.023668639053254725e-02 9.097633136094674944e-01 0.000000000000000000e+00 0.000000000000000000e+00 0.000000000000000000e+00
2.500000000000000000e+05 9.999985856355977365e-01 9.000910332271279402e-02 9.099908966772871644e-01 0.000000000000000000e+00 0.000000000000000000e+00 0.000000000000000000e+00
