# itime ezz other fcc hcp bcc ico
0.000000000000000000e+00 0.000000000000000000e+00 0.000000000000000000e+00 1.000000000000000000e+00 0.000000000000000000e+00 0.000000000000000000e+00 0.000000000000000000e+00
2.500000000000000000e+02 9.999759236654082173e-04 0.000000000000000000e+00 1.000000000000000000e+00 0.000000000000000000e+00 0.000000000000000000e+00 0.000000000000000000e+00
5.000000000000000000e+02 1.999951847331038479e-03 0.000000000000000000e+00 1.000000000000000000e+00 0.000000000000000000e+00 0.000000000000000000e+00 0.000000000000000000e+00
7.500000000000000000e+02 2.999927770996446696e-03 0.000000000000000000e+00 1.000000000000000000e+00 0.000000000000000000e+00 0.000000000000000000e+00 0.000000000000000000e+00
1.000000000000000000e+03 3.999903694661854914e-03 0.000000000000000000e+00 1.000000000000000000e+00 0.000000000000000000e+00 0.000000000000000000e+00 0.000000000000000000e+00
1.250000000000000000e+03 4.999879618327485176e-03 0.000000000000000000e+00 1.000000000000000000e+00 0.000000000000000000e+00 0.000000000000000000e+00 0.000000000000000000e+00
1.500000000000000000e+03 5.999855541992893393e-03 0.000000000000000000e+00 1.000000000000000000e+00 0.000000000000000000e+00 0.000000000000000000e+00 0.000000000000000000e+00
1.750000000000000000e+03 6.999831465658523655e-03 0.000000000000000000e+00 1.000000000000000000e+00 0.000000000000000000e+00 0.000000000000000000e+00 0.000000000000000000e+00
2.000000000000000000e+03 7.999807389323931872e-03 0.000000000000000000e+00 1.000000000000000000e+00 0.000000000000000000e+00 0.000000000000000000e+00 0.000000000000000000e+00
2.250000000000000000e+03 8.999783312989340089e-03 0.000000000000000000e+00 1.000000000000000000e+00 0.000000000000000000e+00 0.000000000000000000e+00 0.000000000000000000e+00
2.500000000000000000e+03 9.999759236654970351e-03 0.000000000000000000e+00 1.000000000000000000e+00 0.000000000000000000e+00 0.000000000000000000e+00 0.000000000000000000e+00
2.750000000000000000e+03 1.099973516032037857e-02 0.000000000000000000e+00 1.000000000000000000e+00 0.000000000000000000e+00 0.000000000000000000e+00 0.000000000000000000e+00
3.000000000000000000e+03 1.199971108398578679e-02 0.000000000000000000e+00 1.000000000000000000e+00 0.000000000000000000e+00 0.000000000000000000e+00 0.000000000000000000e+00
3.250000000000000000e+03 1.299968700765141705e-02 0.000000000000000000e+00 1.000000000000000000e+00 0.000000000000000000e+00 0.000000000000000000e+00 0.000000000000000000e+00
3.500000000000000000e+03 1.399966293131682527e-02 0.000000000000000000e+00 1.000000000000000000e+00 0.000000000000000000e+00 0.000000000000000000e+00 0.000000000000000000e+00
3.750000000000000000e+03 1.499963885498245553e-02 0.000000000000000000e+00 1.000000000000000000e+00 0.000000000000000000e+00 0.000000000000000000e+00 0.000000000000000000e+00
4.000000000000000000e+03 1.599961477864786374e-02 0.000000000000000000e+00 1.000000000000000000e+00 0.000000000000000000e+00 0.000000000000000000e+00 0.000000000000000000e+00
4.250000000000000000e+03 1.699959070231327196e-02 0.000000000000000000e+00 1.000000000000000000e+00 0.000000000000000000e+00 0.000000000000000000e+00 0.000000000000000000e+00
4.500000000000000000e+03 1.799956662597890222e-02 0.000000000000000000e+00 1.000000000000000000e+00 0.000000000000000000e+00 0.000000000000000000e+00 0.000000000000000000e+00
4.750000000000000000e+03 1.899954254964431044e-02 0.000000000000000000e+00 1.000000000000000000e+00 0.000000000000000000e+00 0.000000000000000000e+00 0.000000000000000000e+00
5.000000000000000000e+03 1.999951847330971866e-02 0.000000000000000000e+00 1.000000000000000000e+00 0.000000000000000000e+00 0.000000000000000000e+00 0.000000000000000000e+00
5.250000000000000000e+03 2.099949439697534892e-02 0.000000000000000000e+00 1.000000000000000000e+00 0.000000000000000000e+00 0.000000000000000000e+00 0.000000000000000000e+00
5.500000000000000000e+03 2.199947032064075714e-02 0.000000000000000000e+00 1.000000000000000000e+00 0.000000000000000000e+00 0.000000000000000000e+00 0.000000000000000000e+00
5.750000000000000000e+03 2.299944624430616535e-02 0.000000000000000000e+00 1.000000000000000000e+00 0.000000000000000000e+00 0.000000000000000000e+00 0.000000000000000000e+00
6.000000000000000000e+03 2.399942216797179562e-02 0.000000000000000000e+00 1.000000000000000000e+00 0.000000000000000000e+00 0.000000000000000000e+00 0.000000000000000000e+00
6.250000000000000000e+03 2.499939809163720383e-02 0.000000000000000000e+00 1.000000000000000000e+00 0.000000000000000000e+00 0.000000000000000000e+00 0.000000000000000000e+00
6.500000000000000000e+03 2.599937401530283410e-02 0.000000000000000000e+00 1.000000000000000000e+00 0.000000000000000000e+00 0.000000000000000000e+00 0.000000000000000000e+00
6.750000000000000000e+03 2.699934993896824231e-02 0.000000000000000000e+00 1.000000000000000000e+00 0.000000000000000000e+00 0.000000000000000000e+00 0.000000000000000000e+00
7.000000000000000000e+03 2.799932586263365053e-02 0.000000000000000000e+00 1.000000000000000000e+00 0.000000000000000000e+00 0.000000000000000000e+00 0.000000000000000000e+00
7.250000000000000000e+03 2.899930178629928079e-02 0.000000000000000000e+00 1.000000000000000000e+00 0.000000000000000000e+00 0.000000000000000000e+00 0.000000000000000000e+00
7.500000000000000000e+03 2.999927770996468901e-02 0.000000000000000000e+00 1.000000000000000000e+00 0.000000000000000000e+00 0.000000000000000000e+00 0.000000000000000000e+00
7.750000000000000000e+03 3.099925363363009723e-02 0.000000000000000000e+00 1.000000000000000000e+00 0.000000000000000000e+00 0.000000000000000000e+00 0.000000000000000000e+00
8.000000000000000000e+03 3.199922955729572749e-02 0.000000000000000000e+00 1.000000000000000000e+00 0.000000000000000000e+00 0.000000000000000000e+00 0.000000000000000000e+00
8.250000000000000000e+03 3.299920548096113571e-02 0.000000000000000000e+00 1.000000000000000000e+00 0.000000000000000000e+00 0.000000000000000000e+00 0.000000000000000000e+00
8.500000000000000000e+03 3.399918140462676597e-02 0.000000000000000000e+00 1.000000000000000000e+00 0.000000000000000000e+00 0.000000000000000000e+00 0.000000000000000000e+00
8.750000000000000000e+03 3.499915732829217418e-02 0.000000000000000000e+00 1.000000000000000000e+00 0.000000000000000000e+00 0.000000000000000000e+00 0.000000000000000000e+00
9.000000000000000000e+03 3.599913325195758240e-02 0.000000000000000000e+00 1.000000000000000000e+00 0.000000000000000000e+00 0.000000000000000000e+00 0.000000000000000000e+00
9.250000000000000000e+03 3.699910917562321266e-02 0.000000000000000000e+00 1.000000000000000000e+00 0.000000000000000000e+00 0.000000000000000000e+00 0.000000000000000000e+00
9.500000000000000000e+03 3.799908509928862088e-02 0.000000000000000000e+00 1.000000000000000000e+00 0.000000000000000000e+00 0.000000000000000000e+00 0.000000000000000000e+00
9.750000000000000000e+03 3.899906102295402910e-02 0.000000000000000000e+00 1.000000000000000000e+00 0.000000000000000000e+00 0.000000000000000000e+00 0.000000000000000000e+00
1.000000000000000000e+04 3.999903694661965936e-02 0.000000000000000000e+00 1.000000000000000000e+00 0.000000000000000000e+00 0.000000000000000000e+00 0.000000000000000000e+00
1.025000000000000000e+04 4.099901287028506758e-02 0.000000000000000000e+00 1.000000000000000000e+00 0.000000000000000000e+00 0.000000000000000000e+00 0.000000000000000000e+00
1.050000000000000000e+04 4.199898879395069784e-02 0.000000000000000000e+00 1.000000000000000000e+00 0.000000000000000000e+00 0.000000000000000000e+00 0.000000000000000000e+00
1.075000000000000000e+04 4.299896471761610606e-02 0.000000000000000000e+00 1.000000000000000000e+00 0.000000000000000000e+00 0.000000000000000000e+00 0.000000000000000000e+00
1.100000000000000000e+04 4.399894064128151427e-02 0.000000000000000000e+00 1.000000000000000000e+00 0.000000000000000000e+00 0.000000000000000000e+00 0.000000000000000000e+00
1.125000000000000000e+04 4.499891656494714454e-02 0.000000000000000000e+00 1.000000000000000000e+00 0.000000000000000000e+00 0.000000000000000000e+00 0.000000000000000000e+00
1.150000000000000000e+04 4.599889248861255275e-02 0.000000000000000000e+00 1.000000000000000000e+00 0.000000000000000000e+00 0.000000000000000000e+00 0.000000000000000000e+00
1.175000000000000000e+04 4.699886841227796097e-02 0.000000000000000000e+00 1.000000000000000000e+00 0.000000000000000000e+00 0.000000000000000000e+00 0.000000000000000000e+00
1.200000000000000000e+04 4.799884433594359123e-02 0.000000000000000000e+00 1.000000000000000000e+00 0.000000000000000000e+00 0.000000000000000000e+00 0.000000000000000000e+00
1.225000000000000000e+04 4.899882025960899945e-02 0.000000000000000000e+00 1.000000000000000000e+00 0.000000000000000000e+00 0.000000000000000000e+00 0.000000000000000000e+00
1.250000000000000000e+04 4.999879618327440767e-02 0.000000000000000000e+00 1.000000000000000000e+00 0.000000000000000000e+00 0.000000000000000000e+00 0.000000000000000000e+00
1.275000000000000000e+04 5.099877210694003793e-02 0.000000000000000000e+00 1.000000000000000000e+00 0.000000000000000000e+00 0.000000000000000000e+00 0.000000000000000000e+00
1.300000000000000000e+04 5.199874803060544615e-02 0.000000000000000000e+00 1.000000000000000000e+00 0.000000000000000000e+00 0.000000000000000000e+00 0.000000000000000000e+00
1.325000000000000000e+04 5.299872395427107641e-02 0.000000000000000000e+00 1.000000000000000000e+00 0.000000000000000000e+00 0.000000000000000000e+00 0.000000000000000000e+00
1.350000000000000000e+04 5.399869987793648463e-02 0.000000000000000000e+00 1.000000000000000000e+00 0.000000000000000000e+00 0.000000000000000000e+00 0.000000000000000000e+00
1.375000000000000000e+04 5.499867580160189284e-02 0.000000000000000000e+00 1.000000000000000000e+00 0.000000000000000000e+00 0.000000000000000000e+00 0.000000000000000000e+00
1.400000000000000000e+04 5.599865172526752310e-02 0.000000000000000000e+00 1.000000000000000000e+00 0.000000000000000000e+00 0.000000000000000000e+00 0.000000000000000000e+00
1.425000000000000000e+04 5.699862764893293132e-02 0.000000000000000000e+00 1.000000000000000000e+00 0.000000000000000000e+00 0.000000000000000000e+00 0.000000000000000000e+00
1.450000000000000000e+04 5.799860357259833954e-02 0.000000000000000000e+00 1.000000000000000000e+00 0.000000000000000000e+00 0.000000000000000000e+00 0.000000000000000000e+00
1.475000000000000000e+04 5.899857949626396980e-02 0.000000000000000000e+00 1.000000000000000000e+00 0.000000000000000000e+00 0.000000000000000000e+00 0.000000000000000000e+00
1.500000000000000000e+04 5.999855541992937802e-02 0.000000000000000000e+00 1.000000000000000000e+00 0.000000000000000000e+00 0.000000000000000000e+00 0.000000000000000000e+00
1.525000000000000000e+04 6.099853134359500828e-02 0.000000000000000000e+00 1.000000000000000000e+00 0.000000000000000000e+00 0.000000000000000000e+00 0.000000000000000000e+00
1.550000000000000000e+04 6.199850726726041650e-02 6.827492034592626399e-04 9.993172507965407680e-01 0.000000000000000000e+00 0.000000000000000000e+00 0.000000000000000000e+00
1.575000000000000000e+04 6.299848319092582472e-02 0.000000000000000000e+00 1.000000000000000000e+00 0.000000000000000000e+00 0.000000000000000000e+00 0.000000000000000000e+00
1.600000000000000000e+04 6.399845911459145498e-02 0.000000000000000000e+00 1.000000000000000000e+00 0.000000000000000000e+00 0.000000000000000000e+00 0.000000000000000000e+00
1.625000000000000000e+04 6.499843503825686319e-02 0.000000000000000000e+00 1.000000000000000000e+00 0.000000000000000000e+00 0.000000000000000000e+00 0.000000000000000000e+00
1.650000000000000000e+04 6.599841096192227141e-02 4.551661356395084266e-04 9.995448338643604380e-01 0.000000000000000000e+00 0.000000000000000000e+00 0.000000000000000000e+00
1.675000000000000000e+04 6.699838688558790167e-02 0.000000000000000000e+00 1.000000000000000000e+00 0.000000000000000000e+00 0.000000000000000000e+00 0.000000000000000000e+00
1.700000000000000000e+04 6.799836280925330989e-02 0.000000000000000000e+00 1.000000000000000000e+00 0.000000000000000000e+00 0.000000000000000000e+00 0.000000000000000000e+00
1.725000000000000000e+04 6.899833873291871811e-02 0.000000000000000000e+00 1.000000000000000000e+00 0.000000000000000000e+00 0.000000000000000000e+00 0.000000000000000000e+00
1.750000000000000000e+04 6.999831465658434837e-02 0.000000000000000000e+00 1.000000000000000000e+00 0.000000000000000000e+00 0.000000000000000000e+00 0.000000000000000000e+00
1.775000000000000000e+04 7.099829058024975659e-02 0.000000000000000000e+00 1.000000000000000000e+00 0.000000000000000000e+00 0.000000000000000000e+00 0.000000000000000000e+00
1.800000000000000000e+04 7.199826650391538685e-02 3.413746017296313199e-04 9.996586253982703285e-01 0.000000000000000000e+00 0.000000000000000000e+00 0.000000000000000000e+00
1.825000000000000000e+04 7.299824242758079507e-02 0.000000000000000000e+00 9.998862084660901095e-01 0.000000000000000000e+00 1.137915339098771066e-04 0.000000000000000000e+00
1.850000000000000000e+04 7.399821835124620328e-02 0.000000000000000000e+00 1.000000000000000000e+00 0.000000000000000000e+00 0.000000000000000000e+00 0.000000000000000000e+00
1.875000000000000000e+04 7.499819427491183355e-02 1.137915339098771066e-04 9.998862084660901095e-01 0.000000000000000000e+00 0.000000000000000000e+00 0.000000000000000000e+00
1.900000000000000000e+04 7.599817019857724176e-02 0.000000000000000000e+00 1.000000000000000000e+00 0.000000000000000000e+00 0.000000000000000000e+00 0.000000000000000000e+00
1.925000000000000000e+04 7.699814612224264998e-02 4.551661356395084266e-04 9.995448338643604380e-01 0.000000000000000000e+00 0.000000000000000000e+00 0.000000000000000000e+00
1.950000000000000000e+04 7.799812204590828024e-02 6.827492034592626399e-04 9.993172507965407680e-01 0.000000000000000000e+00 0.000000000000000000e+00 0.000000000000000000e+00
1.975000000000000000e+04 7.899809796957368846e-02 0.000000000000000000e+00 1.000000000000000000e+00 0.000000000000000000e+00 0.000000000000000000e+00 0.000000000000000000e+00
2.000000000000000000e+04 7.999807389323931872e-02 3.413746017296313199e-04 9.996586253982703285e-01 0.000000000000000000e+00 0.000000000000000000e+00 0.000000000000000000e+00
2.025000000000000000e+04 8.099804981690472694e-02 2.275830678197542133e-04 9.997724169321802190e-01 0.000000000000000000e+00 0.000000000000000000e+00 0.000000000000000000e+00
2.050000000000000000e+04 8.199802574057013516e-02 5.689576695493854790e-04 9.994310423304506585e-01 0.000000000000000000e+00 0.000000000000000000e+00 0.000000000000000000e+00
2.075000000000000000e+04 8.299800166423576542e-02 2.275830678197542133e-04 9.997724169321802190e-01 0.000000000000000000e+00 0.000000000000000000e+00 0.000000000000000000e+00
2.100000000000000000e+04 8.399797758790117364e-02 4.551661356395084266e-04 9.995448338643604380e-01 0.000000000000000000e+00 0.000000000000000000e+00 0.000000000000000000e+00
2.125000000000000000e+04 8.499795351156658185e-02 6.827492034592626399e-04 9.992034592626308775e-01 0.000000000000000000e+00 1.137915339098771066e-04 0.000000000000000000e+00
2.150000000000000000e+04 8.599792943523221211e-02 4.551661356395084266e-04 9.995448338643604380e-01 0.000000000000000000e+00 0.000000000000000000e+00 0.000000000000000000e+00
2.175000000000000000e+04 8.699790535889762033e-02 6.827492034592626399e-04 9.993172507965407680e-01 0.000000000000000000e+00 0.000000000000000000e+00 0.000000000000000000e+00
2.200000000000000000e+04 8.799788128256302855e-02 6.827492034592626399e-04 9.992034592626308775e-01 0.000000000000000000e+00 1.137915339098771066e-04 0.000000000000000000e+00
2.225000000000000000e+04 8.899785720622865881e-02 1.137915339098770958e-03 9.987482931269913156e-01 0.000000000000000000e+00 1.137915339098771066e-04 0.000000000000000000e+00
2.250000000000000000e+04 8.999783312989406703e-02 1.820664542558033706e-03 9.981793354574419741e-01 0.000000000000000000e+00 0.000000000000000000e+00 0.000000000000000000e+00
2.275000000000000000e+04 9.099780905355969729e-02 9.103322712790168532e-04 9.988620846609012061e-01 0.000000000000000000e+00 2.275830678197542133e-04 0.000000000000000000e+00
2.300000000000000000e+04 9.199778497722510551e-02 1.479289940828402332e-03 9.985207100591716456e-01 0.000000000000000000e+00 0.000000000000000000e+00 0.000000000000000000e+00
2.325000000000000000e+04 9.299776090089051372e-02 6.827492034592626399e-04 9.993172507965407680e-01 0.000000000000000000e+00 0.000000000000000000e+00 0.000000000000000000e+00
2.350000000000000000e+04 9.399773682455614399e-02 2.275830678197541916e-03 9.973827947200728516e-01 0.000000000000000000e+00 3.413746017296313199e-04 0.000000000000000000e+00
2.375000000000000000e+04 9.499771274822155220e-02 2.844788347746927612e-03 9.971552116522530707e-01 0.000000000000000000e+00 0.000000000000000000e+00 0.000000000000000000e+00
2.400000000000000000e+04 9.599768867188696042e-02 2.162039144287664864e-03 9.977241693218024121e-01 0.000000000000000000e+00 1.137915339098771066e-04 0.000000000000000000e+00
2.425000000000000000e+04 9.699766459555259068e-02 2.844788347746927612e-03 9.970414201183431802e-01 0.000000000000000000e+00 1.137915339098771066e-04 0.000000000000000000e+00
2.450000000000000000e+04 9.799764051921799890e-02 1.934456076467910759e-03 9.979517523896221931e-01 0.000000000000000000e+00 1.137915339098771066e-04 0.000000000000000000e+00
2.475000000000000000e+04 9.899761644288362916e-02 2.503413746017296455e-03 9.973827947200728516e-01 0.000000000000000000e+00 1.137915339098771066e-04 0.000000000000000000e+00
2.500000000000000000e+04 9.999759236654903738e-02 3.982703686845699004e-03 9.960172963131542767e-01 0.000000000000000000e+00 0.000000000000000000e+00 0.000000000000000000e+00
2.525000000000000000e+04 1.009975682902144456e-01 3.527537551206190360e-03 9.962448793809740577e-01 0.000000000000000000e+00 2.275830678197542133e-04 0.000000000000000000e+00
2.550000000000000000e+04 1.019975442138800759e-01 4.096495220755575623e-03 9.956759217114247162e-01 0.000000000000000000e+00 2.275830678197542133e-04 0.000000000000000000e+00
2.575000000000000000e+04 1.029975201375454841e-01 4.437869822485207214e-03 9.955621301775148257e-01 0.000000000000000000e+00 0.000000000000000000e+00 0.000000000000000000e+00
2.600000000000000000e+04 1.039974960612108923e-01 7.055075102412380721e-03 9.923759672280382249e-01 0.000000000000000000e+00 5.689576695493854790e-04 0.000000000000000000e+00
2.625000000000000000e+04 1.049974719848765226e-01 8.306781975421027864e-03 9.907828857532999800e-01 0.000000000000000000e+00 9.103322712790168532e-04 0.000000000000000000e+00
2.650000000000000000e+04 1.059974479085419308e-01 7.510241238051888930e-03 9.915794264906691025e-01 0.000000000000000000e+00 9.103322712790168532e-04 0.000000000000000000e+00
2.675000000000000000e+04 1.069974238322073390e-01 5.803368229403732710e-03 9.931725079654073474e-01 0.000000000000000000e+00 1.024123805188893906e-03 0.000000000000000000e+00
2.700000000000000000e+04 1.079973997558729693e-01 1.046882111970869403e-02 9.882794720072826111e-01 0.000000000000000000e+00 1.251706873008648227e-03 0.000000000000000000e+00
2.725000000000000000e+04 1.089973756795383775e-01 2.730996813837050646e-02 9.648384160218479444e-01 0.000000000000000000e+00 7.851615839781519654e-03 0.000000000000000000e+00
2.750000000000000000e+04 1.099973516032040077e-01 8.625398270368685172e-02 5.955848884842968038e-01 0.000000000000000000e+00 3.181611288120163583e-01 0.000000000000000000e+00
2.775000000000000000e+04 1.109973275268694159e-01 1.392808375056895642e-01 3.214610832954028496e-01 1.479289940828402332e-03 5.377787892580792040e-01 0.000000000000000000e+00
2.800000000000000000e+04 1.119973034505348242e-01 2.487482931269913433e-01 4.707555757851615841e-01 1.826354119253527641e-01 9.786071916249430847e-02 0.000000000000000000e+00
2.825000000000000000e+04 1.129972793742004544e-01 2.085798816568047442e-01 5.075102412380518846e-01 2.639963586709148657e-01 1.991351843422849502e-02 0.000000000000000000e+00
2.850000000000000000e+04 1.139972552978658626e-01 1.867319071461083224e-01 5.342512517068730427e-01 2.672963131543013016e-01 1.172052799271734204e-02 0.000000000000000000e+00
2.875000000000000000e+04 1.149972312215312709e-01 1.726217569412835662e-01 5.454028220300409791e-01 2.715065999089667503e-01 1.046882111970869403e-02 0.000000000000000000e+00
2.900000000000000000e+04 1.159972071451969011e-01 1.582840236686390567e-01 5.484751934456076894e-01 2.796995903504779224e-01 1.354119253527537488e-02 0.000000000000000000e+00
2.925000000000000000e+04 1.169971830688623093e-01 1.502048247610377751e-01 5.547337278106508895e-01 2.828857532999544677e-01 1.217569412835685025e-02 0.000000000000000000e+00
2.950000000000000000e+04 1.179971589925279396e-01 1.496358670914884059e-01 5.527992717341829731e-01 2.859581247155211781e-01 1.160673645880746542e-02 0.000000000000000000e+00
2.975000000000000000e+04 1.189971349161933478e-01 1.483841602184797492e-01 5.539371870732817671e-01 2.842512517068729871e-01 1.342740100136549826e-02 0.000000000000000000e+00
3.000000000000000000e+04 1.199971108398587560e-01 1.434911242603550408e-01 5.558716431497496835e-01 2.906235776058261333e-01 1.001365498406918582e-02 0.000000000000000000e+00
3.025000000000000000e+04 1.209970867635243863e-01 1.456531634046426826e-01 5.530268548020027541e-01 2.890304961310878329e-01 1.228948566226672687e-02 0.000000000000000000e+00
3.050000000000000000e+04 1.219970626871897945e-01 1.482703686845698587e-01 5.508648156577150568e-01 2.901684114701866268e-01 1.069640418752844727e-02 0.000000000000000000e+00
3.075000000000000000e+04 1.229970386108552027e-01 1.464497041420118328e-01 5.546199362767409990e-01 2.883477469276286009e-01 1.058261265361857065e-02 0.000000000000000000e+00
3.100000000000000000e+04 1.239970145345208330e-01 1.456531634046426826e-01 5.547337278106508895e-01 2.872098315885298070e-01 1.240327719617660522e-02 0.000000000000000000e+00
3.125000000000000000e+04 1.249969904581862412e-01 1.479289940828402428e-01 5.547337278106508895e-01 2.853891670459717811e-01 1.194811106053709528e-02 0.000000000000000000e+00
3.150000000000000000e+04 1.259969663818518715e-01 1.504324078288575284e-01 5.571233500227582569e-01 2.815202548930359483e-01 1.092398725534820224e-02 0.000000000000000000e+00
3.175000000000000000e+04 1.269969423055172797e-01 1.453117888029130667e-01 5.578060992262175999e-01 2.844788347746927681e-01 1.240327719617660522e-02 0.000000000000000000e+00
3.200000000000000000e+04 1.279969182291826879e-01 1.473600364132908458e-01 5.608784706417841992e-01 2.789030496131087999e-01 1.285844333181611343e-02 0.000000000000000000e+00
3.225000000000000000e+04 1.289968941528483182e-01 1.486117432862995025e-01 5.606508875739645292e-01 2.785616750113791285e-01 1.217569412835685025e-02 0.000000000000000000e+00
3.250000000000000000e+04 1.299968700765137264e-01 1.582840236686390567e-01 5.669094219390077294e-01 2.649066909421938787e-01 9.899863450159307465e-03 0.000000000000000000e+00
3.275000000000000000e+04 1.309968460001791346e-01 1.439462903959945472e-01 6.282430587164314906e-01 2.148384160218479721e-01 1.297223486572599005e-02 0.000000000000000000e+00
3.300000000000000000e+04 1.319968219238447649e-01 1.087847064178425194e-01 7.166590805644059703e-01 1.645425580336822846e-01 1.001365498406918582e-02 0.000000000000000000e+00
3.325000000000000000e+04 1.329967978475101731e-01 9.990896677287210148e-02 7.298588984979517136e-01 1.612426035502958488e-01 8.989531178880291046e-03 0.000000000000000000e+00
3.350000000000000000e+04 1.339967737711755813e-01 9.535730541647700897e-02 7.469276285844332897e-01 1.473600364132908458e-01 1.035502958579881741e-02 0.000000000000000000e+00
3.375000000000000000e+04 1.349967496948412116e-01 8.090578060992262288e-02 7.914201183431952558e-01 1.232362312243969055e-01 4.437869822485207214e-03 0.000000000000000000e+00
3.400000000000000000e+04 1.359967256185066198e-01 7.089212562585343880e-02 7.971096950386891145e-01 1.265361857077833274e-01 5.461993627674101119e-03 0.000000000000000000e+00
3.425000000000000000e+04 1.369967015421722500e-01 7.316795630405098505e-02 7.989303595812471404e-01 1.220983158852981393e-01 5.803368229403732710e-03 0.000000000000000000e+00
3.450000000000000000e+04 1.379966774658376583e-01 7.350933090578061491e-02 7.976786527082384559e-01 1.226672735548475224e-01 6.144742831133363434e-03 0.000000000000000000e+00
3.475000000000000000e+04 1.389966533895030665e-01 7.191624943104232837e-02 7.994993172507965928e-01 1.236913973600364119e-01 4.893035958124715423e-03 0.000000000000000000e+00
3.500000000000000000e+04 1.399966293131686967e-01 7.055075102412380894e-02 8.005234410559853853e-01 1.244879380974055483e-01 4.437869822485207214e-03 0.000000000000000000e+00
3.525000000000000000e+04 1.409966052368341050e-01 7.100591715976331542e-02 7.984751934456076894e-01 1.266499772416932179e-01 3.868912152935821518e-03 0.000000000000000000e+00
3.550000000000000000e+04 1.419965811604995132e-01 7.350933090578061491e-02 7.967683204369594430e-01 1.257396449704142050e-01 3.982703686845699004e-03 0.000000000000000000e+00
3.575000000000000000e+04 1.429965570841651434e-01 7.055075102412380894e-02 7.967683204369594430e-01 1.252844788347746985e-01 7.396449704142011444e-03 0.000000000000000000e+00
3.600000000000000000e+04 1.439965330078305517e-01 6.690942193900774326e-02 7.991579426490669213e-01 1.285844333181611343e-01 5.348202093764223633e-03 0.000000000000000000e+00
3.625000000000000000e+04 1.449965089314961819e-01 6.144742831133363781e-02 8.068957669549385869e-01 1.267637687756031084e-01 4.893035958124715423e-03 0.000000000000000000e+00
3.650000000000000000e+04 1.459964848551615901e-01 6.076467910787437116e-02 8.080336822940372699e-01 1.266499772416932179e-01 4.551661356395083832e-03 0.000000000000000000e+00
3.675000000000000000e+04 1.469964607788269984e-01 5.746472462448793533e-02 8.093991807009558448e-01 1.296085571233500100e-01 3.527537551206190360e-03 0.000000000000000000e+00
3.700000000000000000e+04 1.479964367024926286e-01 5.883022303140646170e-02 8.081474738279471604e-01 1.284706417842512438e-01 4.551661356395083832e-03 0.000000000000000000e+00
3.725000000000000000e+04 1.489964126261580368e-01 5.814747382794720199e-02 8.082612653618570508e-01 1.284706417842512438e-01 5.120619025944469528e-03 0.000000000000000000e+00
3.750000000000000000e+04 1.499963885498234450e-01 6.019572143832498806e-02 8.076923076923077094e-01 1.277878925807919841e-01 4.324078288575329727e-03 0.000000000000000000e+00
3.775000000000000000e+04 1.509963644734890753e-01 5.917159763313609155e-02 8.066681838871188059e-01 1.289258079198907503e-01 5.234410559854347014e-03 0.000000000000000000e+00
3.800000000000000000e+04 1.519963403971544835e-01 5.814747382794720199e-02 8.078060992262175999e-01 1.301775147928994070e-01 3.868912152935821518e-03 0.000000000000000000e+00
3.825000000000000000e+04 1.529963163208198917e-01 5.723714155666818210e-02 8.073509330905780379e-01 1.309740555302685572e-01 4.437869822485207214e-03 0.000000000000000000e+00
3.850000000000000000e+04 1.539962922444855220e-01 5.848884842967683184e-02 8.080336822940372699e-01 1.293809740555302568e-01 4.096495220755575623e-03 0.000000000000000000e+00
3.875000000000000000e+04 1.549962681681509302e-01 5.985434683659535821e-02 8.067819754210286964e-01 1.297223486572599005e-01 3.641329085116067413e-03 0.000000000000000000e+00
3.900000000000000000e+04 1.559962440918165605e-01 6.110605370960400795e-02 8.051888939462903405e-01 1.290395994538006408e-01 4.665452890304961318e-03 0.000000000000000000e+00
3.925000000000000000e+04 1.569962200154819687e-01 5.939918070095585173e-02 8.075785161583978189e-01 1.292671825216203940e-01 3.755120619025944465e-03 0.000000000000000000e+00
3.950000000000000000e+04 1.579961959391473769e-01 5.803368229403732537e-02 8.067819754210286964e-01 1.307464724624488039e-01 4.437869822485207214e-03 0.000000000000000000e+00
3.975000000000000000e+04 1.589961718628130072e-01 5.848884842967683184e-02 8.068957669549385869e-01 1.302913063268092975e-01 4.324078288575329727e-03 0.000000000000000000e+00
4.000000000000000000e+04 1.599961477864784154e-01 5.860263996358670846e-02 8.075785161583978189e-01 1.293809740555302568e-01 4.437869822485207214e-03 0.000000000000000000e+00
4.025000000000000000e+04 1.609961237101438236e-01 5.894401456531633832e-02 8.068957669549385869e-01 1.289258079198907503e-01 5.234410559854347014e-03 0.000000000000000000e+00
4.050000000000000000e+04 1.619960996338094539e-01 5.803368229403732537e-02 8.055302685480200120e-01 1.308602639963586667e-01 5.575785161583977738e-03 0.000000000000000000e+00
4.075000000000000000e+04 1.629960755574748621e-01 5.655439235320892238e-02 8.078060992262175999e-01 1.298361401911697632e-01 5.803368229403732710e-03 0.000000000000000000e+00
4.100000000000000000e+04 1.639960514811404924e-01 5.803368229403732537e-02 8.071233500227582569e-01 1.293809740555302568e-01 5.461993627674101119e-03 0.000000000000000000e+00
4.125000000000000000e+04 1.649960274048059006e-01 5.917159763313609155e-02 8.057578516158397930e-01 1.289258079198907503e-01 6.144742831133363434e-03 0.000000000000000000e+00
4.150000000000000000e+04 1.659960033284713088e-01 5.712335002275830548e-02 8.062130177514792440e-01 1.310878470641784199e-01 5.575785161583977738e-03 0.000000000000000000e+00
4.175000000000000000e+04 1.669959792521369391e-01 5.848884842967683184e-02 8.065543923532089154e-01 1.301775147928994070e-01 4.779244424214838804e-03 0.000000000000000000e+00
4.200000000000000000e+04 1.679959551758023473e-01 5.883022303140646170e-02 8.051888939462903405e-01 1.309740555302685572e-01 5.006827492034592909e-03 0.000000000000000000e+00
4.225000000000000000e+04 1.689959310994677555e-01 5.917159763313609155e-02 8.058716431497496835e-01 1.302913063268092975e-01 4.665452890304961318e-03 0.000000000000000000e+00
4.250000000000000000e+04 1.699959070231333857e-01 5.780609922621757213e-02 8.063268092853891345e-01 1.306326809285389134e-01 5.234410559854347014e-03 0.000000000000000000e+00
4.275000000000000000e+04 1.709958829467987940e-01 5.848884842967683184e-02 8.070095584888484774e-01 1.297223486572599005e-01 4.779244424214838804e-03 0.000000000000000000e+00
4.300000000000000000e+04 1.719958588704642022e-01 5.917159763313609155e-02 8.050751024123805610e-01 1.300637232589895442e-01 5.689576695493855224e-03 0.000000000000000000e+00
4.325000000000000000e+04 1.729958347941298324e-01 5.939918070095585173e-02 8.012061902594447282e-01 1.345015930814747462e-01 4.893035958124715423e-03 0.000000000000000000e+00
4.350000000000000000e+04 1.739958107177952407e-01 5.712335002275830548e-02 8.027992717341829731e-01 1.357532999544833752e-01 4.324078288575329727e-03 0.000000000000000000e+00
4.375000000000000000e+04 1.749957866414608709e-01 5.837505689576695522e-02 8.008648156577150568e-01 1.351843422849340060e-01 5.575785161583977738e-03 0.000000000000000000e+00
4.400000000000000000e+04 1.759957625651262791e-01 5.780609922621757213e-02 7.992717341829768118e-01 1.362084660901228816e-01 6.713700500682749130e-03 0.000000000000000000e+00
4.425000000000000000e+04 1.769957384887916874e-01 5.905780609922621494e-02 8.000682749203459343e-01 1.350705507510241155e-01 5.803368229403732710e-03 0.000000000000000000e+00
4.450000000000000000e+04 1.779957144124573176e-01 6.224396904870277414e-02 7.967683204369594430e-01 1.351843422849340060e-01 5.803368229403732710e-03 0.000000000000000000e+00
4.475000000000000000e+04 1.789956903361227258e-01 5.917159763313609155e-02 7.982476103777879084e-01 1.363222576240327721e-01 6.258534365043240920e-03 0.000000000000000000e+00
4.500000000000000000e+04 1.799956662597881341e-01 5.996813837050523482e-02 7.931269913518433912e-01 1.426945835229858905e-01 4.210286754665453109e-03 0.000000000000000000e+00
4.525000000000000000e+04 1.809956421834537643e-01 5.962676376877560497e-02 7.916477014110150368e-01 1.430359581247155343e-01 5.689576695493855224e-03 0.000000000000000000e+00
4.550000000000000000e+04 1.819956181071191725e-01 6.213017751479289752e-02 7.916477014110150368e-01 1.414428766499772339e-01 4.779244424214838804e-03 0.000000000000000000e+00
4.575000000000000000e+04 1.829955940307848028e-01 6.235776058261265076e-02 7.878925807919890945e-01 1.446290395994538069e-01 5.120619025944469528e-03 0.000000000000000000e+00
4.600000000000000000e+04 1.839955699544502110e-01 6.406463359126081392e-02 7.777651342740100615e-01 1.521392808375056915e-01 6.030951297223486815e-03 0.000000000000000000e+00
4.625000000000000000e+04 1.849955458781156192e-01 6.850250341374601593e-02 7.680928538916704795e-01 1.577150659990896597e-01 5.689576695493855224e-03 0.000000000000000000e+00
4.650000000000000000e+04 1.859955218017812495e-01 6.838871187983613931e-02 7.676376877560309175e-01 1.591943559399180697e-01 4.779244424214838804e-03 0.000000000000000000e+00
4.675000000000000000e+04 1.869954977254466577e-01 7.476103777878925771e-02 7.521620391442876974e-01 1.696631770596267741e-01 3.413746017296313308e-03 0.000000000000000000e+00
4.700000000000000000e+04 1.879954736491120659e-01 7.111970869367319203e-02 7.432862994993172379e-01 1.819526627218935044e-01 3.641329085116067413e-03 0.000000000000000000e+00
4.725000000000000000e+04 1.889954495727776962e-01 7.567137005006827066e-02 7.287209831588530307e-01 1.932180245789713313e-01 2.389622212107419402e-03 0.000000000000000000e+00
4.750000000000000000e+04 1.899954254964431044e-01 7.771961766044606368e-02 7.305416477014110566e-01 1.895766954938552518e-01 2.162039144287664864e-03 0.000000000000000000e+00
4.775000000000000000e+04 1.909954014201085126e-01 8.363677742375967561e-02 7.467000455166135087e-01 1.655666818388711881e-01 4.096495220755575623e-03 0.000000000000000000e+00
4.800000000000000000e+04 1.919953773437741429e-01 8.522985889849794827e-02 7.357760582612653533e-01 1.738734638142922229e-01 5.120619025944469528e-03 0.000000000000000000e+00
4.825000000000000000e+04 1.929953532674395511e-01 8.511606736458807165e-02 7.414656349567592120e-01 1.687528447883477334e-01 4.665452890304961318e-03 0.000000000000000000e+00
4.850000000000000000e+04 1.939953291911051814e-01 8.340919435593992237e-02 7.389622212107419541e-01 1.733045061447428259e-01 4.324078288575329727e-03 0.000000000000000000e+00
4.875000000000000000e+04 1.949953051147705896e-01 8.386436049157942885e-02 7.415794264906691025e-01 1.711424670004551563e-01 3.413746017296313308e-03 0.000000000000000000e+00
4.900000000000000000e+04 1.959952810384359978e-01 8.784706417842512438e-02 7.408966772872098705e-01 1.675011379153391045e-01 3.755120619025944465e-03 0.000000000000000000e+00
4.925000000000000000e+04 1.969952569621016281e-01 8.431952662721893532e-02 7.406690942193900895e-01 1.709148839326354030e-01 4.096495220755575623e-03 0.000000000000000000e+00
4.950000000000000000e+04 1.979952328857670363e-01 8.716431497496586467e-02 7.362312243969049153e-01 1.723941738734638129e-01 4.210286754665453109e-03 0.000000000000000000e+00
4.975000000000000000e+04 1.989952088094324445e-01 8.591260810195720798e-02 7.377105143377332697e-01 1.719390077378243065e-01 4.437869822485207214e-03 0.000000000000000000e+00
5.000000000000000000e+04 1.999951847330980748e-01 8.852981338188438409e-02 7.371415566681839282e-01 1.698907601274465273e-01 4.437869822485207214e-03 0.000000000000000000e+00
5.025000000000000000e+04 2.009951606567634830e-01 9.194355939918069653e-02 7.295175238962221531e-01 1.747837960855712358e-01 3.755120619025944465e-03 0.000000000000000000e+00
5.050000000000000000e+04 2.019951365804291132e-01 9.262630860263997012e-02 7.287209831588530307e-01 1.746700045516613453e-01 3.982703686845699004e-03 0.000000000000000000e+00
5.075000000000000000e+04 2.029951125040945215e-01 9.069185252617205373e-02 7.294037323623122626e-01 1.750113791533909890e-01 4.893035958124715423e-03 0.000000000000000000e+00
5.100000000000000000e+04 2.039950884277599297e-01 9.456076467910787264e-02 7.251934456076467583e-01 1.761492944924897552e-01 4.096495220755575623e-03 0.000000000000000000e+00
5.125000000000000000e+04 2.049950643514255599e-01 9.330905780609922984e-02 7.287209831588530307e-01 1.734182976786527164e-01 4.551661356395083832e-03 0.000000000000000000e+00
5.150000000000000000e+04 2.059950402750909682e-01 9.251251706873007963e-02 7.270141101502047842e-01 1.768320436959490149e-01 3.641329085116067413e-03 0.000000000000000000e+00
5.175000000000000000e+04 2.069950161987563764e-01 9.091943559399180697e-02 7.297451069640418231e-01 1.748975876194810986e-01 4.437869822485207214e-03 0.000000000000000000e+00
5.200000000000000000e+04 2.079949921224220066e-01 9.194355939918069653e-02 7.496586253982703285e-01 1.537323623122439642e-01 4.665452890304961318e-03 0.000000000000000000e+00
5.225000000000000000e+04 2.089949680460874148e-01 9.456076467910787264e-02 6.915111515703231682e-01 2.040282203004096517e-01 9.899863450159307465e-03 0.000000000000000000e+00
5.250000000000000000e+04 2.099949439697530451e-01 9.262630860263997012e-02 6.793354574419663283e-01 2.190487027765134209e-01 8.989531178880291046e-03 0.000000000000000000e+00
5.275000000000000000e+04 2.109949198934184533e-01 9.091943559399180697e-02 6.860491579426490905e-01 2.143832498862084657e-01 8.648156577150659455e-03 0.000000000000000000e+00
5.300000000000000000e+04 2.119948958170838615e-01 8.739189804278561791e-02 6.865043240782885414e-01 2.158625398270368756e-01 1.024123805188893906e-02 0.000000000000000000e+00
5.325000000000000000e+04 2.129948717407494918e-01 8.807464724624487762e-02 6.910559854346836062e-01 2.113108784706417831e-01 9.558488848429677609e-03 0.000000000000000000e+00
5.350000000000000000e+04 2.139948476644149000e-01 8.648156577150660496e-02 6.915111515703231682e-01 2.117660446062812896e-01 1.024123805188893906e-02 0.000000000000000000e+00
5.375000000000000000e+04 2.149948235880803082e-01 8.921256258534364381e-02 6.915111515703231682e-01 2.100591715976331264e-01 9.217114246700046018e-03 0.000000000000000000e+00
5.400000000000000000e+04 2.159947995117459385e-01 9.069185252617205373e-02 6.909421939007738267e-01 2.106281292671825234e-01 7.737824305871643035e-03 0.000000000000000000e+00
5.425000000000000000e+04 2.169947754354113467e-01 8.887118798361401395e-02 6.904870277651342647e-01 2.101729631315430169e-01 1.046882111970869403e-02 0.000000000000000000e+00
5.450000000000000000e+04 2.179947513590767549e-01 9.035047792444242387e-02 6.876422394173873354e-01 2.139280837505689592e-01 8.079198907601274626e-03 0.000000000000000000e+00
5.475000000000000000e+04 2.189947272827423852e-01 8.887118798361401395e-02 6.894629039599453613e-01 2.108557123350022766e-01 1.081019572143832562e-02 0.000000000000000000e+00
5.500000000000000000e+04 2.199947032064077934e-01 9.308147473827947660e-02 6.870732817478379939e-01 2.093764223941738667e-01 1.046882111970869403e-02 0.000000000000000000e+00
5.525000000000000000e+04 2.209946791300734237e-01 9.080564406008193035e-02 6.874146563495675544e-01 2.131315430131998090e-01 8.648156577150659455e-03 0.000000000000000000e+00
5.550000000000000000e+04 2.219946550537388319e-01 8.682294037323623481e-02 6.876422394173873354e-01 2.154073736913973691e-01 1.012744651797906244e-02 0.000000000000000000e+00
5.575000000000000000e+04 2.229946309774042401e-01 9.046426945835230049e-02 6.893491124260354708e-01 2.116522530723714268e-01 8.534365043240782836e-03 0.000000000000000000e+00
5.600000000000000000e+04 2.239946069010698704e-01 9.091943559399180697e-02 6.875284478834774449e-01 2.116522530723714268e-01 9.899863450159307465e-03 0.000000000000000000e+00
5.625000000000000000e+04 2.249945828247352786e-01 8.898497951752389057e-02 6.874146563495675544e-01 2.127901684114701930e-01 1.081019572143832562e-02 0.000000000000000000e+00
5.650000000000000000e+04 2.259945587484006868e-01 9.000910332271279402e-02 6.866181156121984319e-01 2.131315430131998090e-01 1.024123805188893906e-02 0.000000000000000000e+00
5.675000000000000000e+04 2.269945346720663171e-01 9.103322712790168358e-02 6.882111970869366768e-01 2.106281292671825234e-01 1.012744651797906244e-02 0.000000000000000000e+00
