# itime ezz other fcc hcp bcc ico
0.000000000000000000e+00 0.000000000000000000e+00 9.103322712790168532e-04 9.990896677287209870e-01 0.000000000000000000e+00 0.000000000000000000e+00 0.000000000000000000e+00
3.000000000000000000e+00 1.199971057101345551e-03 6.827492034592626399e-04 9.993172507965407680e-01 0.000000000000000000e+00 0.000000000000000000e+00 0.000000000000000000e+00
6.000000000000000000e+00 2.399942114202691101e-03 5.689576695493854790e-04 9.994310423304506585e-01 0.000000000000000000e+00 0.000000000000000000e+00 0.000000000000000000e+00
9.000000000000000000e+00 3.599913171304036652e-03 3.413746017296313199e-04 9.996586253982703285e-01 0.000000000000000000e+00 0.000000000000000000e+00 0.000000000000000000e+00
1.200000000000000000e+01 4.799884228405160158e-03 5.689576695493854790e-04 9.994310423304506585e-01 0.000000000000000000e+00 0.000000000000000000e+00 0.000000000000000000e+00
1.500000000000000000e+01 5.999855285506505709e-03 5.689576695493854790e-04 9.994310423304506585e-01 0.000000000000000000e+00 0.000000000000000000e+00 0.000000000000000000e+00
1.800000000000000000e+01 7.199826342607851259e-03 4.551661356395084266e-04 9.995448338643604380e-01 0.000000000000000000e+00 0.000000000000000000e+00 0.000000000000000000e+00
2.100000000000000000e+01 8.399797399709196810e-03 9.103322712790168532e-04 9.990896677287209870e-01 0.000000000000000000e+00 0.000000000000000000e+00 0.000000000000000000e+00
2.400000000000000000e+01 9.599768456810542361e-03 1.024123805188893906e-03 9.989758761948110966e-01 0.000000000000000000e+00 0.000000000000000000e+00 0.000000000000000000e+00
2.700000000000000000e+01 1.079973951391188791e-02 1.137915339098770958e-03 9.988620846609012061e-01 0.000000000000000000e+00 0.000000000000000000e+00 0.000000000000000000e+00
3.000000000000000000e+01 1.199971057101301142e-02 1.365498406918525280e-03 9.986345015930814251e-01 0.000000000000000000e+00 0.000000000000000000e+00 0.000000000000000000e+00
3.300000000000000000e+01 1.319968162811435697e-02 1.479289940828402332e-03 9.985207100591716456e-01 0.000000000000000000e+00 0.000000000000000000e+00 0.000000000000000000e+00
3.600000000000000000e+01 1.439965268521570252e-02 1.251706873008648227e-03 9.987482931269913156e-01 0.000000000000000000e+00 0.000000000000000000e+00 0.000000000000000000e+00
3.900000000000000000e+01 1.559962374231704807e-02 6.827492034592626399e-04 9.993172507965407680e-01 0.000000000000000000e+00 0.000000000000000000e+00 0.000000000000000000e+00
4.200000000000000000e+01 1.679959479941839362e-02 9.103322712790168532e-04 9.990896677287209870e-01 0.000000000000000000e+00 0.000000000000000000e+00 0.000000000000000000e+00
4.500000000000000000e+01 1.799956585651973917e-02 7.965407373691396923e-04 9.992034592626308775e-01 0.000000000000000000e+00 0.000000000000000000e+00 0.000000000000000000e+00
4.800000000000000000e+01 1.919953691362086268e-02 1.365498406918525280e-03 9.986345015930814251e-01 0.000000000000000000e+00 0.000000000000000000e+00 0.000000000000000000e+00
5.100000000000000000e+01 2.039950797072220823e-02 2.048247610377787811e-03 9.979517523896221931e-01 0.000000000000000000e+00 0.000000000000000000e+00 0.000000000000000000e+00
5.400000000000000000e+01 2.159947902782355378e-02 1.706873008648156654e-03 9.982931269913518646e-01 0.000000000000000000e+00 0.000000000000000000e+00 0.000000000000000000e+00
5.700000000000000000e+01 2.279945008492489933e-02 2.048247610377787811e-03 9.979517523896221931e-01 0.000000000000000000e+00 0.000000000000000000e+00 0.000000000000000000e+00
6.000000000000000000e+01 2.399942114202624488e-02 2.503413746017296455e-03 9.974965862539827421e-01 0.000000000000000000e+00 0.000000000000000000e+00 0.000000000000000000e+00
6.300000000000000000e+01 2.519939219912759043e-02 3.072371415566681717e-03 9.969276285844332897e-01 0.000000000000000000e+00 0.000000000000000000e+00 0.000000000000000000e+00
6.600000000000000000e+01 2.639936325622871394e-02 2.048247610377787811e-03 9.979517523896221931e-01 0.000000000000000000e+00 0.000000000000000000e+00 0.000000000000000000e+00
6.900000000000000000e+01 2.759933431333005949e-02 1.365498406918525280e-03 9.986345015930814251e-01 0.000000000000000000e+00 0.000000000000000000e+00 0.000000000000000000e+00
7.200000000000000000e+01 2.879930537043140504e-02 1.365498406918525280e-03 9.986345015930814251e-01 0.000000000000000000e+00 0.000000000000000000e+00 0.000000000000000000e+00
7.500000000000000000e+01 2.999927642753275059e-02 5.689576695493854790e-04 9.994310423304506585e-01 0.000000000000000000e+00 0.000000000000000000e+00 0.000000000000000000e+00
7.800000000000000000e+01 3.119924748463409614e-02 7.965407373691396923e-04 9.992034592626308775e-01 0.000000000000000000e+00 0.000000000000000000e+00 0.000000000000000000e+00
8.100000000000000000e+01 3.239921854173544169e-02 1.593081474738279385e-03 9.984069185252617551e-01 0.000000000000000000e+00 0.000000000000000000e+00 0.000000000000000000e+00
8.400000000000000000e+01 3.359918959883656520e-02 2.844788347746927612e-03 9.971552116522530707e-01 0.000000000000000000e+00 0.000000000000000000e+00 0.000000000000000000e+00
8.700000000000000000e+01 3.479916065593791075e-02 4.437869822485207214e-03 9.955621301775148257e-01 0.000000000000000000e+00 0.000000000000000000e+00 0.000000000000000000e+00
9.000000000000000000e+01 3.599913171303925630e-02 3.755120619025944465e-03 9.962448793809740577e-01 0.000000000000000000e+00 0.000000000000000000e+00 0.000000000000000000e+00
9.300000000000000000e+01 3.719910277014060185e-02 4.779244424214838804e-03 9.951069640418752638e-01 0.000000000000000000e+00 1.137915339098771066e-04 0.000000000000000000e+00
9.600000000000000000e+01 3.839907382724194740e-02 6.372325898953117539e-03 9.934000910332271284e-01 0.000000000000000000e+00 2.275830678197542133e-04 0.000000000000000000e+00
9.900000000000000000e+01 3.959904488434329295e-02 8.648156577150659455e-03 9.912380518889394310e-01 0.000000000000000000e+00 1.137915339098771066e-04 0.000000000000000000e+00
1.020000000000000000e+02 4.079901594144441646e-02 1.069640418752844727e-02 9.891898042785616241e-01 0.000000000000000000e+00 1.137915339098771066e-04 0.000000000000000000e+00
1.050000000000000000e+02 4.199898699854576201e-02 1.035502958579881741e-02 9.895311788802912956e-01 0.000000000000000000e+00 1.137915339098771066e-04 0.000000000000000000e+00
1.080000000000000000e+02 4.319895805564710756e-02 1.012744651797906244e-02 9.896449704142011861e-01 0.000000000000000000e+00 2.275830678197542133e-04 0.000000000000000000e+00
1.110000000000000000e+02 4.439892911274845311e-02 8.989531178880291046e-03 9.908966772872098705e-01 0.000000000000000000e+00 1.137915339098771066e-04 0.000000000000000000e+00
1.140000000000000000e+02 4.559890016984979866e-02 1.035502958579881741e-02 9.893035958124715146e-01 0.000000000000000000e+00 3.413746017296313199e-04 0.000000000000000000e+00
1.170000000000000000e+02 4.679887122695114421e-02 1.092398725534820224e-02 9.887346381429221731e-01 0.000000000000000000e+00 3.413746017296313199e-04 0.000000000000000000e+00
1.200000000000000000e+02 4.799884228405226771e-02 1.160673645880746542e-02 9.883932635411925016e-01 0.000000000000000000e+00 0.000000000000000000e+00 0.000000000000000000e+00
1.230000000000000000e+02 4.919881334115361327e-02 1.081019572143832562e-02 9.888484296768320636e-01 0.000000000000000000e+00 3.413746017296313199e-04 0.000000000000000000e+00
1.260000000000000000e+02 5.039878439825495882e-02 1.240327719617660522e-02 9.872553482020938187e-01 0.000000000000000000e+00 3.413746017296313199e-04 0.000000000000000000e+00
1.290000000000000000e+02 5.159875545535630437e-02 1.183431952662721866e-02 9.879380974055530507e-01 0.000000000000000000e+00 2.275830678197542133e-04 0.000000000000000000e+00
1.320000000000000000e+02 5.279872651245764992e-02 1.160673645880746542e-02 9.883932635411925016e-01 0.000000000000000000e+00 0.000000000000000000e+00 0.000000000000000000e+00
1.350000000000000000e+02 5.399869756955899547e-02 1.012744651797906244e-02 9.895311788802912956e-01 0.000000000000000000e+00 3.413746017296313199e-04 0.000000000000000000e+00
1.380000000000000000e+02 5.519866862666011897e-02 1.183431952662721866e-02 9.879380974055530507e-01 0.000000000000000000e+00 2.275830678197542133e-04 0.000000000000000000e+00
1.410000000000000000e+02 5.639863968376146452e-02 1.319981793354574502e-02 9.866863905325443662e-01 0.000000000000000000e+00 1.137915339098771066e-04 0.000000000000000000e+00
1.440000000000000000e+02 5.759861074086281008e-02 1.422394173873463806e-02 9.854346836595356818e-01 0.000000000000000000e+00 3.413746017296313199e-04 0.000000000000000000e+00
1.470000000000000000e+02 5.879858179796415563e-02 1.251706873008648184e-02 9.873691397360035982e-01 0.000000000000000000e+00 1.137915339098771066e-04 0.000000000000000000e+00
1.500000000000000000e+02 5.999855285506550118e-02 1.490669094219390124e-02 9.847519344560764498e-01 0.000000000000000000e+00 3.413746017296313199e-04 0.000000000000000000e+00
1.530000000000000000e+02 6.119852391216684673e-02 1.854802002730996865e-02 9.806554392353209471e-01 0.000000000000000000e+00 7.965407373691396923e-04 0.000000000000000000e+00
1.560000000000000000e+02 6.239849496926819228e-02 2.309968138370505075e-02 9.763313609467455523e-01 0.000000000000000000e+00 5.689576695493854790e-04 0.000000000000000000e+00
1.590000000000000000e+02 6.359846602636931578e-02 2.560309512972235024e-02 9.738279472007282944e-01 0.000000000000000000e+00 5.689576695493854790e-04 0.000000000000000000e+00
1.620000000000000000e+02 6.479843708347066134e-02 2.435138825671370050e-02 9.748520710059171979e-01 0.000000000000000000e+00 7.965407373691396923e-04 0.000000000000000000e+00
1.650000000000000000e+02 6.599840814057200689e-02 2.423759672280382388e-02 9.743969048702776359e-01 0.000000000000000000e+00 1.365498406918525280e-03 0.000000000000000000e+00
1.680000000000000000e+02 6.719837919767335244e-02 2.469276285844333035e-02 9.739417387346381849e-01 0.000000000000000000e+00 1.365498406918525280e-03 0.000000000000000000e+00
1.710000000000000000e+02 6.839835025477469799e-02 2.662721893491124328e-02 9.717796995903504875e-01 0.000000000000000000e+00 1.593081474738279385e-03 0.000000000000000000e+00
1.740000000000000000e+02 6.959832131187604354e-02 3.083750568957669552e-02 9.674556213017750927e-01 0.000000000000000000e+00 1.706873008648156654e-03 0.000000000000000000e+00
1.770000000000000000e+02 7.079829236897716704e-02 3.698224852071006069e-02 9.609695038689121116e-01 0.000000000000000000e+00 2.048247610377787811e-03 0.000000000000000000e+00
1.800000000000000000e+02 7.199826342607851259e-02 3.994082840236686666e-02 9.584660901228948537e-01 0.000000000000000000e+00 1.593081474738279385e-03 0.000000000000000000e+00
1.830000000000000000e+02 7.319823448317985815e-02 4.255803368229403583e-02 9.556213017751479244e-01 0.000000000000000000e+00 1.820664542558033706e-03 0.000000000000000000e+00
1.860000000000000000e+02 7.439820554028120370e-02 5.177514792899408358e-02 9.464041875284479044e-01 0.000000000000000000e+00 1.820664542558033706e-03 0.000000000000000000e+00
1.890000000000000000e+02 7.559817659738254925e-02 6.042330450614474130e-02 9.378698224852071164e-01 0.000000000000000000e+00 1.706873008648156654e-03 0.000000000000000000e+00
1.920000000000000000e+02 7.679814765448389480e-02 6.713700500682749650e-02 9.310423304506144637e-01 0.000000000000000000e+00 1.820664542558033706e-03 0.000000000000000000e+00
1.950000000000000000e+02 7.799811871158501830e-02 6.873008648156576916e-02 9.287664997724169869e-01 0.000000000000000000e+00 2.503413746017296455e-03 0.000000000000000000e+00
1.980000000000000000e+02 7.919808976868636385e-02 7.111970869367319203e-02 9.264906690942193990e-01 0.000000000000000000e+00 2.389622212107419402e-03 0.000000000000000000e+00
2.010000000000000000e+02 8.039806082578770940e-02 7.476103777878925771e-02 9.222803823395538947e-01 0.000000000000000000e+00 2.958579881656804664e-03 0.000000000000000000e+00
2.040000000000000000e+02 8.159803188288905496e-02 7.521620391442876419e-02 9.221665908056441152e-01 0.000000000000000000e+00 2.617205279927173507e-03 0.000000000000000000e+00
2.070000000000000000e+02 8.279800293999040051e-02 7.521620391442876419e-02 9.218252162039144437e-01 0.000000000000000000e+00 2.958579881656804664e-03 0.000000000000000000e+00
2.100000000000000000e+02 8.399797399709174606e-02 7.783340919435594030e-02 9.187528447883477334e-01 0.000000000000000000e+00 3.413746017296313308e-03 0.000000000000000000e+00
2.130000000000000000e+02 8.519794505419286956e-02 8.352298588984979899e-02 9.123805188893946427e-01 0.000000000000000000e+00 4.096495220755575623e-03 0.000000000000000000e+00
2.160000000000000000e+02 8.639791611129421511e-02 8.989531178880291740e-02 9.060081929904415521e-01 0.000000000000000000e+00 4.096495220755575623e-03 0.000000000000000000e+00
2.190000000000000000e+02 8.759788716839556066e-02 9.763313609467455523e-02 8.979289940828402150e-01 0.000000000000000000e+00 4.437869822485207214e-03 0.000000000000000000e+00
2.220000000000000000e+02 8.879785822549690621e-02 9.911242603550296515e-02 8.961083295402821891e-01 0.000000000000000000e+00 4.779244424214838804e-03 0.000000000000000000e+00
2.250000000000000000e+02 8.999782928259825177e-02 1.066226672735548497e-01 8.888256713700500855e-01 0.000000000000000000e+00 4.551661356395083832e-03 0.000000000000000000e+00
2.280000000000000000e+02 9.119780033969959732e-02 1.081019572143832458e-01 8.871187983614019501e-01 0.000000000000000000e+00 4.779244424214838804e-03 0.000000000000000000e+00
2.310000000000000000e+02 9.239777139680072082e-02 1.141329085116067343e-01 8.797223486572598450e-01 0.000000000000000000e+00 6.144742831133363434e-03 0.000000000000000000e+00
2.340000000000000000e+02 9.359774245390206637e-02 1.206190259444697294e-01 8.736913973600364258e-01 0.000000000000000000e+00 5.689576695493855224e-03 0.000000000000000000e+00
2.370000000000000000e+02 9.479771351100341192e-02 1.301775147928994070e-01 8.627674101046881594e-01 0.000000000000000000e+00 7.055075102412380721e-03 0.000000000000000000e+00
2.400000000000000000e+02 9.599768456810475747e-02 1.399635867091488517e-01 8.507055075102412101e-01 0.000000000000000000e+00 9.330905780609922637e-03 0.000000000000000000e+00
2.430000000000000000e+02 9.719765562520610302e-02 1.510013654984069253e-01 8.388711879836140417e-01 0.000000000000000000e+00 1.012744651797906244e-02 0.000000000000000000e+00
2.460000000000000000e+02 9.839762668230744858e-02 1.634046426945835184e-01 8.260127446517978589e-01 0.000000000000000000e+00 1.058261265361857065e-02 0.000000000000000000e+00
2.490000000000000000e+02 9.959759773940857208e-02 1.775147928994082747e-01 8.132680928538916776e-01 0.000000000000000000e+00 9.217114246700046018e-03 0.000000000000000000e+00
2.520000000000000000e+02 1.007975687965099176e-01 1.812699135184342170e-01 8.089440145653163938e-01 0.000000000000000000e+00 9.786071916249430847e-03 0.000000000000000000e+00
2.550000000000000000e+02 1.019975398536112632e-01 1.900318616294947582e-01 7.975648611743286764e-01 0.000000000000000000e+00 1.240327719617660522e-02 0.000000000000000000e+00
2.580000000000000000e+02 1.031975109107126087e-01 1.943559399180700975e-01 7.916477014110150368e-01 0.000000000000000000e+00 1.399635867091488309e-02 0.000000000000000000e+00
2.610000000000000000e+02 1.043974819678139543e-01 2.047109695038689114e-01 7.802685480200273194e-01 0.000000000000000000e+00 1.502048247610377786e-02 0.000000000000000000e+00
2.640000000000000000e+02 1.055974530249152998e-01 2.108557123350022766e-01 7.721893491124259823e-01 0.000000000000000000e+00 1.695493855257168905e-02 0.000000000000000000e+00
2.670000000000000000e+02 1.067974240820164233e-01 2.241693218024579104e-01 7.580791989076012261e-01 0.000000000000000000e+00 1.775147928994082885e-02 0.000000000000000000e+00
2.700000000000000000e+02 1.079973951391177689e-01 2.324761037778789174e-01 7.480655439235320836e-01 1.137915339098771066e-04 1.934456076467910846e-02 0.000000000000000000e+00
2.730000000000000000e+02 1.091973661962191144e-01 2.387346381429221731e-01 7.394173873463814051e-01 2.275830678197542133e-04 2.162039144287665124e-02 0.000000000000000000e+00
2.760000000000000000e+02 1.103973372533204600e-01 2.492034592626308498e-01 7.276968593536641272e-01 2.275830678197542133e-04 2.287209831588529751e-02 0.000000000000000000e+00
2.790000000000000000e+02 1.115973083104218055e-01 2.641101502048247562e-01 7.132453345471096995e-01 2.275830678197542133e-04 2.241693218024579104e-02 0.000000000000000000e+00
2.820000000000000000e+02 1.127972793675231511e-01 2.782203004096495125e-01 6.935593991807009751e-01 3.413746017296313199e-04 2.787892580791988956e-02 0.000000000000000000e+00
2.850000000000000000e+02 1.139972504246242746e-01 2.868684569868001910e-01 6.862767410104688715e-01 3.413746017296313199e-04 2.651342740100136666e-02 0.000000000000000000e+00
2.880000000000000000e+02 1.151972214817256202e-01 2.966545289030496080e-01 6.747837960855712636e-01 2.275830678197542133e-04 2.833409194355939950e-02 0.000000000000000000e+00
2.910000000000000000e+02 1.163971925388269657e-01 3.149749658625398130e-01 6.529358215748748417e-01 3.413746017296313199e-04 3.174783796085571541e-02 0.000000000000000000e+00
2.940000000000000000e+02 1.175971635959283113e-01 3.310195721438324856e-01 6.341602184797451303e-01 4.551661356395084266e-04 3.436504324078288458e-02 0.000000000000000000e+00
2.970000000000000000e+02 1.187971346530296568e-01 3.479745106964041712e-01 6.173190714610833352e-01 3.413746017296313199e-04 3.436504324078288458e-02 0.000000000000000000e+00
3.000000000000000000e+02 1.199971057101310024e-01 3.680018206645425671e-01 5.972917614929449392e-01 3.413746017296313199e-04 3.436504324078288458e-02 0.000000000000000000e+00
3.030000000000000000e+02 1.211970767672323479e-01 3.876877560309512916e-01 5.770368684569867623e-01 2.275830678197542133e-04 3.504779244424215123e-02 0.000000000000000000e+00
3.060000000000000000e+02 1.223970478243334714e-01 3.978152025489303800e-01 5.647473827947200320e-01 3.413746017296313199e-04 3.709604005461993731e-02 0.000000000000000000e+00
3.090000000000000000e+02 1.235970188814348170e-01 4.097633136094674389e-01 5.485889849795174689e-01 2.275830678197542133e-04 4.142011834319526964e-02 0.000000000000000000e+00
3.120000000000000000e+02 1.247969899385361625e-01 4.300182066454255603e-01 5.279927173418297315e-01 2.275830678197542133e-04 4.176149294492489950e-02 0.000000000000000000e+00
3.150000000000000000e+02 1.259969609956375081e-01 4.478834774692762588e-01 5.067137005006827621e-01 5.689576695493854790e-04 4.483386436049158208e-02 0.000000000000000000e+00
3.180000000000000000e+02 1.271969320527388536e-01 4.518661811561219821e-01 4.948793809740555383e-01 9.103322712790168532e-04 5.234410559854346667e-02 0.000000000000000000e+00
3.210000000000000000e+02 1.283969031098401992e-01 4.701866181156121871e-01 4.707555757851615841e-01 1.024123805188893906e-03 5.803368229403732537e-02 0.000000000000000000e+00
3.240000000000000000e+02 1.295968741669413227e-01 4.906690942193900895e-01 4.473145197997269173e-01 9.103322712790168532e-04 6.110605370960400795e-02 0.000000000000000000e+00
3.270000000000000000e+02 1.307968452240426682e-01 5.113791533909877174e-01 4.243286299499317016e-01 1.137915339098770958e-03 6.315430131998178709e-02 0.000000000000000000e+00
3.300000000000000000e+02 1.319968162811440138e-01 5.310650887573964418e-01 4.044151115157032517e-01 1.137915339098770958e-03 6.338188438780155420e-02 0.000000000000000000e+00
3.330000000000000000e+02 1.331967873382453593e-01 5.480200273099681274e-01 3.821119708693673234e-01 1.479289940828402332e-03 6.838871187983613931e-02 0.000000000000000000e+00
3.360000000000000000e+02 1.343967583953467049e-01 5.556440600819299025e-01 3.711879836140191125e-01 1.706873008648156654e-03 7.146108329540282189e-02 0.000000000000000000e+00
3.390000000000000000e+02 1.355967294524480504e-01 5.670232134729176199e-01 3.557123350022758368e-01 2.048247610377787811e-03 7.521620391442876419e-02 0.000000000000000000e+00
3.420000000000000000e+02 1.367967005095491739e-01 5.801092398725534727e-01 3.394401456531633832e-01 1.934456076467910759e-03 7.851615839781520001e-02 0.000000000000000000e+00
3.450000000000000000e+02 1.379966715666505195e-01 5.912608101957214091e-01 3.251024123805189014e-01 1.820664542558033706e-03 8.181611288120163583e-02 0.000000000000000000e+00
3.480000000000000000e+02 1.391966426237518650e-01 6.087847064178425471e-01 3.042785616750113831e-01 2.389622212107419402e-03 8.454710969503868856e-02 0.000000000000000000e+00
3.510000000000000000e+02 1.403966136808532106e-01 6.158397815202548697e-01 2.909649522075557493e-01 2.730996813837050560e-03 9.046426945835230049e-02 0.000000000000000000e+00
3.540000000000000000e+02 1.415965847379545561e-01 6.317705962676376519e-01 2.744651797906235702e-01 2.958579881656804664e-03 9.080564406008193035e-02 0.000000000000000000e+00
3.570000000000000000e+02 1.427965557950559017e-01 6.437187073281748217e-01 2.605826126536185949e-01 2.844788347746927612e-03 9.285389167045972336e-02 0.000000000000000000e+00
3.600000000000000000e+02 1.439965268521570252e-01 6.572598998634501255e-01 2.437414656349567721e-01 3.413746017296313308e-03 9.558488848429676221e-02 0.000000000000000000e+00
3.630000000000000000e+02 1.451964979092583707e-01 6.621529358215748617e-01 2.329312699135184239e-01 4.551661356395083832e-03 1.003641329085116080e-01 0.000000000000000000e+00
3.660000000000000000e+02 1.463964689663597163e-01 6.693218024578971859e-01 2.191624943104233114e-01 5.234410559854347014e-03 1.062812926718252199e-01 0.000000000000000000e+00
3.690000000000000000e+02 1.475964400234610618e-01 6.785389167045972059e-01 2.088074647246244975e-01 6.030951297223486815e-03 1.066226672735548497e-01 0.000000000000000000e+00
3.720000000000000000e+02 1.487964110805624074e-01 6.869594902139281034e-01 1.970869367319071364e-01 6.144742831133363434e-03 1.098088302230314089e-01 0.000000000000000000e+00
3.750000000000000000e+02 1.499963821376637529e-01 6.956076467910787819e-01 1.884387801547564856e-01 6.030951297223486815e-03 1.099226217569412856e-01 0.000000000000000000e+00
3.780000000000000000e+02 1.511963531947648764e-01 7.039144287664997890e-01 1.748975876194810986e-01 7.168866636322257339e-03 1.140191169776968577e-01 0.000000000000000000e+00
3.810000000000000000e+02 1.523963242518662220e-01 7.102867546654528796e-01 1.623805188893946427e-01 8.192990441511151245e-03 1.191397360036413333e-01 0.000000000000000000e+00
3.840000000000000000e+02 1.535962953089675675e-01 7.123350022758306865e-01 1.547564861174328676e-01 9.330905780609922637e-03 1.235776058261265353e-01 0.000000000000000000e+00
3.870000000000000000e+02 1.547962663660689131e-01 7.200728265817023521e-01 1.444014565316340537e-01 1.001365498406918582e-02 1.255120619025944517e-01 0.000000000000000000e+00
3.900000000000000000e+02 1.559962374231702587e-01 7.290623577605825911e-01 1.322257624032771861e-01 9.899863450159307465e-03 1.288120163859808875e-01 0.000000000000000000e+00
3.930000000000000000e+02 1.571962084802716042e-01 7.333864360491579859e-01 1.246017296313154249e-01 9.672280382339554228e-03 1.323395539371870766e-01 0.000000000000000000e+00
3.960000000000000000e+02 1.583961795373727277e-01 7.364588074647245852e-01 1.192535275375512099e-01 1.228948566226672687e-02 1.319981793354574329e-01 0.000000000000000000e+00
3.990000000000000000e+02 1.595961505944740733e-01 7.418070095584888834e-01 1.104915794264906687e-01 1.445152480655439303e-02 1.332498862084660896e-01 0.000000000000000000e+00
4.020000000000000000e+02 1.607961216515754188e-01 7.467000455166135087e-01 1.029813381884387841e-01 1.558944014565316269e-02 1.347291761492944995e-01 0.000000000000000000e+00
4.050000000000000000e+02 1.619960927086767644e-01 7.519344560764679164e-01 9.842967683204369156e-02 1.558944014565316269e-02 1.340464269458352398e-01 0.000000000000000000e+00
4.080000000000000000e+02 1.631960637657781099e-01 7.540964952207556138e-01 9.399180700955848955e-02 1.695493855257168905e-02 1.349567592171142527e-01 0.000000000000000000e+00
4.110000000000000000e+02 1.643960348228794555e-01 7.635411925352754148e-01 8.557123350022757813e-02 1.684114701866181243e-02 1.340464269458352398e-01 0.000000000000000000e+00
4.140000000000000000e+02 1.655960058799805790e-01 7.759444697314519246e-01 7.828857532999544677e-02 1.695493855257168905e-02 1.288120163859808875e-01 0.000000000000000000e+00
4.170000000000000000e+02 1.667959769370819245e-01 7.776513427401001710e-01 7.817478379608557015e-02 1.763768775603095224e-02 1.265361857077833274e-01 0.000000000000000000e+00
4.200000000000000000e+02 1.679959479941832701e-01 7.862994993172508496e-01 7.453345471096950448e-02 1.854802002730996865e-02 1.206190259444697294e-01 0.000000000000000000e+00
4.230000000000000000e+02 1.691959190512846156e-01 7.895994538006372299e-01 7.111970869367319203e-02 1.786527082385070547e-02 1.214155666818388657e-01 0.000000000000000000e+00
4.260000000000000000e+02 1.703958901083859612e-01 7.932407828857532817e-01 6.554392353208920996e-02 1.934456076467910846e-02 1.218707328174783860e-01 0.000000000000000000e+00
4.290000000000000000e+02 1.715958611654873067e-01 7.975648611743286764e-01 6.258534365043240399e-02 1.923076923076923184e-02 1.206190259444697294e-01 0.000000000000000000e+00
4.320000000000000000e+02 1.727958322225884302e-01 7.972234865725990050e-01 6.030951297223486468e-02 2.025489303595812488e-02 1.222121074192080159e-01 0.000000000000000000e+00
4.350000000000000000e+02 1.739958032796897758e-01 7.975648611743286764e-01 5.894401456531633832e-02 2.253072371415566766e-02 1.209604005461993592e-01 0.000000000000000000e+00
4.380000000000000000e+02 1.751957743367911213e-01 7.993855257168867023e-01 5.826126536185707860e-02 2.321347291761493084e-02 1.191397360036413333e-01 0.000000000000000000e+00
4.410000000000000000e+02 1.763957453938924669e-01 8.018889394629039602e-01 5.587164314974965573e-02 2.423759672280382388e-02 1.180018206645425533e-01 0.000000000000000000e+00
4.440000000000000000e+02 1.775957164509938124e-01 8.024578971324533017e-01 5.382339553937186966e-02 2.446517979062357712e-02 1.192535275375512099e-01 0.000000000000000000e+00
4.470000000000000000e+02 1.787956875080951580e-01 7.997269003186162628e-01 5.063723258989531045e-02 2.685480200273099652e-02 1.227810650887573990e-01 0.000000000000000000e+00
4.500000000000000000e+02 1.799956585651965035e-01 8.068957669549385869e-01 5.029585798816568060e-02 2.662721893491124328e-02 1.161811561219845274e-01 0.000000000000000000e+00
4.530000000000000000e+02 1.811956296222976270e-01 8.091715976331360638e-01 4.915794264906690747e-02 2.617205279927173334e-02 1.154984069185252676e-01 0.000000000000000000e+00
4.560000000000000000e+02 1.823956006793989726e-01 8.091715976331360638e-01 4.722348657259899801e-02 2.822030040964952288e-02 1.153846153846153910e-01 0.000000000000000000e+00
4.590000000000000000e+02 1.835955717365003181e-01 8.131543013199817871e-01 4.483386436049158208e-02 2.833409194355939950e-02 1.136777423759672279e-01 0.000000000000000000e+00
4.620000000000000000e+02 1.847955427936016637e-01 8.224852071005916976e-01 4.187528447883477611e-02 2.776513427401001294e-02 1.078743741465634925e-01 0.000000000000000000e+00
4.650000000000000000e+02 1.859955138507030092e-01 8.232817478379608200e-01 3.971324533454710648e-02 2.867546654528902936e-02 1.083295402822029990e-01 0.000000000000000000e+00
4.680000000000000000e+02 1.871954849078043548e-01 8.266954938552572019e-01 3.686845698680018407e-02 2.730996813837050646e-02 1.091260810195721492e-01 0.000000000000000000e+00
4.710000000000000000e+02 1.883954559649054783e-01 8.321574874829312796e-01 3.573054164770141095e-02 2.617205279927173334e-02 1.059399180700955900e-01 0.000000000000000000e+00
4.740000000000000000e+02 1.895954270220068238e-01 8.376194811106053573e-01 3.573054164770141095e-02 2.537551206190259354e-02 1.012744651797906209e-01 0.000000000000000000e+00
4.770000000000000000e+02 1.907953980791081694e-01 8.359126081019572219e-01 3.618570778334091742e-02 2.571688666363222686e-02 1.021847974510696339e-01 0.000000000000000000e+00
4.800000000000000000e+02 1.919953691362095149e-01 8.373918980427855763e-01 3.652708238507055422e-02 2.583067819754210348e-02 1.002503413746017313e-01 0.000000000000000000e+00
4.830000000000000000e+02 1.931953401933108605e-01 8.350022758306782089e-01 3.743741465634956717e-02 2.685480200273099652e-02 1.007055075102412378e-01 0.000000000000000000e+00
4.860000000000000000e+02 1.943953112504122060e-01 8.410332271279017391e-01 3.641329085116067066e-02 2.548930359581247015e-02 9.706417842512517213e-02 0.000000000000000000e+00
4.890000000000000000e+02 1.955952823075133296e-01 8.410332271279017391e-01 3.493400091033227461e-02 2.605826126536185672e-02 9.797451069640418508e-02 0.000000000000000000e+00
4.920000000000000000e+02 1.967952533646146751e-01 8.420573509330905315e-01 3.436504324078288458e-02 2.696859353664087314e-02 9.660901228948566566e-02 0.000000000000000000e+00
4.950000000000000000e+02 1.979952244217160207e-01 8.441055985434683384e-01 3.436504324078288458e-02 2.765134274010013632e-02 9.387801547564861293e-02 0.000000000000000000e+00
4.980000000000000000e+02 1.991951954788173662e-01 8.441055985434683384e-01 3.459262630860263782e-02 2.810650887573964626e-02 9.319526627218935322e-02 0.000000000000000000e+00
5.010000000000000000e+02 2.003951665359187118e-01 8.443331816112881194e-01 3.482020937642239106e-02 2.822030040964952288e-02 9.262630860263997012e-02 0.000000000000000000e+00
5.040000000000000000e+02 2.015951375930200573e-01 8.477469276285843902e-01 3.288575329995448160e-02 2.810650887573964626e-02 9.126081019572143682e-02 0.000000000000000000e+00
5.070000000000000000e+02 2.027951086501211808e-01 8.485434683659536237e-01 3.083750568957669552e-02 2.958579881656804578e-02 9.103322712790168358e-02 0.000000000000000000e+00
5.100000000000000000e+02 2.039950797072225264e-01 8.511606736458807720e-01 2.901684114701866268e-02 3.038233955393718558e-02 8.944014565316341092e-02 0.000000000000000000e+00
5.130000000000000000e+02 2.051950507643238719e-01 8.561675011379152878e-01 2.765134274010013632e-02 2.924442421483841592e-02 8.693673190714611143e-02 0.000000000000000000e+00
5.160000000000000000e+02 2.063950218214252175e-01 8.650432407828857473e-01 2.753755120619025970e-02 2.719617660446062984e-02 8.022303140646336317e-02 0.000000000000000000e+00
5.190000000000000000e+02 2.075949928785265630e-01 8.741465634956758768e-01 2.514792899408284030e-02 2.696859353664087314e-02 7.373691397360036814e-02 0.000000000000000000e+00
5.220000000000000000e+02 2.087949639356279086e-01 8.785844333181611621e-01 2.401001365498407064e-02 2.628584433318160996e-02 7.111970869367319203e-02 0.000000000000000000e+00
5.250000000000000000e+02 2.099949349927290321e-01 8.816568047337277614e-01 2.332726445152480746e-02 2.526172052799271692e-02 6.975421028675465873e-02 0.000000000000000000e+00
5.280000000000000000e+02 2.111949060498303776e-01 8.833636777423760078e-01 2.344105598543468408e-02 2.514792899408284030e-02 6.804733727810650945e-02 0.000000000000000000e+00
5.310000000000000000e+02 2.123948771069317232e-01 8.784706417842512716e-01 2.412380518889394726e-02 2.628584433318160996e-02 7.111970869367319203e-02 0.000000000000000000e+00
5.340000000000000000e+02 2.135948481640330687e-01 8.797223486572598450e-01 2.344105598543468408e-02 2.662721893491124328e-02 7.020937642239417908e-02 0.000000000000000000e+00
5.370000000000000000e+02 2.147948192211344143e-01 8.834774692762858983e-01 2.253072371415566766e-02 2.662721893491124328e-02 6.736458807464724974e-02 0.000000000000000000e+00
5.400000000000000000e+02 2.159947902782357598e-01 8.839326354119253493e-01 2.309968138370505075e-02 2.685480200273099652e-02 6.611288120163859305e-02 0.000000000000000000e+00
5.430000000000000000e+02 2.171947613353368833e-01 8.830223031406463363e-01 2.412380518889394726e-02 2.810650887573964626e-02 6.474738279472007363e-02 0.000000000000000000e+00
5.460000000000000000e+02 2.183947323924382289e-01 8.887118798361401950e-01 2.218934911242603433e-02 2.662721893491124328e-02 6.247155211652252738e-02 0.000000000000000000e+00
5.490000000000000000e+02 2.195947034495395744e-01 8.891670459717796460e-01 2.275830678197542090e-02 2.605826126536185672e-02 6.201638598088302090e-02 0.000000000000000000e+00
5.520000000000000000e+02 2.207946745066409200e-01 8.917842512517069054e-01 2.218934911242603433e-02 2.571688666363222686e-02 6.030951297223486468e-02 0.000000000000000000e+00
5.550000000000000000e+02 2.219946455637422655e-01 8.881429221665908535e-01 2.366863905325443732e-02 2.571688666363222686e-02 6.247155211652252738e-02 0.000000000000000000e+00
5.580000000000000000e+02 2.231946166208436111e-01 8.931497496586253693e-01 2.378243058716431393e-02 2.537551206190259354e-02 5.769230769230769551e-02 0.000000000000000000e+00
5.610000000000000000e+02 2.243945876779447346e-01 8.988393263541192280e-01 2.253072371415566766e-02 2.696859353664087314e-02 5.166135639508420696e-02 0.000000000000000000e+00
5.640000000000000000e+02 2.255945587350460801e-01 9.012289485662267063e-01 2.127901684114701791e-02 2.594446973145198010e-02 5.154756486117433034e-02 0.000000000000000000e+00
5.670000000000000000e+02 2.267945297921474257e-01 9.037323623122439642e-01 2.127901684114701791e-02 2.401001365498407064e-02 5.097860719162494031e-02 0.000000000000000000e+00
5.700000000000000000e+02 2.279945008492487712e-01 9.091943559399180419e-01 2.002730996813837164e-02 2.264451524806554428e-02 4.813381884387801790e-02 0.000000000000000000e+00
5.730000000000000000e+02 2.291944719063501168e-01 9.123805188893946427e-01 1.877560309512972189e-02 2.287209831588529751e-02 4.597177969959034827e-02 0.000000000000000000e+00
5.760000000000000000e+02 2.303944429634514623e-01 9.128356850250340937e-01 1.820664542558033533e-02 2.469276285844333035e-02 4.426490669094219205e-02 0.000000000000000000e+00
5.790000000000000000e+02 2.315944140205525859e-01 9.154528903049613531e-01 1.797906235776058209e-02 2.526172052799271692e-02 4.130632680928538608e-02 0.000000000000000000e+00
5.820000000000000000e+02 2.327943850776539314e-01 9.172735548475193790e-01 1.718252162039144229e-02 2.514792899408284030e-02 4.039599453800637313e-02 0.000000000000000000e+00
5.850000000000000000e+02 2.339943561347552770e-01 9.170459717796995980e-01 1.786527082385070547e-02 2.571688666363222686e-02 3.937187073281747662e-02 0.000000000000000000e+00
5.880000000000000000e+02 2.351943271918566225e-01 9.182976786527082824e-01 1.741010468821119553e-02 2.423759672280382388e-02 4.005461993627674328e-02 0.000000000000000000e+00
5.910000000000000000e+02 2.363942982489579681e-01 9.165908056440600360e-01 1.729631315430131891e-02 2.435138825671370050e-02 4.176149294492489950e-02 0.000000000000000000e+00
5.940000000000000000e+02 2.375942693060593136e-01 9.208010923987255403e-01 1.706873008648156567e-02 2.321347291761493084e-02 3.891670459717797015e-02 0.000000000000000000e+00
5.970000000000000000e+02 2.387942403631606592e-01 9.261492944924897275e-01 1.706873008648156567e-02 2.264451524806554428e-02 3.413746017296313134e-02 0.000000000000000000e+00
6.000000000000000000e+02 2.399942114202617827e-01 9.253527537551206050e-01 1.786527082385070547e-02 2.412380518889394726e-02 3.265817023213472836e-02 0.000000000000000000e+00
6.030000000000000000e+02 2.411941824773631282e-01 9.234182976786526886e-01 1.786527082385070547e-02 2.492034592626308706e-02 3.379608557123350149e-02 0.000000000000000000e+00
6.060000000000000000e+02 2.423941535344644738e-01 9.252389622212107145e-01 1.672735548475193582e-02 2.480655439235321044e-02 3.322712790168411146e-02 0.000000000000000000e+00
6.090000000000000000e+02 2.435941245915658193e-01 9.266044606281292895e-01 1.627218934911242587e-02 2.469276285844333035e-02 3.243058716431497512e-02 0.000000000000000000e+00
6.120000000000000000e+02 2.447940956486671649e-01 9.295630405097861093e-01 1.649977241693217911e-02 2.446517979062357712e-02 2.947200728265816916e-02 0.000000000000000000e+00
6.150000000000000000e+02 2.459940667057685104e-01 9.287664997724169869e-01 1.775147928994082885e-02 2.514792899408284030e-02 2.833409194355939950e-02 0.000000000000000000e+00
6.180000000000000000e+02 2.471940377628696339e-01 9.279699590350477534e-01 1.752389622212107562e-02 2.492034592626308706e-02 2.958579881656804578e-02 0.000000000000000000e+00
6.210000000000000000e+02 2.483940088199709795e-01 9.271734182976786309e-01 1.911697769685935522e-02 2.594446973145198010e-02 2.776513427401001294e-02 0.000000000000000000e+00
6.240000000000000000e+02 2.495939798770723250e-01 9.256941283568502765e-01 1.957214383249886169e-02 2.662721893491124328e-02 2.810650887573964626e-02 0.000000000000000000e+00
6.270000000000000000e+02 2.507939509341736706e-01 9.258079198907601670e-01 1.991351843422849502e-02 2.674101046882111990e-02 2.742375967228038308e-02 1.137915339098771066e-04
6.300000000000000000e+02 2.519939219912750161e-01 9.235320892125625791e-01 2.127901684114701791e-02 2.628584433318160996e-02 2.878925807919890598e-02 1.137915339098771066e-04
6.330000000000000000e+02 2.531938930483763617e-01 9.231907146108329076e-01 2.093764223941738806e-02 2.651342740100136666e-02 2.935821574874829254e-02 0.000000000000000000e+00
6.360000000000000000e+02 2.543938641054774852e-01 9.245562130177514826e-01 1.968593536640873831e-02 2.594446973145198010e-02 2.981338188438780248e-02 0.000000000000000000e+00
6.390000000000000000e+02 2.555938351625788307e-01 9.263768775603095085e-01 2.071005917159763482e-02 2.628584433318160996e-02 2.662721893491124328e-02 0.000000000000000000e+00
6.420000000000000000e+02 2.567938062196801763e-01 9.274010013654984119e-01 2.082385070550751144e-02 2.480655439235321044e-02 2.696859353664087314e-02 0.000000000000000000e+00
6.450000000000000000e+02 2.579937772767815218e-01 9.287664997724169869e-01 2.014110150204824826e-02 2.617205279927173334e-02 2.492034592626308706e-02 0.000000000000000000e+00
6.480000000000000000e+02 2.591937483338828674e-01 9.295630405097861093e-01 1.945835229858898507e-02 2.674101046882111990e-02 2.423759672280382388e-02 0.000000000000000000e+00
6.510000000000000000e+02 2.603937193909842129e-01 9.283113336367774249e-01 1.934456076467910846e-02 2.799271734182976618e-02 2.435138825671370050e-02 0.000000000000000000e+00
6.540000000000000000e+02 2.615936904480853364e-01 9.317250796540736957e-01 1.820664542558033533e-02 2.696859353664087314e-02 2.309968138370505075e-02 0.000000000000000000e+00
6.570000000000000000e+02 2.627936615051866820e-01 9.325216203914429292e-01 1.843422849340009204e-02 2.583067819754210348e-02 2.321347291761493084e-02 0.000000000000000000e+00
6.600000000000000000e+02 2.639936325622880275e-01 9.347974510696404060e-01 1.695493855257168905e-02 2.583067819754210348e-02 2.241693218024579104e-02 0.000000000000000000e+00
6.630000000000000000e+02 2.651936036193893731e-01 9.345698680018206250e-01 1.706873008648156567e-02 2.435138825671370050e-02 2.401001365498407064e-02 0.000000000000000000e+00
6.660000000000000000e+02 2.663935746764907186e-01 9.343422849340009551e-01 1.797906235776058209e-02 2.309968138370505075e-02 2.446517979062357712e-02 1.137915339098771066e-04
6.690000000000000000e+02 2.675935457335920642e-01 9.344560764679107345e-01 1.888939462903959851e-02 2.321347291761493084e-02 2.344105598543468408e-02 0.000000000000000000e+00
6.720000000000000000e+02 2.687935167906931877e-01 9.357077833409194190e-01 1.763768775603095224e-02 2.435138825671370050e-02 2.230314064633591095e-02 0.000000000000000000e+00
6.750000000000000000e+02 2.699934878477945333e-01 9.357077833409194190e-01 1.729631315430131891e-02 2.537551206190259354e-02 2.162039144287665124e-02 0.000000000000000000e+00
6.780000000000000000e+02 2.711934589048958788e-01 9.354802002730996380e-01 1.706873008648156567e-02 2.571688666363222686e-02 2.173418297678652786e-02 0.000000000000000000e+00
6.810000000000000000e+02 2.723934299619972244e-01 9.355939918070095285e-01 1.661356395084205573e-02 2.571688666363222686e-02 2.207555757851615771e-02 0.000000000000000000e+00
