# itime ezz other fcc hcp bcc ico
0.000000000000000000e+00 0.000000000000000000e+00 0.000000000000000000e+00 1.000000000000000000e+00 0.000000000000000000e+00 0.000000000000000000e+00 0.000000000000000000e+00
3.000000000000000000e+00 1.199929432835533660e-03 0.000000000000000000e+00 1.000000000000000000e+00 0.000000000000000000e+00 0.000000000000000000e+00 0.000000000000000000e+00
6.000000000000000000e+00 2.399858865670845276e-03 0.000000000000000000e+00 1.000000000000000000e+00 0.000000000000000000e+00 0.000000000000000000e+00 0.000000000000000000e+00
9.000000000000000000e+00 3.599788298506378936e-03 0.000000000000000000e+00 1.000000000000000000e+00 0.000000000000000000e+00 0.000000000000000000e+00 0.000000000000000000e+00
1.200000000000000000e+01 4.799717731341912597e-03 0.000000000000000000e+00 1.000000000000000000e+00 0.000000000000000000e+00 0.000000000000000000e+00 0.000000000000000000e+00
1.500000000000000000e+01 5.999647164177224212e-03 0.000000000000000000e+00 1.000000000000000000e+00 0.000000000000000000e+00 0.000000000000000000e+00 0.000000000000000000e+00
1.800000000000000000e+01 7.199576597012757873e-03 0.000000000000000000e+00 1.000000000000000000e+00 0.000000000000000000e+00 0.000000000000000000e+00 0.000000000000000000e+00
2.100000000000000000e+01 8.399506029848291533e-03 0.000000000000000000e+00 1.000000000000000000e+00 0.000000000000000000e+00 0.000000000000000000e+00 0.000000000000000000e+00
2.400000000000000000e+01 9.599435462683603149e-03 0.000000000000000000e+00 1.000000000000000000e+00 0.000000000000000000e+00 0.000000000000000000e+00 0.000000000000000000e+00
2.700000000000000000e+01 1.079936489551913681e-02 0.000000000000000000e+00 1.000000000000000000e+00 0.000000000000000000e+00 0.000000000000000000e+00 0.000000000000000000e+00
3.000000000000000000e+01 1.199929432835467047e-02 0.000000000000000000e+00 1.000000000000000000e+00 0.000000000000000000e+00 0.000000000000000000e+00 0.000000000000000000e+00
3.300000000000000000e+01 1.319922376119020413e-02 0.000000000000000000e+00 1.000000000000000000e+00 0.000000000000000000e+00 0.000000000000000000e+00 0.000000000000000000e+00
3.600000000000000000e+01 1.439915319402551575e-02 0.000000000000000000e+00 1.000000000000000000e+00 0.000000000000000000e+00 0.000000000000000000e+00 0.000000000000000000e+00
3.900000000000000000e+01 1.559908262686104941e-02 0.000000000000000000e+00 1.000000000000000000e+00 0.000000000000000000e+00 0.000000000000000000e+00 0.000000000000000000e+00
4.200000000000000000e+01 1.679901205969658307e-02 0.000000000000000000e+00 1.000000000000000000e+00 0.000000000000000000e+00 0.000000000000000000e+00 0.000000000000000000e+00
4.500000000000000000e+01 1.799894149253189468e-02 0.000000000000000000e+00 1.000000000000000000e+00 0.000000000000000000e+00 0.000000000000000000e+00 0.000000000000000000e+00
4.800000000000000000e+01 1.919887092536742834e-02 0.000000000000000000e+00 1.000000000000000000e+00 0.000000000000000000e+00 0.000000000000000000e+00 0.000000000000000000e+00
5.100000000000000000e+01 2.039880035820296200e-02 0.000000000000000000e+00 1.000000000000000000e+00 0.000000000000000000e+00 0.000000000000000000e+00 0.000000000000000000e+00
5.400000000000000000e+01 2.159872979103827362e-02 0.000000000000000000e+00 1.000000000000000000e+00 0.000000000000000000e+00 0.000000000000000000e+00 0.000000000000000000e+00
5.700000000000000000e+01 2.279865922387380728e-02 0.000000000000000000e+00 1.000000000000000000e+00 0.000000000000000000e+00 0.000000000000000000e+00 0.000000000000000000e+00
6.000000000000000000e+01 2.399858865670934094e-02 0.000000000000000000e+00 1.000000000000000000e+00 0.000000000000000000e+00 0.000000000000000000e+00 0.000000000000000000e+00
6.300000000000000000e+01 2.519851808954465255e-02 0.000000000000000000e+00 1.000000000000000000e+00 0.000000000000000000e+00 0.000000000000000000e+00 0.000000000000000000e+00
6.600000000000000000e+01 2.639844752238018621e-02 0.000000000000000000e+00 1.000000000000000000e+00 0.000000000000000000e+00 0.000000000000000000e+00 0.000000000000000000e+00
6.900000000000000000e+01 2.759837695521571987e-02 0.000000000000000000e+00 1.000000000000000000e+00 0.000000000000000000e+00 0.000000000000000000e+00 0.000000000000000000e+00
7.200000000000000000e+01 2.879830638805103149e-02 0.000000000000000000e+00 1.000000000000000000e+00 0.000000000000000000e+00 0.000000000000000000e+00 0.000000000000000000e+00
7.500000000000000000e+01 2.999823582088656515e-02 0.000000000000000000e+00 1.000000000000000000e+00 0.000000000000000000e+00 0.000000000000000000e+00 0.000000000000000000e+00
7.800000000000000000e+01 3.119816525372209881e-02 0.000000000000000000e+00 1.000000000000000000e+00 0.000000000000000000e+00 0.000000000000000000e+00 0.000000000000000000e+00
8.100000000000000000e+01 3.239809468655763247e-02 0.000000000000000000e+00 1.000000000000000000e+00 0.000000000000000000e+00 0.000000000000000000e+00 0.000000000000000000e+00
8.400000000000000000e+01 3.359802411939294409e-02 0.000000000000000000e+00 1.000000000000000000e+00 0.000000000000000000e+00 0.000000000000000000e+00 0.000000000000000000e+00
8.700000000000000000e+01 3.479795355222847775e-02 0.000000000000000000e+00 1.000000000000000000e+00 0.000000000000000000e+00 0.000000000000000000e+00 0.000000000000000000e+00
9.000000000000000000e+01 3.599788298506401141e-02 0.000000000000000000e+00 1.000000000000000000e+00 0.000000000000000000e+00 0.000000000000000000e+00 0.000000000000000000e+00
9.300000000000000000e+01 3.719781241789932302e-02 0.000000000000000000e+00 1.000000000000000000e+00 0.000000000000000000e+00 0.000000000000000000e+00 0.000000000000000000e+00
9.600000000000000000e+01 3.839774185073485668e-02 0.000000000000000000e+00 1.000000000000000000e+00 0.000000000000000000e+00 0.000000000000000000e+00 0.000000000000000000e+00
9.900000000000000000e+01 3.959767128357039034e-02 0.000000000000000000e+00 1.000000000000000000e+00 0.000000000000000000e+00 0.000000000000000000e+00 0.000000000000000000e+00
1.020000000000000000e+02 4.079760071640570196e-02 0.000000000000000000e+00 1.000000000000000000e+00 0.000000000000000000e+00 0.000000000000000000e+00 0.000000000000000000e+00
1.050000000000000000e+02 4.199753014924123562e-02 0.000000000000000000e+00 1.000000000000000000e+00 0.000000000000000000e+00 0.000000000000000000e+00 0.000000000000000000e+00
1.080000000000000000e+02 4.319745958207676928e-02 0.000000000000000000e+00 1.000000000000000000e+00 0.000000000000000000e+00 0.000000000000000000e+00 0.000000000000000000e+00
1.110000000000000000e+02 4.439738901491208090e-02 0.000000000000000000e+00 1.000000000000000000e+00 0.000000000000000000e+00 0.000000000000000000e+00 0.000000000000000000e+00
1.140000000000000000e+02 4.559731844774761456e-02 0.000000000000000000e+00 1.000000000000000000e+00 0.000000000000000000e+00 0.000000000000000000e+00 0.000000000000000000e+00
1.170000000000000000e+02 4.679724788058314822e-02 0.000000000000000000e+00 1.000000000000000000e+00 0.000000000000000000e+00 0.000000000000000000e+00 0.000000000000000000e+00
1.200000000000000000e+02 4.799717731341845983e-02 0.000000000000000000e+00 1.000000000000000000e+00 0.000000000000000000e+00 0.000000000000000000e+00 0.000000000000000000e+00
1.230000000000000000e+02 4.919710674625399349e-02 0.000000000000000000e+00 1.000000000000000000e+00 0.000000000000000000e+00 0.000000000000000000e+00 0.000000000000000000e+00
1.260000000000000000e+02 5.039703617908952715e-02 0.000000000000000000e+00 1.000000000000000000e+00 0.000000000000000000e+00 0.000000000000000000e+00 0.000000000000000000e+00
1.290000000000000000e+02 5.159696561192483877e-02 0.000000000000000000e+00 1.000000000000000000e+00 0.000000000000000000e+00 0.000000000000000000e+00 0.000000000000000000e+00
1.320000000000000000e+02 5.279689504476037243e-02 0.000000000000000000e+00 1.000000000000000000e+00 0.000000000000000000e+00 0.000000000000000000e+00 0.000000000000000000e+00
1.350000000000000000e+02 5.399682447759590609e-02 0.000000000000000000e+00 1.000000000000000000e+00 0.000000000000000000e+00 0.000000000000000000e+00 0.000000000000000000e+00
1.380000000000000000e+02 5.519675391043143975e-02 0.000000000000000000e+00 1.000000000000000000e+00 0.000000000000000000e+00 0.000000000000000000e+00 0.000000000000000000e+00
1.410000000000000000e+02 5.639668334326675136e-02 0.000000000000000000e+00 1.000000000000000000e+00 0.000000000000000000e+00 0.000000000000000000e+00 0.000000000000000000e+00
1.440000000000000000e+02 5.759661277610228503e-02 0.000000000000000000e+00 1.000000000000000000e+00 0.000000000000000000e+00 0.000000000000000000e+00 0.000000000000000000e+00
1.470000000000000000e+02 5.879654220893781869e-02 0.000000000000000000e+00 1.000000000000000000e+00 0.000000000000000000e+00 0.000000000000000000e+00 0.000000000000000000e+00
1.500000000000000000e+02 5.999647164177313030e-02 0.000000000000000000e+00 1.000000000000000000e+00 0.000000000000000000e+00 0.000000000000000000e+00 0.000000000000000000e+00
1.530000000000000000e+02 6.119640107460866396e-02 0.000000000000000000e+00 1.000000000000000000e+00 0.000000000000000000e+00 0.000000000000000000e+00 0.000000000000000000e+00
1.560000000000000000e+02 6.239633050744419762e-02 0.000000000000000000e+00 1.000000000000000000e+00 0.000000000000000000e+00 0.000000000000000000e+00 0.000000000000000000e+00
1.590000000000000000e+02 6.359625994027950924e-02 0.000000000000000000e+00 1.000000000000000000e+00 0.000000000000000000e+00 0.000000000000000000e+00 0.000000000000000000e+00
1.620000000000000000e+02 6.479618937311504290e-02 0.000000000000000000e+00 1.000000000000000000e+00 0.000000000000000000e+00 0.000000000000000000e+00 0.000000000000000000e+00
1.650000000000000000e+02 6.599611880595057656e-02 0.000000000000000000e+00 1.000000000000000000e+00 0.000000000000000000e+00 0.000000000000000000e+00 0.000000000000000000e+00
1.680000000000000000e+02 6.719604823878588817e-02 0.000000000000000000e+00 1.000000000000000000e+00 0.000000000000000000e+00 0.000000000000000000e+00 0.000000000000000000e+00
1.710000000000000000e+02 6.839597767162142183e-02 0.000000000000000000e+00 1.000000000000000000e+00 0.000000000000000000e+00 0.000000000000000000e+00 0.000000000000000000e+00
1.740000000000000000e+02 6.959590710445695549e-02 0.000000000000000000e+00 1.000000000000000000e+00 0.000000000000000000e+00 0.000000000000000000e+00 0.000000000000000000e+00
1.770000000000000000e+02 7.079583653729226711e-02 0.000000000000000000e+00 1.000000000000000000e+00 0.000000000000000000e+00 0.000000000000000000e+00 0.000000000000000000e+00
1.800000000000000000e+02 7.199576597012780077e-02 0.000000000000000000e+00 1.000000000000000000e+00 0.000000000000000000e+00 0.000000000000000000e+00 0.000000000000000000e+00
1.830000000000000000e+02 7.319569540296333443e-02 0.000000000000000000e+00 1.000000000000000000e+00 0.000000000000000000e+00 0.000000000000000000e+00 0.000000000000000000e+00
1.860000000000000000e+02 7.439562483579886809e-02 0.000000000000000000e+00 1.000000000000000000e+00 0.000000000000000000e+00 0.000000000000000000e+00 0.000000000000000000e+00
1.890000000000000000e+02 7.559555426863417971e-02 0.000000000000000000e+00 1.000000000000000000e+00 0.000000000000000000e+00 0.000000000000000000e+00 0.000000000000000000e+00
1.920000000000000000e+02 7.679548370146971337e-02 0.000000000000000000e+00 1.000000000000000000e+00 0.000000000000000000e+00 0.000000000000000000e+00 0.000000000000000000e+00
1.950000000000000000e+02 7.799541313430524703e-02 0.000000000000000000e+00 1.000000000000000000e+00 0.000000000000000000e+00 0.000000000000000000e+00 0.000000000000000000e+00
1.980000000000000000e+02 7.919534256714055864e-02 0.000000000000000000e+00 1.000000000000000000e+00 0.000000000000000000e+00 0.000000000000000000e+00 0.000000000000000000e+00
2.010000000000000000e+02 8.039527199997609230e-02 0.000000000000000000e+00 1.000000000000000000e+00 0.000000000000000000e+00 0.000000000000000000e+00 0.000000000000000000e+00
2.040000000000000000e+02 8.159520143281162596e-02 3.413746017296313199e-04 9.995448338643604380e-01 0.000000000000000000e+00 1.137915339098771066e-04 0.000000000000000000e+00
2.070000000000000000e+02 8.279513086564693758e-02 0.000000000000000000e+00 1.000000000000000000e+00 0.000000000000000000e+00 0.000000000000000000e+00 0.000000000000000000e+00
2.100000000000000000e+02 8.399506029848247124e-02 0.000000000000000000e+00 1.000000000000000000e+00 0.000000000000000000e+00 0.000000000000000000e+00 0.000000000000000000e+00
2.130000000000000000e+02 8.519498973131800490e-02 2.275830678197542133e-04 9.997724169321802190e-01 0.000000000000000000e+00 0.000000000000000000e+00 0.000000000000000000e+00
2.160000000000000000e+02 8.639491916415331652e-02 0.000000000000000000e+00 1.000000000000000000e+00 0.000000000000000000e+00 0.000000000000000000e+00 0.000000000000000000e+00
2.190000000000000000e+02 8.759484859698885018e-02 0.000000000000000000e+00 1.000000000000000000e+00 0.000000000000000000e+00 0.000000000000000000e+00 0.000000000000000000e+00
2.220000000000000000e+02 8.879477802982438384e-02 3.413746017296313199e-04 9.996586253982703285e-01 0.000000000000000000e+00 0.000000000000000000e+00 0.000000000000000000e+00
2.250000000000000000e+02 8.999470746265969545e-02 3.413746017296313199e-04 9.995448338643604380e-01 0.000000000000000000e+00 1.137915339098771066e-04 0.000000000000000000e+00
2.280000000000000000e+02 9.119463689549522911e-02 3.413746017296313199e-04 9.995448338643604380e-01 0.000000000000000000e+00 1.137915339098771066e-04 0.000000000000000000e+00
2.310000000000000000e+02 9.239456632833076277e-02 3.413746017296313199e-04 9.995448338643604380e-01 0.000000000000000000e+00 1.137915339098771066e-04 0.000000000000000000e+00
2.340000000000000000e+02 9.359449576116607439e-02 0.000000000000000000e+00 1.000000000000000000e+00 0.000000000000000000e+00 0.000000000000000000e+00 0.000000000000000000e+00
2.370000000000000000e+02 9.479442519400160805e-02 4.551661356395084266e-04 9.995448338643604380e-01 0.000000000000000000e+00 0.000000000000000000e+00 0.000000000000000000e+00
2.400000000000000000e+02 9.599435462683714171e-02 7.965407373691396923e-04 9.992034592626308775e-01 0.000000000000000000e+00 0.000000000000000000e+00 0.000000000000000000e+00
2.430000000000000000e+02 9.719428405967267537e-02 5.689576695493854790e-04 9.994310423304506585e-01 0.000000000000000000e+00 0.000000000000000000e+00 0.000000000000000000e+00
2.460000000000000000e+02 9.839421349250798698e-02 2.275830678197542133e-04 9.997724169321802190e-01 0.000000000000000000e+00 0.000000000000000000e+00 0.000000000000000000e+00
2.490000000000000000e+02 9.959414292534352064e-02 0.000000000000000000e+00 1.000000000000000000e+00 0.000000000000000000e+00 0.000000000000000000e+00 0.000000000000000000e+00
2.520000000000000000e+02 1.007940723581790543e-01 2.275830678197542133e-04 9.997724169321802190e-01 0.000000000000000000e+00 0.000000000000000000e+00 0.000000000000000000e+00
2.550000000000000000e+02 1.019940017910143659e-01 1.137915339098771066e-04 9.998862084660901095e-01 0.000000000000000000e+00 0.000000000000000000e+00 0.000000000000000000e+00
2.580000000000000000e+02 1.031939312238498996e-01 4.551661356395084266e-04 9.995448338643604380e-01 0.000000000000000000e+00 0.000000000000000000e+00 0.000000000000000000e+00
2.610000000000000000e+02 1.043938606566854332e-01 1.024123805188893906e-03 9.989758761948110966e-01 0.000000000000000000e+00 0.000000000000000000e+00 0.000000000000000000e+00
2.640000000000000000e+02 1.055937900895207449e-01 1.479289940828402332e-03 9.984069185252617551e-01 0.000000000000000000e+00 1.137915339098771066e-04 0.000000000000000000e+00
2.670000000000000000e+02 1.067937195223562785e-01 1.706873008648156654e-03 9.982931269913518646e-01 0.000000000000000000e+00 0.000000000000000000e+00 0.000000000000000000e+00
2.700000000000000000e+02 1.079936489551918122e-01 1.251706873008648227e-03 9.987482931269913156e-01 0.000000000000000000e+00 0.000000000000000000e+00 0.000000000000000000e+00
2.730000000000000000e+02 1.091935783880271238e-01 6.827492034592626399e-04 9.992034592626308775e-01 0.000000000000000000e+00 1.137915339098771066e-04 0.000000000000000000e+00
2.760000000000000000e+02 1.103935078208626575e-01 1.137915339098770958e-03 9.988620846609012061e-01 0.000000000000000000e+00 0.000000000000000000e+00 0.000000000000000000e+00
2.790000000000000000e+02 1.115934372536981911e-01 4.551661356395084266e-04 9.995448338643604380e-01 0.000000000000000000e+00 0.000000000000000000e+00 0.000000000000000000e+00
2.820000000000000000e+02 1.127933666865335027e-01 5.689576695493854790e-04 9.993172507965407680e-01 0.000000000000000000e+00 1.137915339098771066e-04 0.000000000000000000e+00
2.850000000000000000e+02 1.139932961193690364e-01 9.103322712790168532e-04 9.990896677287209870e-01 0.000000000000000000e+00 0.000000000000000000e+00 0.000000000000000000e+00
2.880000000000000000e+02 1.151932255522045701e-01 2.730996813837050560e-03 9.972690031861629611e-01 0.000000000000000000e+00 0.000000000000000000e+00 0.000000000000000000e+00
2.910000000000000000e+02 1.163931549850398817e-01 4.779244424214838804e-03 9.952207555757851543e-01 0.000000000000000000e+00 0.000000000000000000e+00 0.000000000000000000e+00
2.940000000000000000e+02 1.175930844178754153e-01 5.234410559854347014e-03 9.946517979062358128e-01 0.000000000000000000e+00 1.137915339098771066e-04 0.000000000000000000e+00
2.970000000000000000e+02 1.187930138507109490e-01 3.755120619025944465e-03 9.962448793809740577e-01 0.000000000000000000e+00 0.000000000000000000e+00 0.000000000000000000e+00
3.000000000000000000e+02 1.199929432835464826e-01 2.617205279927173507e-03 9.973827947200728516e-01 0.000000000000000000e+00 0.000000000000000000e+00 0.000000000000000000e+00
3.030000000000000000e+02 1.211928727163817943e-01 3.186162949476558769e-03 9.967000455166135087e-01 0.000000000000000000e+00 1.137915339098771066e-04 0.000000000000000000e+00
3.060000000000000000e+02 1.223928021492173279e-01 4.096495220755575623e-03 9.957897132453344957e-01 0.000000000000000000e+00 1.137915339098771066e-04 0.000000000000000000e+00
3.090000000000000000e+02 1.235927315820528616e-01 4.779244424214838804e-03 9.951069640418752638e-01 0.000000000000000000e+00 1.137915339098771066e-04 0.000000000000000000e+00
3.120000000000000000e+02 1.247926610148881732e-01 5.234410559854347014e-03 9.946517979062358128e-01 0.000000000000000000e+00 1.137915339098771066e-04 0.000000000000000000e+00
3.150000000000000000e+02 1.259925904477237069e-01 7.055075102412380721e-03 9.923759672280382249e-01 0.000000000000000000e+00 5.689576695493854790e-04 0.000000000000000000e+00
3.180000000000000000e+02 1.271925198805592405e-01 1.046882111970869403e-02 9.887346381429221731e-01 0.000000000000000000e+00 7.965407373691396923e-04 0.000000000000000000e+00
3.210000000000000000e+02 1.283924493133945521e-01 1.160673645880746542e-02 9.874829312699134887e-01 0.000000000000000000e+00 9.103322712790168532e-04 0.000000000000000000e+00
3.240000000000000000e+02 1.295923787462300858e-01 1.467910787437414627e-02 9.845243513882566688e-01 0.000000000000000000e+00 7.965407373691396923e-04 0.000000000000000000e+00
3.270000000000000000e+02 1.307923081790656195e-01 1.593081474738279601e-02 9.833864360491579859e-01 0.000000000000000000e+00 6.827492034592626399e-04 0.000000000000000000e+00
3.300000000000000000e+02 1.319922376119009311e-01 1.741010468821119553e-02 9.817933545744196300e-01 0.000000000000000000e+00 7.965407373691396923e-04 0.000000000000000000e+00
3.330000000000000000e+02 1.331921670447364647e-01 1.900318616294947513e-02 9.802002730996813851e-01 0.000000000000000000e+00 7.965407373691396923e-04 0.000000000000000000e+00
3.360000000000000000e+02 1.343920964775719984e-01 2.150659990896677115e-02 9.774692762858443462e-01 0.000000000000000000e+00 1.024123805188893906e-03 0.000000000000000000e+00
3.390000000000000000e+02 1.355920259104073100e-01 2.355484751934456070e-02 9.754210286754665393e-01 0.000000000000000000e+00 1.024123805188893906e-03 0.000000000000000000e+00
3.420000000000000000e+02 1.367919553432428437e-01 2.958579881656804578e-02 9.690487027765134487e-01 0.000000000000000000e+00 1.365498406918525280e-03 0.000000000000000000e+00
3.450000000000000000e+02 1.379918847760783773e-01 3.413746017296313134e-02 9.641556668183887124e-01 0.000000000000000000e+00 1.706873008648156654e-03 0.000000000000000000e+00
3.480000000000000000e+02 1.391918142089139110e-01 4.153390987710514626e-02 9.568730086481566088e-01 0.000000000000000000e+00 1.593081474738279385e-03 0.000000000000000000e+00
3.510000000000000000e+02 1.403917436417492226e-01 5.006827492034592736e-02 9.479972690031861493e-01 0.000000000000000000e+00 1.934456076467910759e-03 0.000000000000000000e+00
3.540000000000000000e+02 1.415916730745847563e-01 5.530268548020027264e-02 9.417387346381429492e-01 0.000000000000000000e+00 2.958579881656804664e-03 0.000000000000000000e+00
3.570000000000000000e+02 1.427916025074202899e-01 6.474738279472007363e-02 9.319526627218934767e-01 0.000000000000000000e+00 3.299954483386436255e-03 0.000000000000000000e+00
3.600000000000000000e+02 1.439915319402556015e-01 7.271279016841146470e-02 9.213700500682748817e-01 0.000000000000000000e+00 5.917159763313609329e-03 0.000000000000000000e+00
3.630000000000000000e+02 1.451914613730911352e-01 9.228493400091032639e-02 8.999772416932180219e-01 0.000000000000000000e+00 7.737824305871643035e-03 0.000000000000000000e+00
3.660000000000000000e+02 1.463913908059266689e-01 1.140191169776968577e-01 8.772189349112425871e-01 0.000000000000000000e+00 8.761948111060537808e-03 0.000000000000000000e+00
3.690000000000000000e+02 1.475913202387619805e-01 1.347291761492944995e-01 8.540054619936277014e-01 0.000000000000000000e+00 1.126536185707783383e-02 0.000000000000000000e+00
3.720000000000000000e+02 1.487912496715975141e-01 1.528220300409649512e-01 8.340919435593991960e-01 0.000000000000000000e+00 1.308602639963586667e-02 0.000000000000000000e+00
3.750000000000000000e+02 1.499911791044330478e-01 1.822940373236231204e-01 8.009786071916249472e-01 0.000000000000000000e+00 1.672735548475193582e-02 0.000000000000000000e+00
3.780000000000000000e+02 1.511911085372683594e-01 2.116522530723714268e-01 7.644515248065544277e-01 0.000000000000000000e+00 2.389622212107419055e-02 0.000000000000000000e+00
3.810000000000000000e+02 1.523910379701038931e-01 2.393035958124715423e-01 7.284934000910332497e-01 0.000000000000000000e+00 3.220300409649522189e-02 0.000000000000000000e+00
3.840000000000000000e+02 1.535909674029394267e-01 2.762858443331815961e-01 6.793354574419663283e-01 0.000000000000000000e+00 4.437869822485206867e-02 0.000000000000000000e+00
3.870000000000000000e+02 1.547908968357747383e-01 3.167956304050978389e-01 6.275603095129722586e-01 0.000000000000000000e+00 5.564406008192990249e-02 0.000000000000000000e+00
3.900000000000000000e+02 1.559908262686102720e-01 3.603777878925807920e-01 5.696404187528447682e-01 0.000000000000000000e+00 6.998179335457442585e-02 0.000000000000000000e+00
3.930000000000000000e+02 1.571907557014458057e-01 4.005461993627674189e-01 5.137687756030950847e-01 1.137915339098771066e-04 8.557123350022757813e-02 0.000000000000000000e+00
3.960000000000000000e+02 1.583906851342811173e-01 4.484524351388256558e-01 4.499317250796540657e-01 1.137915339098771066e-04 1.015020482476103741e-01 0.000000000000000000e+00
3.990000000000000000e+02 1.595906145671166509e-01 4.951069640418752638e-01 3.871187983614018946e-01 1.137915339098771066e-04 1.176604460628129234e-01 0.000000000000000000e+00
4.020000000000000000e+02 1.607905439999521846e-01 5.409649522075558048e-01 3.243058716431497235e-01 0.000000000000000000e+00 1.347291761492944995e-01 0.000000000000000000e+00
4.050000000000000000e+02 1.619904734327877183e-01 5.822712790168411701e-01 2.660446062812926726e-01 1.137915339098771066e-04 1.515703231679562946e-01 0.000000000000000000e+00
4.080000000000000000e+02 1.631904028656230299e-01 6.193673190714610310e-01 2.138142922166590687e-01 2.275830678197542133e-04 1.665908056440600915e-01 0.000000000000000000e+00
4.110000000000000000e+02 1.643903322984585635e-01 6.429221665908056993e-01 1.711424670004551563e-01 3.413746017296313199e-04 1.855939918070095562e-01 0.000000000000000000e+00
4.140000000000000000e+02 1.655902617312940972e-01 6.620391442876649712e-01 1.346153846153846090e-01 6.827492034592626399e-04 2.026627218934911323e-01 0.000000000000000000e+00
4.170000000000000000e+02 1.667901911641294088e-01 6.720527992717342247e-01 1.053709604005461931e-01 1.024123805188893906e-03 2.215521165225307343e-01 0.000000000000000000e+00
4.200000000000000000e+02 1.679901205969649425e-01 6.909421939007738267e-01 7.828857532999544677e-02 1.479289940828402332e-03 2.292899408284023721e-01 0.000000000000000000e+00
4.230000000000000000e+02 1.691900500298004761e-01 6.981110605370960398e-01 6.338188438780155420e-02 1.479289940828402332e-03 2.370277651342740100e-01 0.000000000000000000e+00
4.260000000000000000e+02 1.703899794626357878e-01 7.055075102412380339e-01 4.836140191169777114e-02 2.389622212107419402e-03 2.437414656349567721e-01 0.000000000000000000e+00
4.290000000000000000e+02 1.715899088954713214e-01 7.050523441055985829e-01 3.800637232589895026e-02 3.527537551206190360e-03 2.534137460172963263e-01 0.000000000000000000e+00
4.320000000000000000e+02 1.727898383283068551e-01 7.038006372325898985e-01 3.197542102867546865e-02 4.210286754665453109e-03 2.600136549840691980e-01 0.000000000000000000e+00
4.350000000000000000e+02 1.739897677611421667e-01 7.057350933090578149e-01 2.514792899408284030e-02 3.755120619025944465e-03 2.653618570778333852e-01 0.000000000000000000e+00
4.380000000000000000e+02 1.751896971939777004e-01 7.088074647246245252e-01 2.150659990896677115e-02 3.982703686845699004e-03 2.657032316795630567e-01 0.000000000000000000e+00
4.410000000000000000e+02 1.763896266268132340e-01 7.111970869367318926e-01 1.911697769685935522e-02 6.030951297223486815e-03 2.636549840691852498e-01 0.000000000000000000e+00
4.440000000000000000e+02 1.775895560596485456e-01 7.176832043695948737e-01 1.843422849340009204e-02 6.713700500682749130e-03 2.571688666363222686e-01 0.000000000000000000e+00
4.470000000000000000e+02 1.787894854924840793e-01 7.216659080564405970e-01 1.706873008648156567e-02 7.965407373691398007e-03 2.532999544833864358e-01 0.000000000000000000e+00
4.500000000000000000e+02 1.799894149253196129e-01 7.266727355484752238e-01 1.718252162039144229e-02 9.899863450159307465e-03 2.462448793809740577e-01 0.000000000000000000e+00
4.530000000000000000e+02 1.811893443581551466e-01 7.280382339553936877e-01 1.684114701866181243e-02 1.354119253527537488e-02 2.415794264906691025e-01 0.000000000000000000e+00
4.560000000000000000e+02 1.823892737909904582e-01 7.295175238962221531e-01 1.854802002730996865e-02 1.479289940828402289e-02 2.371415566681839004e-01 0.000000000000000000e+00
4.590000000000000000e+02 1.835892032238259919e-01 7.355484751934455723e-01 2.059626763768775473e-02 1.718252162039144229e-02 2.266727355484751960e-01 0.000000000000000000e+00
4.620000000000000000e+02 1.847891326566615255e-01 7.370277651342740377e-01 2.264451524806554428e-02 1.843422849340009204e-02 2.218934911242603503e-01 0.000000000000000000e+00
4.650000000000000000e+02 1.859890620894968372e-01 7.405553026854801990e-01 2.526172052799271692e-02 1.991351843422849502e-02 2.142694583522985752e-01 0.000000000000000000e+00
4.680000000000000000e+02 1.871889915223323708e-01 7.388484296768320636e-01 2.833409194355939950e-02 2.492034592626308706e-02 2.078971324533454845e-01 0.000000000000000000e+00
4.710000000000000000e+02 1.883889209551679045e-01 7.444242148384160318e-01 2.787892580791988956e-02 2.708238507055074976e-02 2.006144742831133254e-01 0.000000000000000000e+00
4.740000000000000000e+02 1.895888503880032161e-01 7.471552116522530707e-01 2.742375967228038308e-02 2.913063268092853930e-02 1.962903959945380139e-01 0.000000000000000000e+00
4.770000000000000000e+02 1.907887798208387498e-01 7.487482931269913156e-01 2.901684114701866268e-02 3.083750568957669552e-02 1.913973600364132777e-01 0.000000000000000000e+00
4.800000000000000000e+02 1.919887092536742834e-01 7.469276285844332897e-01 2.878925807919890598e-02 3.504779244424215123e-02 1.892353208921256358e-01 0.000000000000000000e+00
4.830000000000000000e+02 1.931886386865095950e-01 7.494310423304506585e-01 2.924442421483841592e-02 3.846153846153846367e-02 1.828629949931725174e-01 0.000000000000000000e+00
4.860000000000000000e+02 1.943885681193451287e-01 7.517068730086481354e-01 3.026854802002730896e-02 4.085116067364587961e-02 1.771734182976786587e-01 0.000000000000000000e+00
4.890000000000000000e+02 1.955884975521806624e-01 7.567137005006827621e-01 3.038233955393718558e-02 4.278561675011378906e-02 1.701183431952662806e-01 0.000000000000000000e+00
4.920000000000000000e+02 1.967884269850159740e-01 7.597860719162494725e-01 3.072371415566681890e-02 4.369594902139280895e-02 1.657942649066909413e-01 0.000000000000000000e+00
4.950000000000000000e+02 1.979883564178515076e-01 7.612653618570778269e-01 3.152025489303595523e-02 4.585798816568047165e-02 1.613563950842057393e-01 0.000000000000000000e+00
4.980000000000000000e+02 1.991882858506870413e-01 7.611515703231679364e-01 3.186162949476559203e-02 4.995448338643605074e-02 1.570323167956304000e-01 0.000000000000000000e+00
5.010000000000000000e+02 2.003882152835223529e-01 7.613791533909877174e-01 3.311333636777423484e-02 5.245789713245334329e-02 1.530496131087847045e-01 0.000000000000000000e+00
5.040000000000000000e+02 2.015881447163578866e-01 7.695721438324988339e-01 3.288575329995448160e-02 5.109239872553481693e-02 1.464497041420118328e-01 0.000000000000000000e+00
5.070000000000000000e+02 2.027880741491934202e-01 7.768548020027310486e-01 3.186162949476559203e-02 5.166135639508420696e-02 1.396222121074192080e-01 0.000000000000000000e+00
5.100000000000000000e+02 2.039880035820289539e-01 7.829995448338643582e-01 3.277196176604460498e-02 5.314064633591260994e-02 1.310878470641784199e-01 0.000000000000000000e+00
5.130000000000000000e+02 2.051879330148642655e-01 7.934683659535730627e-01 3.117888029130632538e-02 5.245789713245334329e-02 1.228948566226672756e-01 0.000000000000000000e+00
5.160000000000000000e+02 2.063878624476997992e-01 7.988165680473372499e-01 3.072371415566681890e-02 5.314064633591260994e-02 1.173190714610832935e-01 0.000000000000000000e+00
5.190000000000000000e+02 2.075877918805353328e-01 8.037096040054619861e-01 3.106508875739644876e-02 5.177514792899408358e-02 1.134501593081474746e-01 0.000000000000000000e+00
5.220000000000000000e+02 2.087877213133706444e-01 8.080336822940372699e-01 3.117888029130632538e-02 5.461993627674101293e-02 1.061675011379153433e-01 0.000000000000000000e+00
5.250000000000000000e+02 2.099876507462061781e-01 8.084888484296768318e-01 3.174783796085571541e-02 5.496131087847064278e-02 1.048020027309968100e-01 0.000000000000000000e+00
5.280000000000000000e+02 2.111875801790417118e-01 8.091715976331360638e-01 3.243058716431497512e-02 5.621301775147929253e-02 1.021847974510696339e-01 0.000000000000000000e+00
5.310000000000000000e+02 2.123875096118770234e-01 8.089440145653163938e-01 3.379608557123350149e-02 5.826126536185707860e-02 9.899863450159307465e-02 0.000000000000000000e+00
5.340000000000000000e+02 2.135874390447125570e-01 8.155439235320892655e-01 3.447883477469276120e-02 5.894401456531633832e-02 9.103322712790168358e-02 0.000000000000000000e+00
5.370000000000000000e+02 2.147873684775480907e-01 8.208921256258534527e-01 3.504779244424215123e-02 5.962676376877560497e-02 8.443331816112881194e-02 0.000000000000000000e+00
5.400000000000000000e+02 2.159872979103834023e-01 8.166818388711879484e-01 3.732362312243969055e-02 6.247155211652252738e-02 8.352298588984979899e-02 0.000000000000000000e+00
5.430000000000000000e+02 2.171872273432189360e-01 8.163404642694583879e-01 3.777878925807919702e-02 6.133363677742376119e-02 8.454710969503868856e-02 0.000000000000000000e+00
5.460000000000000000e+02 2.183871567760544696e-01 8.208921256258534527e-01 3.857532999544834029e-02 5.883022303140646170e-02 8.170232134729175921e-02 0.000000000000000000e+00
5.490000000000000000e+02 2.195870862088897812e-01 8.228265817023213691e-01 3.834774692762858705e-02 5.962676376877560497e-02 7.919890760127445972e-02 0.000000000000000000e+00
5.520000000000000000e+02 2.207870156417253149e-01 8.236231224396904915e-01 3.868912152935821691e-02 6.087847064178425471e-02 7.680928538916705073e-02 0.000000000000000000e+00
5.550000000000000000e+02 2.219869450745608486e-01 8.240782885753299425e-01 3.971324533454710648e-02 6.201638598088302090e-02 7.419208010923987462e-02 0.000000000000000000e+00
5.580000000000000000e+02 2.231868745073963822e-01 8.287437414656350088e-01 4.005461993627674328e-02 6.008192990441511144e-02 7.111970869367319203e-02 0.000000000000000000e+00
5.610000000000000000e+02 2.243868039402316938e-01 8.286299499317251183e-01 4.221665908056440597e-02 6.008192990441511144e-02 6.907146108329539902e-02 0.000000000000000000e+00
5.640000000000000000e+02 2.255867333730672275e-01 8.246472462448793950e-01 4.324078288575330248e-02 6.030951297223486468e-02 7.180245789713245175e-02 0.000000000000000000e+00
5.670000000000000000e+02 2.267866628059027612e-01 8.264679107874374209e-01 4.301319981793354230e-02 6.178880291306326766e-02 6.873008648156576916e-02 0.000000000000000000e+00
5.700000000000000000e+02 2.279865922387380728e-01 8.288575329995447882e-01 4.415111515703231543e-02 6.144742831133363781e-02 6.554392353208920996e-02 0.000000000000000000e+00
5.730000000000000000e+02 2.291865216715736064e-01 8.334091943559399640e-01 4.392353208921256219e-02 6.247155211652252738e-02 6.019572143832498806e-02 0.000000000000000000e+00
5.760000000000000000e+02 2.303864511044091401e-01 8.346609012289485374e-01 4.346836595357305572e-02 6.224396904870277414e-02 5.962676376877560497e-02 0.000000000000000000e+00
5.790000000000000000e+02 2.315863805372444517e-01 8.361401911697770029e-01 4.437869822485206867e-02 6.156121984524351443e-02 5.791989076012744875e-02 0.000000000000000000e+00
5.820000000000000000e+02 2.327863099700799854e-01 8.362539827036868934e-01 4.528903049613108855e-02 6.247155211652252738e-02 5.598543468365953235e-02 0.000000000000000000e+00
5.850000000000000000e+02 2.339862394029155190e-01 8.337505689576695245e-01 4.733727810650887463e-02 6.326809285389166371e-02 5.564406008192990249e-02 0.000000000000000000e+00
5.880000000000000000e+02 2.351861688357508307e-01 8.376194811106053573e-01 4.665452890304961492e-02 6.190259444697314428e-02 5.382339553937186966e-02 0.000000000000000000e+00
5.910000000000000000e+02 2.363860982685863643e-01 8.385298133818843702e-01 4.676832043695949154e-02 5.951297223486572835e-02 5.518889394629039602e-02 0.000000000000000000e+00
5.940000000000000000e+02 2.375860277014218980e-01 8.411470186618115186e-01 4.574419663177059503e-02 5.974055530268548159e-02 5.336822940373236318e-02 0.000000000000000000e+00
5.970000000000000000e+02 2.387859571342572096e-01 8.365953573054164538e-01 4.597177969959034827e-02 6.247155211652252738e-02 5.496131087847064278e-02 0.000000000000000000e+00
6.000000000000000000e+02 2.399858865670927432e-01 8.384160218479744797e-01 4.642694583522986168e-02 6.224396904870277414e-02 5.291306326809285671e-02 0.000000000000000000e+00
6.030000000000000000e+02 2.411858159999282769e-01 8.433090578060992160e-01 4.472007282658170546e-02 6.133363677742376119e-02 5.063723258989531045e-02 0.000000000000000000e+00
6.060000000000000000e+02 2.423857454327635885e-01 8.433090578060992160e-01 4.608557123350022489e-02 6.099226217569413133e-02 4.961310878470642088e-02 0.000000000000000000e+00
6.090000000000000000e+02 2.435856748655991222e-01 8.431952662721893255e-01 4.517523896222121194e-02 6.099226217569413133e-02 5.063723258989531045e-02 0.000000000000000000e+00
6.120000000000000000e+02 2.447856042984346558e-01 8.445607646791079004e-01 4.437869822485206867e-02 6.156121984524351443e-02 4.949931725079653733e-02 0.000000000000000000e+00
6.150000000000000000e+02 2.459855337312701895e-01 8.483158852981338427e-01 4.358215748748293233e-02 5.780609922621757213e-02 5.029585798816568060e-02 0.000000000000000000e+00
6.180000000000000000e+02 2.471854631641055011e-01 8.497951752389621971e-01 4.369594902139280895e-02 5.700955848884842886e-02 4.949931725079653733e-02 0.000000000000000000e+00
6.210000000000000000e+02 2.483853925969410348e-01 8.526399635867091265e-01 4.324078288575330248e-02 5.735093309057805872e-02 4.676832043695949154e-02 0.000000000000000000e+00
6.240000000000000000e+02 2.495853220297765684e-01 8.515020482476103325e-01 4.472007282658170546e-02 5.757851615839781195e-02 4.608557123350022489e-02 1.137915339098771066e-04
6.270000000000000000e+02 2.507852514626118801e-01 8.497951752389621971e-01 4.483386436049158208e-02 5.962676376877560497e-02 4.563040509786071841e-02 1.137915339098771066e-04
6.300000000000000000e+02 2.519851808954474137e-01 8.496813837050523066e-01 4.437869822485206867e-02 6.213017751479289752e-02 4.369594902139280895e-02 1.137915339098771066e-04
6.330000000000000000e+02 2.531851103282829474e-01 8.510468821119708815e-01 4.346836595357305572e-02 6.121984524351388457e-02 4.415111515703231543e-02 1.137915339098771066e-04
6.360000000000000000e+02 2.543850397611182590e-01 8.503641329085116496e-01 4.472007282658170546e-02 5.928538916704597511e-02 4.563040509786071841e-02 0.000000000000000000e+00
6.390000000000000000e+02 2.555849691939537927e-01 8.504779244424214291e-01 4.540282203004096517e-02 6.042330450614474130e-02 4.369594902139280895e-02 0.000000000000000000e+00
6.420000000000000000e+02 2.567848986267893263e-01 8.478607191624942807e-01 4.688211197086936816e-02 6.213017751479289752e-02 4.312699135184342586e-02 0.000000000000000000e+00
6.450000000000000000e+02 2.579848280596246379e-01 8.487710514337732937e-01 4.597177969959034827e-02 6.338188438780155420e-02 4.176149294492489950e-02 1.137915339098771066e-04
6.480000000000000000e+02 2.591847574924601716e-01 8.469503868912152678e-01 4.756486117432862787e-02 6.383705052344106068e-02 4.153390987710514626e-02 1.137915339098771066e-04
6.510000000000000000e+02 2.603846869252957053e-01 8.461538461538461453e-01 4.654073736913973830e-02 6.599908966772871644e-02 4.119253527537550946e-02 1.137915339098771066e-04
6.540000000000000000e+02 2.615846163581310169e-01 8.463814292216659263e-01 4.858898497951752438e-02 6.531634046426945672e-02 3.971324533454710648e-02 0.000000000000000000e+00
6.570000000000000000e+02 2.627845457909665505e-01 8.451297223486572419e-01 4.893035958124715423e-02 6.474738279472007363e-02 4.119253527537550946e-02 0.000000000000000000e+00
6.600000000000000000e+02 2.639844752238020842e-01 8.454710969503869133e-01 4.881656804733727761e-02 6.554392353208920996e-02 4.016841147018661989e-02 0.000000000000000000e+00
6.630000000000000000e+02 2.651844046566373958e-01 8.459262630860263643e-01 4.927173418297678409e-02 6.292671825216203385e-02 4.187528447883477611e-02 0.000000000000000000e+00
6.660000000000000000e+02 2.663843340894729295e-01 8.449021392808374609e-01 4.995448338643605074e-02 6.349567592171143082e-02 4.164770141101502288e-02 0.000000000000000000e+00
6.690000000000000000e+02 2.675842635223084631e-01 8.482020937642239522e-01 4.802002730996814128e-02 6.338188438780155420e-02 4.039599453800637313e-02 0.000000000000000000e+00
6.720000000000000000e+02 2.687841929551439968e-01 8.491124260355029651e-01 4.642694583522986168e-02 6.315430131998178709e-02 4.130632680928538608e-02 0.000000000000000000e+00
6.750000000000000000e+02 2.699841223879793084e-01 8.489986345015930747e-01 4.790623577605826466e-02 6.360946745562130744e-02 3.948566226672735324e-02 0.000000000000000000e+00
6.780000000000000000e+02 2.711840518208148421e-01 8.478607191624942807e-01 4.790623577605826466e-02 6.326809285389166371e-02 4.096495220755575623e-02 0.000000000000000000e+00
6.810000000000000000e+02 2.723839812536503757e-01 8.472917614929449392e-01 4.915794264906690747e-02 6.383705052344106068e-02 3.971324533454710648e-02 0.000000000000000000e+00
