# itime ezz other fcc hcp bcc ico
0.000000000000000000e+00 0.000000000000000000e+00 1.137915339098771066e-04 9.998862084660901095e-01 0.000000000000000000e+00 0.000000000000000000e+00 0.000000000000000000e+00
2.500000000000000000e+02 9.999340377409016156e-04 3.413746017296313199e-04 9.996586253982703285e-01 0.000000000000000000e+00 0.000000000000000000e+00 0.000000000000000000e+00
5.000000000000000000e+02 1.999868075481803231e-03 2.162039144287664864e-03 9.978379608557123026e-01 0.000000000000000000e+00 0.000000000000000000e+00 0.000000000000000000e+00
7.500000000000000000e+02 2.999802113222704847e-03 2.275830678197542133e-04 9.997724169321802190e-01 0.000000000000000000e+00 0.000000000000000000e+00 0.000000000000000000e+00
1.000000000000000000e+03 3.999736150963606462e-03 4.551661356395084266e-04 9.995448338643604380e-01 0.000000000000000000e+00 0.000000000000000000e+00 0.000000000000000000e+00
1.250000000000000000e+03 4.999670188704508078e-03 1.365498406918525280e-03 9.986345015930814251e-01 0.000000000000000000e+00 0.000000000000000000e+00 0.000000000000000000e+00
1.500000000000000000e+03 5.999604226445409694e-03 1.024123805188893906e-03 9.989758761948110966e-01 0.000000000000000000e+00 0.000000000000000000e+00 0.000000000000000000e+00
1.750000000000000000e+03 6.999538264186311309e-03 5.689576695493854790e-04 9.994310423304506585e-01 0.000000000000000000e+00 0.000000000000000000e+00 0.000000000000000000e+00
2.000000000000000000e+03 7.999472301927212925e-03 7.965407373691396923e-04 9.992034592626308775e-01 0.000000000000000000e+00 0.000000000000000000e+00 0.000000000000000000e+00
2.250000000000000000e+03 8.999406339668114541e-03 9.103322712790168532e-04 9.990896677287209870e-01 0.000000000000000000e+00 0.000000000000000000e+00 0.000000000000000000e+00
2.500000000000000000e+03 9.999340377409016156e-03 3.186162949476558769e-03 9.968138370505233992e-01 0.000000000000000000e+00 0.000000000000000000e+00 0.000000000000000000e+00
2.750000000000000000e+03 1.099927441514991777e-02 6.827492034592626399e-04 9.993172507965407680e-01 0.000000000000000000e+00 0.000000000000000000e+00 0.000000000000000000e+00
3.000000000000000000e+03 1.199920845289081939e-02 1.593081474738279385e-03 9.984069185252617551e-01 0.000000000000000000e+00 0.000000000000000000e+00 0.000000000000000000e+00
3.250000000000000000e+03 1.299914249063172100e-02 3.072371415566681717e-03 9.969276285844332897e-01 0.000000000000000000e+00 0.000000000000000000e+00 0.000000000000000000e+00
3.500000000000000000e+03 1.399907652837262262e-02 2.275830678197541916e-03 9.977241693218024121e-01 0.000000000000000000e+00 0.000000000000000000e+00 0.000000000000000000e+00
3.750000000000000000e+03 1.499901056611352423e-02 1.251706873008648227e-03 9.987482931269913156e-01 0.000000000000000000e+00 0.000000000000000000e+00 0.000000000000000000e+00
4.000000000000000000e+03 1.599894460385442585e-02 1.706873008648156654e-03 9.982931269913518646e-01 0.000000000000000000e+00 0.000000000000000000e+00 0.000000000000000000e+00
4.250000000000000000e+03 1.699887864159532747e-02 7.965407373691396923e-04 9.992034592626308775e-01 0.000000000000000000e+00 0.000000000000000000e+00 0.000000000000000000e+00
4.500000000000000000e+03 1.799881267933622908e-02 2.844788347746927612e-03 9.971552116522530707e-01 0.000000000000000000e+00 0.000000000000000000e+00 0.000000000000000000e+00
4.750000000000000000e+03 1.899874671707713070e-02 1.251706873008648227e-03 9.986345015930814251e-01 0.000000000000000000e+00 1.137915339098771066e-04 0.000000000000000000e+00
5.000000000000000000e+03 1.999868075481803231e-02 1.706873008648156654e-03 9.981793354574419741e-01 0.000000000000000000e+00 1.137915339098771066e-04 0.000000000000000000e+00
5.250000000000000000e+03 2.099861479255893393e-02 3.186162949476558769e-03 9.967000455166135087e-01 0.000000000000000000e+00 1.137915339098771066e-04 0.000000000000000000e+00
5.500000000000000000e+03 2.199854883029983554e-02 1.820664542558033706e-03 9.980655439235320836e-01 0.000000000000000000e+00 1.137915339098771066e-04 0.000000000000000000e+00
5.750000000000000000e+03 2.299848286804073716e-02 2.958579881656804664e-03 9.970414201183431802e-01 0.000000000000000000e+00 0.000000000000000000e+00 0.000000000000000000e+00
6.000000000000000000e+03 2.399841690578163877e-02 3.186162949476558769e-03 9.968138370505233992e-01 0.000000000000000000e+00 0.000000000000000000e+00 0.000000000000000000e+00
6.250000000000000000e+03 2.499835094352254039e-02 2.958579881656804664e-03 9.969276285844332897e-01 0.000000000000000000e+00 1.137915339098771066e-04 0.000000000000000000e+00
6.500000000000000000e+03 2.599828498126344201e-02 2.730996813837050560e-03 9.972690031861629611e-01 0.000000000000000000e+00 0.000000000000000000e+00 0.000000000000000000e+00
6.750000000000000000e+03 2.699821901900434362e-02 2.958579881656804664e-03 9.968138370505233992e-01 0.000000000000000000e+00 2.275830678197542133e-04 0.000000000000000000e+00
7.000000000000000000e+03 2.799815305674524524e-02 3.413746017296313308e-03 9.964724624487938387e-01 0.000000000000000000e+00 1.137915339098771066e-04 0.000000000000000000e+00
7.250000000000000000e+03 2.899808709448614685e-02 3.868912152935821518e-03 9.961310878470641672e-01 0.000000000000000000e+00 0.000000000000000000e+00 0.000000000000000000e+00
7.500000000000000000e+03 2.999802113222704847e-02 2.730996813837050560e-03 9.972690031861629611e-01 0.000000000000000000e+00 0.000000000000000000e+00 0.000000000000000000e+00
7.750000000000000000e+03 3.099795516996795008e-02 6.030951297223486815e-03 9.938552571688666903e-01 0.000000000000000000e+00 1.137915339098771066e-04 0.000000000000000000e+00
8.000000000000000000e+03 3.199788920770885170e-02 4.210286754665453109e-03 9.957897132453344957e-01 0.000000000000000000e+00 0.000000000000000000e+00 0.000000000000000000e+00
8.250000000000000000e+03 3.299782324544975332e-02 3.413746017296313308e-03 9.964724624487938387e-01 0.000000000000000000e+00 1.137915339098771066e-04 0.000000000000000000e+00
8.500000000000000000e+03 3.399775728319065493e-02 3.186162949476558769e-03 9.967000455166135087e-01 0.000000000000000000e+00 1.137915339098771066e-04 0.000000000000000000e+00
8.750000000000000000e+03 3.499769132093155655e-02 7.624032771961766417e-03 9.922621756941283344e-01 0.000000000000000000e+00 1.137915339098771066e-04 0.000000000000000000e+00
9.000000000000000000e+03 3.599762535867245816e-02 5.234410559854347014e-03 9.947655894401457033e-01 0.000000000000000000e+00 0.000000000000000000e+00 0.000000000000000000e+00
9.250000000000000000e+03 3.699755939641335978e-02 7.510241238051888930e-03 9.922621756941283344e-01 0.000000000000000000e+00 2.275830678197542133e-04 0.000000000000000000e+00
9.500000000000000000e+03 3.799749343415426139e-02 6.258534365043240920e-03 9.935138825671370189e-01 0.000000000000000000e+00 2.275830678197542133e-04 0.000000000000000000e+00
9.750000000000000000e+03 3.899742747189516301e-02 1.035502958579881741e-02 9.893035958124715146e-01 0.000000000000000000e+00 3.413746017296313199e-04 0.000000000000000000e+00
1.000000000000000000e+04 3.999736150963606462e-02 6.941283568502503235e-03 9.930587164314974569e-01 0.000000000000000000e+00 0.000000000000000000e+00 0.000000000000000000e+00
1.025000000000000000e+04 4.099729554737696624e-02 7.851615839781519654e-03 9.920345926263085534e-01 0.000000000000000000e+00 1.137915339098771066e-04 0.000000000000000000e+00
1.050000000000000000e+04 4.199722958511786786e-02 6.372325898953117539e-03 9.932862994993172379e-01 0.000000000000000000e+00 3.413746017296313199e-04 0.000000000000000000e+00
1.075000000000000000e+04 4.299716362285876947e-02 9.672280382339554228e-03 9.901001365498406370e-01 0.000000000000000000e+00 2.275830678197542133e-04 0.000000000000000000e+00
1.100000000000000000e+04 4.399709766059967109e-02 8.989531178880291046e-03 9.907828857532999800e-01 0.000000000000000000e+00 2.275830678197542133e-04 0.000000000000000000e+00
1.125000000000000000e+04 4.499703169834057270e-02 9.786071916249430847e-03 9.896449704142011861e-01 0.000000000000000000e+00 5.689576695493854790e-04 0.000000000000000000e+00
1.150000000000000000e+04 4.599696573608147432e-02 1.228948566226672687e-02 9.873691397360035982e-01 0.000000000000000000e+00 3.413746017296313199e-04 0.000000000000000000e+00
1.175000000000000000e+04 4.699689977382237593e-02 1.092398725534820224e-02 9.887346381429221731e-01 0.000000000000000000e+00 3.413746017296313199e-04 0.000000000000000000e+00
1.200000000000000000e+04 4.799683381156327755e-02 1.490669094219390124e-02 9.845243513882566688e-01 0.000000000000000000e+00 5.689576695493854790e-04 0.000000000000000000e+00
1.225000000000000000e+04 4.899676784930417917e-02 1.490669094219390124e-02 9.846381429221665593e-01 0.000000000000000000e+00 4.551661356395084266e-04 0.000000000000000000e+00
1.250000000000000000e+04 4.999670188704508078e-02 1.467910787437414627e-02 9.852071005917160118e-01 0.000000000000000000e+00 1.137915339098771066e-04 0.000000000000000000e+00
1.275000000000000000e+04 5.099663592478598240e-02 1.741010468821119553e-02 9.819071461083295205e-01 0.000000000000000000e+00 6.827492034592626399e-04 0.000000000000000000e+00
1.300000000000000000e+04 5.199656996252688401e-02 1.308602639963586667e-02 9.864588074647245852e-01 0.000000000000000000e+00 4.551661356395084266e-04 0.000000000000000000e+00
1.325000000000000000e+04 5.299650400026778563e-02 1.661356395084205573e-02 9.822485207100591920e-01 0.000000000000000000e+00 1.137915339098770958e-03 0.000000000000000000e+00
1.350000000000000000e+04 5.399643803800868724e-02 1.832043695949021542e-02 9.800864815657714946e-01 0.000000000000000000e+00 1.593081474738279385e-03 0.000000000000000000e+00
1.375000000000000000e+04 5.499637207574958886e-02 1.695493855257168905e-02 9.817933545744196300e-01 0.000000000000000000e+00 1.251706873008648227e-03 0.000000000000000000e+00
1.400000000000000000e+04 5.599630611349049047e-02 1.661356395084205573e-02 9.828174783796085334e-01 0.000000000000000000e+00 5.689576695493854790e-04 0.000000000000000000e+00
1.425000000000000000e+04 5.699624015123139209e-02 2.810650887573964626e-02 9.713245334547109255e-01 0.000000000000000000e+00 5.689576695493854790e-04 0.000000000000000000e+00
1.450000000000000000e+04 5.799617418897229371e-02 2.730996813837050646e-02 9.718934911242603780e-01 0.000000000000000000e+00 7.965407373691396923e-04 0.000000000000000000e+00
1.475000000000000000e+04 5.899610822671319532e-02 2.173418297678652786e-02 9.773554847519344557e-01 0.000000000000000000e+00 9.103322712790168532e-04 0.000000000000000000e+00
1.500000000000000000e+04 5.999604226445409694e-02 2.776513427401001294e-02 9.706417842512516936e-01 0.000000000000000000e+00 1.593081474738279385e-03 0.000000000000000000e+00
1.525000000000000000e+04 6.099597630219499855e-02 3.220300409649522189e-02 9.671142467000455323e-01 0.000000000000000000e+00 6.827492034592626399e-04 0.000000000000000000e+00
1.550000000000000000e+04 6.199591033993590017e-02 3.174783796085571541e-02 9.665452890304960798e-01 0.000000000000000000e+00 1.706873008648156654e-03 0.000000000000000000e+00
1.575000000000000000e+04 6.299584437767680178e-02 3.060992262175694228e-02 9.684797451069639962e-01 0.000000000000000000e+00 9.103322712790168532e-04 0.000000000000000000e+00
1.600000000000000000e+04 6.399577841541770340e-02 4.665452890304961492e-02 9.511834319526627501e-01 0.000000000000000000e+00 2.162039144287664864e-03 0.000000000000000000e+00
1.625000000000000000e+04 6.499571245315860502e-02 4.028220300409649651e-02 9.576695493855257313e-01 0.000000000000000000e+00 2.048247610377787811e-03 0.000000000000000000e+00
1.650000000000000000e+04 6.599564649089950663e-02 4.096495220755575623e-02 9.569868001820664993e-01 0.000000000000000000e+00 2.048247610377787811e-03 0.000000000000000000e+00
1.675000000000000000e+04 6.699558052864040825e-02 4.016841147018661989e-02 9.573281747837960598e-01 0.000000000000000000e+00 2.503413746017296455e-03 0.000000000000000000e+00
1.700000000000000000e+04 6.799551456638130986e-02 5.814747382794720199e-02 9.380974055530268974e-01 0.000000000000000000e+00 3.755120619025944465e-03 0.000000000000000000e+00
1.725000000000000000e+04 6.899544860412221148e-02 5.211652253072371344e-02 9.453800637232590010e-01 0.000000000000000000e+00 2.503413746017296455e-03 0.000000000000000000e+00
1.750000000000000000e+04 6.999538264186311309e-02 5.917159763313609155e-02 9.383249886208465673e-01 0.000000000000000000e+00 2.503413746017296455e-03 0.000000000000000000e+00
1.775000000000000000e+04 7.099531667960401471e-02 5.450614474283113631e-02 9.424214838416021811e-01 0.000000000000000000e+00 3.072371415566681717e-03 0.000000000000000000e+00
1.800000000000000000e+04 7.199525071734491632e-02 7.168866636322257513e-02 9.231907146108329076e-01 0.000000000000000000e+00 5.120619025944469528e-03 0.000000000000000000e+00
1.825000000000000000e+04 7.299518475508581794e-02 7.715065999089668058e-02 9.171597633136094885e-01 0.000000000000000000e+00 5.689576695493855224e-03 0.000000000000000000e+00
1.850000000000000000e+04 7.399511879282671956e-02 7.851615839781520001e-02 9.160218479745106945e-01 0.000000000000000000e+00 5.461993627674101119e-03 0.000000000000000000e+00
1.875000000000000000e+04 7.499505283056762117e-02 7.828857532999544677e-02 9.154528903049613531e-01 0.000000000000000000e+00 6.258534365043240920e-03 0.000000000000000000e+00
1.900000000000000000e+04 7.599498686830852279e-02 9.433318161128811941e-02 8.986117432862994470e-01 0.000000000000000000e+00 7.055075102412380721e-03 0.000000000000000000e+00
1.925000000000000000e+04 7.699492090604942440e-02 9.103322712790168358e-02 9.000910332271279124e-01 0.000000000000000000e+00 8.875739644970414427e-03 0.000000000000000000e+00
1.950000000000000000e+04 7.799485494379032602e-02 9.182976786527081992e-02 9.019116977696859383e-01 0.000000000000000000e+00 6.258534365043240920e-03 0.000000000000000000e+00
1.975000000000000000e+04 7.899478898153122763e-02 1.134501593081474746e-01 8.751706873008647802e-01 0.000000000000000000e+00 1.137915339098771045e-02 0.000000000000000000e+00
2.000000000000000000e+04 7.999472301927212925e-02 9.035047792444242387e-02 8.980427856167501055e-01 0.000000000000000000e+00 1.160673645880746542e-02 0.000000000000000000e+00
2.025000000000000000e+04 8.099465705701303087e-02 1.149294492489758707e-01 8.711879836140191680e-01 0.000000000000000000e+00 1.388256713700500647e-02 0.000000000000000000e+00
2.050000000000000000e+04 8.199459109475393248e-02 1.289258079198907503e-01 8.558261265361857273e-01 0.000000000000000000e+00 1.524806554392353283e-02 0.000000000000000000e+00
2.075000000000000000e+04 8.299452513249483410e-02 1.326809285389166926e-01 8.530951297223486884e-01 0.000000000000000000e+00 1.422394173873463806e-02 0.000000000000000000e+00
2.100000000000000000e+04 8.399445917023573571e-02 1.354119253527537592e-01 8.458124715521164738e-01 0.000000000000000000e+00 1.877560309512972189e-02 0.000000000000000000e+00
2.125000000000000000e+04 8.499439320797663733e-02 1.811561219845243542e-01 7.738962221210742287e-01 0.000000000000000000e+00 4.494765589440145870e-02 0.000000000000000000e+00
2.150000000000000000e+04 8.599432724571753894e-02 2.007282658170232159e-01 7.299726900318616041e-01 9.103322712790168532e-04 6.838871187983613931e-02 0.000000000000000000e+00
2.175000000000000000e+04 8.699426128345844056e-02 2.303140646335912478e-01 6.901456531634045932e-01 1.479289940828402332e-03 7.806099226217569353e-02 0.000000000000000000e+00
2.200000000000000000e+04 8.799419532119934217e-02 2.547792444242148457e-01 6.215293582157487284e-01 4.210286754665453109e-03 1.194811106053709632e-01 0.000000000000000000e+00
2.225000000000000000e+04 8.899412935894024379e-02 2.625170687300864558e-01 5.827264451524806210e-01 9.103322712790167665e-03 1.456531634046426826e-01 0.000000000000000000e+00
2.250000000000000000e+04 8.999406339668114541e-02 2.642239417387346467e-01 5.150204824761037692e-01 3.220300409649522189e-02 1.885525716886663761e-01 0.000000000000000000e+00
2.275000000000000000e+04 9.099399743442204702e-02 2.642239417387346467e-01 4.979517523896221931e-01 8.079198907601274626e-02 1.570323167956304000e-01 0.000000000000000000e+00
2.300000000000000000e+04 9.199393147216294864e-02 2.585343650432407880e-01 5.141101502048247562e-01 1.260810195721438209e-01 1.012744651797906209e-01 0.000000000000000000e+00
2.325000000000000000e+04 9.299386550990385025e-02 2.173418297678652578e-01 5.036413290851160518e-01 1.931042330450614408e-01 8.591260810195720798e-02 0.000000000000000000e+00
2.350000000000000000e+04 9.399379954764475187e-02 2.067592171142466906e-01 5.096722803823395820e-01 2.184797451069640517e-01 6.508875739644970349e-02 0.000000000000000000e+00
2.375000000000000000e+04 9.499373358538565348e-02 2.097177969959035104e-01 5.125170687300865113e-01 2.174556213017751483e-01 6.030951297223486468e-02 0.000000000000000000e+00
2.400000000000000000e+04 9.599366762312655510e-02 1.735320892125625791e-01 5.358443331816112876e-01 2.426035502958579781e-01 4.802002730996814128e-02 0.000000000000000000e+00
2.425000000000000000e+04 9.699360166086745672e-02 1.487255348202093652e-01 5.451752389622211981e-01 2.756030951297223641e-01 3.049613108784706567e-02 0.000000000000000000e+00
2.450000000000000000e+04 9.799353569860835833e-02 1.433773327264451503e-01 5.463131543013199920e-01 2.948338643604915821e-01 1.547564861174328607e-02 0.000000000000000000e+00
2.475000000000000000e+04 9.899346973634925995e-02 8.409194355939918208e-02 6.396222121074192080e-01 2.708238507055075184e-01 5.461993627674101119e-03 0.000000000000000000e+00
2.500000000000000000e+04 9.999340377409016156e-02 5.974055530268548159e-02 6.649977241693217911e-01 2.701411015020482309e-01 5.120619025944469528e-03 0.000000000000000000e+00
2.525000000000000000e+04 1.009933378118310632e-01 6.224396904870277414e-02 6.635184342284934367e-01 2.703686845698680119e-01 3.868912152935821518e-03 0.000000000000000000e+00
2.550000000000000000e+04 1.019932718495719648e-01 4.813381884387801790e-02 6.727355484751934567e-01 2.729858898497951603e-01 6.144742831133363434e-03 0.000000000000000000e+00
2.575000000000000000e+04 1.029932058873128664e-01 4.164770141101502288e-02 6.784251251706873154e-01 2.749203459262630767e-01 5.006827492034592909e-03 0.000000000000000000e+00
2.600000000000000000e+04 1.039931399250537680e-01 4.119253527537550946e-02 6.771734182976786309e-01 2.760582612653618706e-01 5.575785161583977738e-03 0.000000000000000000e+00
2.625000000000000000e+04 1.049930739627946696e-01 3.573054164770141095e-02 6.803595812471552318e-01 2.793582157487483064e-01 4.551661356395083832e-03 0.000000000000000000e+00
2.650000000000000000e+04 1.059930080005355713e-01 3.265817023213472836e-02 6.793354574419663283e-01 2.841374601729631522e-01 3.868912152935821518e-03 0.000000000000000000e+00
2.675000000000000000e+04 1.069929420382764729e-01 2.162039144287665124e-02 6.824078288575330387e-01 2.943786982248520756e-01 1.593081474738279385e-03 0.000000000000000000e+00
2.700000000000000000e+04 1.079928760760173745e-01 2.275830678197542090e-02 6.825216203914429292e-01 2.939235320892125691e-01 7.965407373691396923e-04 0.000000000000000000e+00
2.725000000000000000e+04 1.089928101137582761e-01 2.173418297678652786e-02 6.832043695949021611e-01 2.943786982248520756e-01 6.827492034592626399e-04 0.000000000000000000e+00
2.750000000000000000e+04 1.099927441514991777e-01 2.059626763768775473e-02 6.849112426035502965e-01 2.941511151570322946e-01 3.413746017296313199e-04 0.000000000000000000e+00
2.775000000000000000e+04 1.109926781892400793e-01 2.162039144287665124e-02 6.811561219845243542e-01 2.961993627674101015e-01 1.024123805188893906e-03 0.000000000000000000e+00
2.800000000000000000e+04 1.119926122269809809e-01 1.854802002730996865e-02 6.847974510696404060e-01 2.954028220300409791e-01 1.251706873008648227e-03 0.000000000000000000e+00
2.825000000000000000e+04 1.129925462647218826e-01 2.127901684114701791e-02 6.819526627218934767e-01 2.965407373691397175e-01 2.275830678197542133e-04 0.000000000000000000e+00
2.850000000000000000e+04 1.139924803024627842e-01 2.036868456986800149e-02 6.833181611288120516e-01 2.954028220300409791e-01 9.103322712790168532e-04 0.000000000000000000e+00
2.875000000000000000e+04 1.149924143402036858e-01 1.911697769685935522e-02 6.847974510696404060e-01 2.959717796995903760e-01 1.137915339098771066e-04 0.000000000000000000e+00
2.900000000000000000e+04 1.159923483779445874e-01 2.605826126536185672e-02 6.795630405097861093e-01 2.934683659535730627e-01 9.103322712790168532e-04 0.000000000000000000e+00
2.925000000000000000e+04 1.169922824156854890e-01 2.332726445152480746e-02 6.814974965862540257e-01 2.949476558944014726e-01 2.275830678197542133e-04 0.000000000000000000e+00
2.950000000000000000e+04 1.179922164534263906e-01 2.423759672280382388e-02 6.818388711879835862e-01 2.935821574874829532e-01 3.413746017296313199e-04 0.000000000000000000e+00
2.975000000000000000e+04 1.189921504911672923e-01 2.150659990896677115e-02 6.835457441966317216e-01 2.946062812926718011e-01 3.413746017296313199e-04 0.000000000000000000e+00
3.000000000000000000e+04 1.199920845289081939e-01 1.945835229858898507e-02 6.836595357305416121e-01 2.960855712335002110e-01 7.965407373691396923e-04 0.000000000000000000e+00
3.025000000000000000e+04 1.209920185666490955e-01 2.150659990896677115e-02 6.816112881201638052e-01 2.957441966317705950e-01 1.137915339098770958e-03 0.000000000000000000e+00
3.050000000000000000e+04 1.219919526043899971e-01 2.071005917159763482e-02 6.838871187983613931e-01 2.950614474283113076e-01 3.413746017296313199e-04 0.000000000000000000e+00
3.075000000000000000e+04 1.229918866421308987e-01 2.446517979062357712e-02 6.795630405097861093e-01 2.948338643604915821e-01 1.137915339098770958e-03 0.000000000000000000e+00
3.100000000000000000e+04 1.239918206798718003e-01 2.389622212107419055e-02 6.808147473827946827e-01 2.948338643604915821e-01 4.551661356395084266e-04 0.000000000000000000e+00
3.125000000000000000e+04 1.249917547176127020e-01 2.332726445152480746e-02 6.801319981793354508e-01 2.961993627674101015e-01 3.413746017296313199e-04 0.000000000000000000e+00
3.150000000000000000e+04 1.259916887553536036e-01 2.617205279927173334e-02 6.780837505689576439e-01 2.948338643604915821e-01 9.103322712790168532e-04 0.000000000000000000e+00
3.175000000000000000e+04 1.269916227930945052e-01 2.571688666363222686e-02 6.783113336367774249e-01 2.950614474283113076e-01 9.103322712790168532e-04 0.000000000000000000e+00
3.200000000000000000e+04 1.279915568308354068e-01 2.571688666363222686e-02 6.792216659080564378e-01 2.944924897587619661e-01 5.689576695493854790e-04 0.000000000000000000e+00
3.225000000000000000e+04 1.289914908685763084e-01 2.514792899408284030e-02 6.791078743741465473e-01 2.949476558944014726e-01 7.965407373691396923e-04 0.000000000000000000e+00
3.250000000000000000e+04 1.299914249063172100e-01 2.730996813837050646e-02 6.768320436959490705e-01 2.944924897587619661e-01 1.365498406918525280e-03 0.000000000000000000e+00
3.275000000000000000e+04 1.309913589440581116e-01 2.787892580791988956e-02 6.770596267637687404e-01 2.940373236231224596e-01 1.024123805188893906e-03 0.000000000000000000e+00
3.300000000000000000e+04 1.319912929817990133e-01 2.867546654528902936e-02 6.771734182976786309e-01 2.936959490213927881e-01 4.551661356395084266e-04 0.000000000000000000e+00
3.325000000000000000e+04 1.329912270195399149e-01 2.981338188438780248e-02 6.750113791533909335e-01 2.946062812926718011e-01 5.689576695493854790e-04 0.000000000000000000e+00
3.350000000000000000e+04 1.339911610572808165e-01 3.368229403732362487e-02 6.723941738734637852e-01 2.933545744196631722e-01 5.689576695493854790e-04 0.000000000000000000e+00
3.375000000000000000e+04 1.349910950950217181e-01 3.220300409649522189e-02 6.734182976786526886e-01 2.932407828857532817e-01 1.137915339098770958e-03 0.000000000000000000e+00
3.400000000000000000e+04 1.359910291327626197e-01 3.322712790168411146e-02 6.713700500682748817e-01 2.940373236231224596e-01 1.365498406918525280e-03 0.000000000000000000e+00
3.425000000000000000e+04 1.369909631705035213e-01 2.856167501137915274e-02 6.768320436959490705e-01 2.938097405553026786e-01 7.965407373691396923e-04 0.000000000000000000e+00
3.450000000000000000e+04 1.379908972082444230e-01 3.208921256258534527e-02 6.730769230769231282e-01 2.936959490213927881e-01 1.137915339098770958e-03 0.000000000000000000e+00
3.475000000000000000e+04 1.389908312459853246e-01 3.288575329995448160e-02 6.720527992717342247e-01 2.933545744196631722e-01 1.706873008648156654e-03 0.000000000000000000e+00
3.500000000000000000e+04 1.399907652837262262e-01 3.675466545289030745e-02 6.700045516613564178e-01 2.916477014110150368e-01 1.593081474738279385e-03 0.000000000000000000e+00
3.525000000000000000e+04 1.409906993214671278e-01 3.595812471552116418e-02 6.687528447883477334e-01 2.938097405553026786e-01 1.479289940828402332e-03 0.000000000000000000e+00
3.550000000000000000e+04 1.419906333592080294e-01 3.812016385980882688e-02 6.673873463814292695e-01 2.925580336822940497e-01 1.934456076467910759e-03 0.000000000000000000e+00
3.575000000000000000e+04 1.429905673969489310e-01 4.210286754665452935e-02 6.630632680928538747e-01 2.926718252162039402e-01 2.162039144287664864e-03 0.000000000000000000e+00
3.600000000000000000e+04 1.439905014346898326e-01 4.278561675011378906e-02 6.624943104233045332e-01 2.924442421483841592e-01 2.275830678197541916e-03 0.000000000000000000e+00
3.625000000000000000e+04 1.449904354724307343e-01 4.369594902139280895e-02 6.634046426945835462e-01 2.901684114701866268e-01 2.730996813837050560e-03 0.000000000000000000e+00
3.650000000000000000e+04 1.459903695101716359e-01 4.369594902139280895e-02 6.626081019572144237e-01 2.918752844788347622e-01 1.820664542558033706e-03 0.000000000000000000e+00
3.675000000000000000e+04 1.469903035479125375e-01 4.426490669094219205e-02 6.637460172963131066e-01 2.911925352753755303e-01 7.965407373691396923e-04 0.000000000000000000e+00
3.700000000000000000e+04 1.479902375856534391e-01 5.075102412380518707e-02 6.556668183887118806e-01 2.899408284023668458e-01 3.641329085116067413e-03 0.000000000000000000e+00
3.725000000000000000e+04 1.489901716233943407e-01 5.314064633591260994e-02 6.570323167956304555e-01 2.870960400546199165e-01 2.730996813837050560e-03 0.000000000000000000e+00
3.750000000000000000e+04 1.499901056611352423e-01 4.847519344560764776e-02 6.577150659990896875e-01 2.910787437414656398e-01 2.730996813837050560e-03 0.000000000000000000e+00
3.775000000000000000e+04 1.509900396988761440e-01 4.802002730996814128e-02 6.585116067364588099e-01 2.903959945380063523e-01 3.072371415566681717e-03 0.000000000000000000e+00
3.800000000000000000e+04 1.519899737366170456e-01 5.018206645425580398e-02 6.561219845243514426e-01 2.903959945380063523e-01 3.299954483386436255e-03 0.000000000000000000e+00
3.825000000000000000e+04 1.529899077743579472e-01 5.928538916704597511e-02 6.486117432862994470e-01 2.886891215293582169e-01 3.413746017296313308e-03 0.000000000000000000e+00
3.850000000000000000e+04 1.539898418120988488e-01 6.008192990441511144e-02 6.462221210741920796e-01 2.895994538006372299e-01 4.096495220755575623e-03 0.000000000000000000e+00
3.875000000000000000e+04 1.549897758498397504e-01 5.769230769230769551e-02 6.466772872098316416e-01 2.908511606736458588e-01 4.779244424214838804e-03 0.000000000000000000e+00
3.900000000000000000e+04 1.559897098875806520e-01 7.237141556668183484e-02 6.304050978607191880e-01 2.918752844788347622e-01 5.348202093764223633e-03 0.000000000000000000e+00
3.925000000000000000e+04 1.569896439253215537e-01 6.213017751479289752e-02 6.415566681838871244e-01 2.898270368684570109e-01 6.486117432862995025e-03 0.000000000000000000e+00
3.950000000000000000e+04 1.579895779630624553e-01 7.350933090578061491e-02 6.305188893946290785e-01 2.894856622667273394e-01 6.486117432862995025e-03 0.000000000000000000e+00
3.975000000000000000e+04 1.589895120008033569e-01 7.271279016841146470e-02 6.318843878015475424e-01 2.880063723258989294e-01 7.396449704142011444e-03 0.000000000000000000e+00
4.000000000000000000e+04 1.599894460385442585e-01 7.567137005006827066e-02 6.331360946745562268e-01 2.851615839781520001e-01 6.030951297223486815e-03 0.000000000000000000e+00
4.025000000000000000e+04 1.609893800762851601e-01 7.862994993172507663e-02 6.324533454710969949e-01 2.825443786982248517e-01 6.372325898953117539e-03 0.000000000000000000e+00
4.050000000000000000e+04 1.619893141140260617e-01 8.284023668639053928e-02 6.264223941738734647e-01 2.839098771051433712e-01 6.827492034592626616e-03 0.000000000000000000e+00
4.075000000000000000e+04 1.629892481517669633e-01 8.830223031406463086e-02 6.228948566226673034e-01 2.793582157487483064e-01 9.444697314519799256e-03 0.000000000000000000e+00
4.100000000000000000e+04 1.639891821895078650e-01 1.026399635867091542e-01 6.088984979517524376e-01 2.776513427401001155e-01 1.081019572143832562e-02 0.000000000000000000e+00
4.125000000000000000e+04 1.649891162272487666e-01 1.200500682749203463e-01 5.911470186618115186e-01 2.745789713245334607e-01 1.422394173873463806e-02 0.000000000000000000e+00
4.150000000000000000e+04 1.659890502649896682e-01 1.345015930814747462e-01 5.912608101957214091e-01 2.591033227127901850e-01 1.513427401001365448e-02 0.000000000000000000e+00
4.175000000000000000e+04 1.669889843027305698e-01 1.021847974510696339e-01 6.068502503413746307e-01 2.769685935366408835e-01 1.399635867091488309e-02 0.000000000000000000e+00
4.200000000000000000e+04 1.679889183404714714e-01 7.726445152480655720e-02 6.201638598088302645e-01 2.935821574874829532e-01 8.989531178880291046e-03 0.000000000000000000e+00
4.225000000000000000e+04 1.689888523782123730e-01 8.352298588984979899e-02 6.071916249431041912e-01 2.974510696404187304e-01 1.183431952662721866e-02 0.000000000000000000e+00
4.250000000000000000e+04 1.699887864159532747e-01 8.522985889849794827e-02 6.035502958579881394e-01 2.980200273099681274e-01 1.319981793354574502e-02 0.000000000000000000e+00
4.275000000000000000e+04 1.709887204536941763e-01 8.261265361857077216e-02 6.032089212562585789e-01 3.023441055985434667e-01 1.183431952662721866e-02 0.000000000000000000e+00
4.300000000000000000e+04 1.719886544914350779e-01 9.171597633136094330e-02 5.931952662721893255e-01 3.012061902594446727e-01 1.388256713700500647e-02 0.000000000000000000e+00
4.325000000000000000e+04 1.729885885291759795e-01 1.022985889849795244e-01 5.653163404642694845e-01 3.086026399635867223e-01 2.378243058716431393e-02 0.000000000000000000e+00
4.350000000000000000e+04 1.739885225669168811e-01 1.038916704597177970e-01 5.466545289030496635e-01 3.305644060081929791e-01 1.888939462903959851e-02 0.000000000000000000e+00
4.375000000000000000e+04 1.749884566046577827e-01 1.088984979517523960e-01 5.353891670459717256e-01 3.409194355939917931e-01 1.479289940828402289e-02 0.000000000000000000e+00
4.400000000000000000e+04 1.759883906423986843e-01 1.150432407828857473e-01 5.281065088757396220e-01 3.403504779244423961e-01 1.649977241693217911e-02 0.000000000000000000e+00
4.425000000000000000e+04 1.769883246801395860e-01 1.144742831133363642e-01 5.325443786982249073e-01 3.396677287209831642e-01 1.331360946745562164e-02 0.000000000000000000e+00
4.450000000000000000e+04 1.779882587178804876e-01 1.219845243513882627e-01 5.180928538916704795e-01 3.462676376877560358e-01 1.365498406918525323e-02 0.000000000000000000e+00
4.475000000000000000e+04 1.789881927556213892e-01 1.258534365043240677e-01 5.137687756030950847e-01 3.483158852981338427e-01 1.206190259444697363e-02 0.000000000000000000e+00
4.500000000000000000e+04 1.799881267933622908e-01 1.304050978607191602e-01 5.122894856622667303e-01 3.459262630860264198e-01 1.137915339098771045e-02 0.000000000000000000e+00
4.525000000000000000e+04 1.809880608311031924e-01 1.255120619025944517e-01 5.150204824761037692e-01 3.454710969503869133e-01 1.399635867091488309e-02 0.000000000000000000e+00
4.550000000000000000e+04 1.819879948688440940e-01 1.304050978607191602e-01 5.108101957214383759e-01 3.468365953573054328e-01 1.194811106053709528e-02 0.000000000000000000e+00
4.575000000000000000e+04 1.829879289065849957e-01 1.258534365043240677e-01 5.203686845698679564e-01 3.423987255348202030e-01 1.137915339098771045e-02 0.000000000000000000e+00
4.600000000000000000e+04 1.839878629443258973e-01 1.192535275375512099e-01 5.348202093764223841e-01 3.340919435593991960e-01 1.183431952662721866e-02 0.000000000000000000e+00
4.625000000000000000e+04 1.849877969820667989e-01 1.124260355029585851e-01 5.424442421483841592e-01 3.359126081019572219e-01 9.217114246700046018e-03 0.000000000000000000e+00
4.650000000000000000e+04 1.859877310198077005e-01 1.157259899863450209e-01 5.373236231224396420e-01 3.395539371870732737e-01 7.396449704142011444e-03 0.000000000000000000e+00
4.675000000000000000e+04 1.869876650575486021e-01 1.164087391898042806e-01 5.403959945380063523e-01 3.353436504324078249e-01 7.851615839781519654e-03 0.000000000000000000e+00
4.700000000000000000e+04 1.879875990952895037e-01 1.145880746472462408e-01 5.432407828857532817e-01 3.330678197542102925e-01 9.103322712790167665e-03 0.000000000000000000e+00
4.725000000000000000e+04 1.889875331330304054e-01 1.175466545289030468e-01 5.497269003186162628e-01 3.243058716431497235e-01 8.420573509330906217e-03 0.000000000000000000e+00
4.750000000000000000e+04 1.899874671707713070e-01 1.192535275375512099e-01 5.518889394629039602e-01 3.188438780154756458e-01 1.001365498406918582e-02 0.000000000000000000e+00
4.775000000000000000e+04 1.909874012085122086e-01 1.137915339098771045e-01 5.564406008192990249e-01 3.211197086936731782e-01 8.648156577150659455e-03 0.000000000000000000e+00
4.800000000000000000e+04 1.919873352462531102e-01 1.193673190714610866e-01 5.560992262175694645e-01 3.172507965407373454e-01 7.282658170232134826e-03 0.000000000000000000e+00
4.825000000000000000e+04 1.929872692839940118e-01 1.206190259444697294e-01 5.571233500227582569e-01 3.142922166590805810e-01 7.965407373691398007e-03 0.000000000000000000e+00
4.850000000000000000e+04 1.939872033217349134e-01 1.192535275375512099e-01 5.558716431497496835e-01 3.155439235320892100e-01 9.330905780609922637e-03 0.000000000000000000e+00
4.875000000000000000e+04 1.949871373594758150e-01 1.213017751479289891e-01 5.617888029130633232e-01 3.066681838871188059e-01 1.024123805188893906e-02 0.000000000000000000e+00
4.900000000000000000e+04 1.959870713972167167e-01 1.220983158852981393e-01 5.685025034137459743e-01 3.018889394629039602e-01 7.510241238051888930e-03 0.000000000000000000e+00
4.925000000000000000e+04 1.969870054349576183e-01 1.164087391898042806e-01 5.860263996358671124e-01 2.877787892580792040e-01 9.786071916249430847e-03 0.000000000000000000e+00
4.950000000000000000e+04 1.979869394726985199e-01 1.213017751479289891e-01 5.762403277196176399e-01 2.927856167501137752e-01 9.672280382339554228e-03 0.000000000000000000e+00
4.975000000000000000e+04 1.989868735104394215e-01 1.152708238507055144e-01 5.749886208466090665e-01 2.993855257168866468e-01 1.035502958579881741e-02 0.000000000000000000e+00
5.000000000000000000e+04 1.999868075481803231e-01 1.190259444697314567e-01 5.695266272189348777e-01 2.999544833864360438e-01 1.149294492489758707e-02 0.000000000000000000e+00
5.025000000000000000e+04 2.009867415859212247e-01 1.161811561219845274e-01 5.702093764223942207e-01 2.991579426490669213e-01 1.445152480655439303e-02 0.000000000000000000e+00
5.050000000000000000e+04 2.019866756236621264e-01 1.169776968593536637e-01 5.681611288120164138e-01 3.014337733272644537e-01 1.342740100136549826e-02 0.000000000000000000e+00
5.075000000000000000e+04 2.029866096614030280e-01 1.169776968593536637e-01 5.659990896677287164e-01 3.006372325898953313e-01 1.638598088302230249e-02 0.000000000000000000e+00
5.100000000000000000e+04 2.039865436991439296e-01 1.181156121984524299e-01 5.670232134729176199e-01 3.012061902594446727e-01 1.365498406918525323e-02 0.000000000000000000e+00
5.125000000000000000e+04 2.049864777368848312e-01 1.167501137915339104e-01 5.597405553026855163e-01 3.038233955393718766e-01 1.968593536640873831e-02 0.000000000000000000e+00
5.150000000000000000e+04 2.059864117746257328e-01 1.225534820209376458e-01 5.458579881656804300e-01 3.150887573964497035e-01 1.649977241693217911e-02 0.000000000000000000e+00
5.175000000000000000e+04 2.069863458123666344e-01 1.302913063268092975e-01 5.248065543923532417e-01 3.261265361857078049e-01 1.877560309512972189e-02 0.000000000000000000e+00
5.200000000000000000e+04 2.079862798501075360e-01 1.241465634956759184e-01 5.235548475193445572e-01 3.327264451524806765e-01 1.957214383249886169e-02 0.000000000000000000e+00
5.225000000000000000e+04 2.089862138878484377e-01 1.180018206645425533e-01 5.249203459262631322e-01 3.429676832043696000e-01 1.411015020482476144e-02 0.000000000000000000e+00
5.250000000000000000e+04 2.099861479255893393e-01 1.193673190714610866e-01 5.207100591715976279e-01 3.470641784251251583e-01 1.285844333181611343e-02 0.000000000000000000e+00
5.275000000000000000e+04 2.109860819633302409e-01 1.167501137915339104e-01 5.179790623577605890e-01 3.493400091033226906e-01 1.593081474738279601e-02 0.000000000000000000e+00
5.300000000000000000e+04 2.119860160010711425e-01 1.170914883932635403e-01 5.238962221210742287e-01 3.454710969503869133e-01 1.354119253527537488e-02 0.000000000000000000e+00
5.325000000000000000e+04 2.129859500388120441e-01 1.183431952662721831e-01 5.234410559854346667e-01 3.491124260355029651e-01 9.103322712790167665e-03 0.000000000000000000e+00
5.350000000000000000e+04 2.139858840765529457e-01 1.120846609012289552e-01 5.208238507055075184e-01 3.548020027309968238e-01 1.228948566226672687e-02 0.000000000000000000e+00
5.375000000000000000e+04 2.149858181142938474e-01 1.157259899863450209e-01 5.259444697314519246e-01 3.499089667728720876e-01 8.420573509330906217e-03 0.000000000000000000e+00
5.400000000000000000e+04 2.159857521520347490e-01 1.198224852071005930e-01 5.237824305871643382e-01 3.479745106964041712e-01 8.420573509330906217e-03 0.000000000000000000e+00
5.425000000000000000e+04 2.169856861897756506e-01 1.167501137915339104e-01 5.259444697314519246e-01 3.491124260355029651e-01 8.192990441511151245e-03 0.000000000000000000e+00
5.450000000000000000e+04 2.179856202275165522e-01 1.119708693673190647e-01 5.293582157487483064e-01 3.526399635867091265e-01 6.030951297223486815e-03 0.000000000000000000e+00
5.475000000000000000e+04 2.189855542652574538e-01 1.101502048247610388e-01 5.312926718252162228e-01 3.516158397815202785e-01 6.941283568502503235e-03 0.000000000000000000e+00
5.500000000000000000e+04 2.199854883029983554e-01 1.063950842057350965e-01 5.343650432407829332e-01 3.517296313154301135e-01 7.510241238051888930e-03 0.000000000000000000e+00
5.525000000000000000e+04 2.209854223407392571e-01 1.076467910787437393e-01 5.335685025034136997e-01 3.516158397815202785e-01 7.168866636322257339e-03 0.000000000000000000e+00
5.550000000000000000e+04 2.219853563784801587e-01 1.076467910787437393e-01 5.323167956304051263e-01 3.530951297223486329e-01 6.941283568502503235e-03 0.000000000000000000e+00
5.575000000000000000e+04 2.229852904162210603e-01 1.092398725534820259e-01 5.327719617660445772e-01 3.512744651797906070e-01 6.713700500682749130e-03 0.000000000000000000e+00
5.600000000000000000e+04 2.239852244539619619e-01 1.094674556213017791e-01 5.340236686390532617e-01 3.516158397815202785e-01 4.893035958124715423e-03 0.000000000000000000e+00
5.625000000000000000e+04 2.249851584917028635e-01 1.100364132908511622e-01 5.342512517068730427e-01 3.497951752389621971e-01 5.917159763313609329e-03 0.000000000000000000e+00
5.650000000000000000e+04 2.259850925294437651e-01 1.075329995448338627e-01 5.345926263086026031e-01 3.518434228493400040e-01 6.030951297223486815e-03 0.000000000000000000e+00
5.675000000000000000e+04 2.269850265671846667e-01 1.114019116977696816e-01 5.226445152480655443e-01 3.591260810195721631e-01 6.827492034592626616e-03 0.000000000000000000e+00
