# itime ezz other fcc hcp bcc ico
0.000000000000000000e+00 0.000000000000000000e+00 1.024123805188893906e-03 9.989758761948110966e-01 0.000000000000000000e+00 0.000000000000000000e+00 0.000000000000000000e+00
2.500000000000000000e+02 1.000037949653087566e-03 7.965407373691396923e-04 9.992034592626308775e-01 0.000000000000000000e+00 0.000000000000000000e+00 0.000000000000000000e+00
5.000000000000000000e+02 2.000075899305953087e-03 2.048247610377787811e-03 9.979517523896221931e-01 0.000000000000000000e+00 0.000000000000000000e+00 0.000000000000000000e+00
7.500000000000000000e+02 3.000113848959040652e-03 1.251706873008648227e-03 9.987482931269913156e-01 0.000000000000000000e+00 0.000000000000000000e+00 0.000000000000000000e+00
1.000000000000000000e+03 4.000151798611906173e-03 9.103322712790168532e-04 9.990896677287209870e-01 0.000000000000000000e+00 0.000000000000000000e+00 0.000000000000000000e+00
1.250000000000000000e+03 5.000189748264993739e-03 2.162039144287664864e-03 9.978379608557123026e-01 0.000000000000000000e+00 0.000000000000000000e+00 0.000000000000000000e+00
1.500000000000000000e+03 6.000227697917859260e-03 1.024123805188893906e-03 9.989758761948110966e-01 0.000000000000000000e+00 0.000000000000000000e+00 0.000000000000000000e+00
1.750000000000000000e+03 7.000265647570946825e-03 1.024123805188893906e-03 9.989758761948110966e-01 0.000000000000000000e+00 0.000000000000000000e+00 0.000000000000000000e+00
2.000000000000000000e+03 8.000303597223812346e-03 1.706873008648156654e-03 9.982931269913518646e-01 0.000000000000000000e+00 0.000000000000000000e+00 0.000000000000000000e+00
2.250000000000000000e+03 9.000341546876899912e-03 1.479289940828402332e-03 9.985207100591716456e-01 0.000000000000000000e+00 0.000000000000000000e+00 0.000000000000000000e+00
2.500000000000000000e+03 1.000037949652976543e-02 1.024123805188893906e-03 9.989758761948110966e-01 0.000000000000000000e+00 0.000000000000000000e+00 0.000000000000000000e+00
2.750000000000000000e+03 1.100041744618285300e-02 1.820664542558033706e-03 9.981793354574419741e-01 0.000000000000000000e+00 0.000000000000000000e+00 0.000000000000000000e+00
3.000000000000000000e+03 1.200045539583571852e-02 1.137915339098771066e-04 9.998862084660901095e-01 0.000000000000000000e+00 0.000000000000000000e+00 0.000000000000000000e+00
3.250000000000000000e+03 1.300049334548880609e-02 6.827492034592626399e-04 9.993172507965407680e-01 0.000000000000000000e+00 0.000000000000000000e+00 0.000000000000000000e+00
3.500000000000000000e+03 1.400053129514167161e-02 1.365498406918525280e-03 9.986345015930814251e-01 0.000000000000000000e+00 0.000000000000000000e+00 0.000000000000000000e+00
3.750000000000000000e+03 1.500056924479475917e-02 1.137915339098770958e-03 9.988620846609012061e-01 0.000000000000000000e+00 0.000000000000000000e+00 0.000000000000000000e+00
4.000000000000000000e+03 1.600060719444762469e-02 2.275830678197541916e-03 9.977241693218024121e-01 0.000000000000000000e+00 0.000000000000000000e+00 0.000000000000000000e+00
4.250000000000000000e+03 1.700064514410071226e-02 1.706873008648156654e-03 9.982931269913518646e-01 0.000000000000000000e+00 0.000000000000000000e+00 0.000000000000000000e+00
4.500000000000000000e+03 1.800068309375357778e-02 2.275830678197541916e-03 9.977241693218024121e-01 0.000000000000000000e+00 0.000000000000000000e+00 0.000000000000000000e+00
4.750000000000000000e+03 1.900072104340666534e-02 2.162039144287664864e-03 9.978379608557123026e-01 0.000000000000000000e+00 0.000000000000000000e+00 0.000000000000000000e+00
5.000000000000000000e+03 2.000075899305953087e-02 2.730996813837050560e-03 9.970414201183431802e-01 0.000000000000000000e+00 2.275830678197542133e-04 0.000000000000000000e+00
5.250000000000000000e+03 2.100079694271261843e-02 2.275830678197541916e-03 9.976103777878926326e-01 0.000000000000000000e+00 1.137915339098771066e-04 0.000000000000000000e+00
5.500000000000000000e+03 2.200083489236548395e-02 2.162039144287664864e-03 9.978379608557123026e-01 0.000000000000000000e+00 0.000000000000000000e+00 0.000000000000000000e+00
5.750000000000000000e+03 2.300087284201857152e-02 1.137915339098770958e-03 9.988620846609012061e-01 0.000000000000000000e+00 0.000000000000000000e+00 0.000000000000000000e+00
6.000000000000000000e+03 2.400091079167143704e-02 5.006827492034592909e-03 9.949931725079653733e-01 0.000000000000000000e+00 0.000000000000000000e+00 0.000000000000000000e+00
6.250000000000000000e+03 2.500094874132452460e-02 2.958579881656804664e-03 9.969276285844332897e-01 0.000000000000000000e+00 1.137915339098771066e-04 0.000000000000000000e+00
6.500000000000000000e+03 2.600098669097739013e-02 3.186162949476558769e-03 9.967000455166135087e-01 0.000000000000000000e+00 1.137915339098771066e-04 0.000000000000000000e+00
6.750000000000000000e+03 2.700102464063047769e-02 2.162039144287664864e-03 9.978379608557123026e-01 0.000000000000000000e+00 0.000000000000000000e+00 0.000000000000000000e+00
7.000000000000000000e+03 2.800106259028334321e-02 3.527537551206190360e-03 9.964724624487938387e-01 0.000000000000000000e+00 0.000000000000000000e+00 0.000000000000000000e+00
7.250000000000000000e+03 2.900110053993643078e-02 5.689576695493855224e-03 9.943104233045061413e-01 0.000000000000000000e+00 0.000000000000000000e+00 0.000000000000000000e+00
7.500000000000000000e+03 3.000113848958951834e-02 5.120619025944469528e-03 9.945380063723259223e-01 0.000000000000000000e+00 3.413746017296313199e-04 0.000000000000000000e+00
7.750000000000000000e+03 3.100117643924238386e-02 6.372325898953117539e-03 9.935138825671370189e-01 0.000000000000000000e+00 1.137915339098771066e-04 0.000000000000000000e+00
8.000000000000000000e+03 3.200121438889547143e-02 3.413746017296313308e-03 9.963586709148839482e-01 0.000000000000000000e+00 2.275830678197542133e-04 0.000000000000000000e+00
8.250000000000000000e+03 3.300125233854833695e-02 7.282658170232134826e-03 9.926035502958580059e-01 0.000000000000000000e+00 1.137915339098771066e-04 0.000000000000000000e+00
8.500000000000000000e+03 3.400129028820142452e-02 7.168866636322257339e-03 9.928311333636777869e-01 0.000000000000000000e+00 0.000000000000000000e+00 0.000000000000000000e+00
8.750000000000000000e+03 3.500132823785429004e-02 8.875739644970414427e-03 9.910104688211197610e-01 0.000000000000000000e+00 1.137915339098771066e-04 0.000000000000000000e+00
9.000000000000000000e+03 3.600136618750737760e-02 3.072371415566681717e-03 9.969276285844332897e-01 0.000000000000000000e+00 0.000000000000000000e+00 0.000000000000000000e+00
9.250000000000000000e+03 3.700140413716024312e-02 1.046882111970869403e-02 9.893035958124715146e-01 0.000000000000000000e+00 2.275830678197542133e-04 0.000000000000000000e+00
9.500000000000000000e+03 3.800144208681333069e-02 6.941283568502503235e-03 9.929449248975875664e-01 0.000000000000000000e+00 1.137915339098771066e-04 0.000000000000000000e+00
9.750000000000000000e+03 3.900148003646619621e-02 9.444697314519799256e-03 9.902139280837505275e-01 0.000000000000000000e+00 3.413746017296313199e-04 0.000000000000000000e+00
1.000000000000000000e+04 4.000151798611928378e-02 7.510241238051888930e-03 9.922621756941283344e-01 0.000000000000000000e+00 2.275830678197542133e-04 0.000000000000000000e+00
1.025000000000000000e+04 4.100155593577214930e-02 1.115157032316795548e-02 9.886208466090122826e-01 0.000000000000000000e+00 2.275830678197542133e-04 0.000000000000000000e+00
1.050000000000000000e+04 4.200159388542523686e-02 9.786071916249430847e-03 9.895311788802912956e-01 0.000000000000000000e+00 6.827492034592626399e-04 0.000000000000000000e+00
1.075000000000000000e+04 4.300163183507810238e-02 1.331360946745562164e-02 9.863450159308146947e-01 0.000000000000000000e+00 3.413746017296313199e-04 0.000000000000000000e+00
1.100000000000000000e+04 4.400166978473118995e-02 1.228948566226672687e-02 9.869139736003641472e-01 0.000000000000000000e+00 7.965407373691396923e-04 0.000000000000000000e+00
1.125000000000000000e+04 4.500170773438405547e-02 1.285844333181611343e-02 9.865725989986344757e-01 0.000000000000000000e+00 5.689576695493854790e-04 0.000000000000000000e+00
1.150000000000000000e+04 4.600174568403714304e-02 1.263086026399635846e-02 9.862312243969049153e-01 0.000000000000000000e+00 1.137915339098770958e-03 0.000000000000000000e+00
1.175000000000000000e+04 4.700178363369000856e-02 1.046882111970869403e-02 9.890760127446518446e-01 0.000000000000000000e+00 4.551661356395084266e-04 0.000000000000000000e+00
1.200000000000000000e+04 4.800182158334309612e-02 1.274465179790623508e-02 9.858898497951752438e-01 0.000000000000000000e+00 1.365498406918525280e-03 0.000000000000000000e+00
1.225000000000000000e+04 4.900185953299596164e-02 1.115157032316795548e-02 9.885070550751023921e-01 0.000000000000000000e+00 3.413746017296313199e-04 0.000000000000000000e+00
1.250000000000000000e+04 5.000189748264904921e-02 1.411015020482476144e-02 9.852071005917160118e-01 0.000000000000000000e+00 6.827492034592626399e-04 0.000000000000000000e+00
1.275000000000000000e+04 5.100193543230191473e-02 1.672735548475193582e-02 9.824761037778789730e-01 0.000000000000000000e+00 7.965407373691396923e-04 0.000000000000000000e+00
1.300000000000000000e+04 5.200197338195500230e-02 1.593081474738279601e-02 9.837278106508875464e-01 0.000000000000000000e+00 3.413746017296313199e-04 0.000000000000000000e+00
1.325000000000000000e+04 5.300201133160786782e-02 1.945835229858898507e-02 9.800864815657714946e-01 0.000000000000000000e+00 4.551661356395084266e-04 0.000000000000000000e+00
1.350000000000000000e+04 5.400204928126095538e-02 1.923076923076923184e-02 9.800864815657714946e-01 0.000000000000000000e+00 6.827492034592626399e-04 0.000000000000000000e+00
1.375000000000000000e+04 5.500208723091382090e-02 2.298588984979517413e-02 9.764451524806554428e-01 0.000000000000000000e+00 5.689576695493854790e-04 0.000000000000000000e+00
1.400000000000000000e+04 5.600212518056690847e-02 2.048247610377787811e-02 9.781520254893035782e-01 0.000000000000000000e+00 1.365498406918525280e-03 0.000000000000000000e+00
1.425000000000000000e+04 5.700216313021977399e-02 2.378243058716431393e-02 9.741693218024578549e-01 0.000000000000000000e+00 2.048247610377787811e-03 0.000000000000000000e+00
1.450000000000000000e+04 5.800220107987286156e-02 2.253072371415566766e-02 9.761037778789257713e-01 0.000000000000000000e+00 1.365498406918525280e-03 0.000000000000000000e+00
1.475000000000000000e+04 5.900223902952572708e-02 2.457897132453345374e-02 9.745106964041875264e-01 0.000000000000000000e+00 9.103322712790168532e-04 0.000000000000000000e+00
1.500000000000000000e+04 6.000227697917881464e-02 2.799271734182976618e-02 9.699590350477924616e-01 0.000000000000000000e+00 2.048247610377787811e-03 0.000000000000000000e+00
1.525000000000000000e+04 6.100231492883190221e-02 3.026854802002730896e-02 9.677969959035047642e-01 0.000000000000000000e+00 1.934456076467910759e-03 0.000000000000000000e+00
1.550000000000000000e+04 6.200235287848476773e-02 3.265817023213472836e-02 9.662039144287665193e-01 0.000000000000000000e+00 1.137915339098770958e-03 0.000000000000000000e+00
1.575000000000000000e+04 6.300239082813785529e-02 3.459262630860263782e-02 9.631315430131998090e-01 0.000000000000000000e+00 2.275830678197541916e-03 0.000000000000000000e+00
1.600000000000000000e+04 6.400242877779072082e-02 3.584433318161128756e-02 9.626763768775603580e-01 0.000000000000000000e+00 1.479289940828402332e-03 0.000000000000000000e+00
1.625000000000000000e+04 6.500246672744380838e-02 3.686845698680018407e-02 9.611970869367318926e-01 0.000000000000000000e+00 1.934456076467910759e-03 0.000000000000000000e+00
1.650000000000000000e+04 6.600250467709667390e-02 4.472007282658170546e-02 9.520937642239417631e-01 0.000000000000000000e+00 3.186162949476558769e-03 0.000000000000000000e+00
1.675000000000000000e+04 6.700254262674976147e-02 4.528903049613108855e-02 9.523213472917615441e-01 0.000000000000000000e+00 2.389622212107419402e-03 0.000000000000000000e+00
1.700000000000000000e+04 6.800258057640262699e-02 4.324078288575330248e-02 9.552799271734182529e-01 0.000000000000000000e+00 1.479289940828402332e-03 0.000000000000000000e+00
1.725000000000000000e+04 6.900261852605571455e-02 5.314064633591260994e-02 9.428766499772417431e-01 0.000000000000000000e+00 3.982703686845699004e-03 0.000000000000000000e+00
1.750000000000000000e+04 7.000265647570858007e-02 5.917159763313609155e-02 9.361629494765589810e-01 0.000000000000000000e+00 4.665452890304961318e-03 0.000000000000000000e+00
1.775000000000000000e+04 7.100269442536166764e-02 6.520254893035958010e-02 9.319526627218934767e-01 0.000000000000000000e+00 2.844788347746927612e-03 0.000000000000000000e+00
1.800000000000000000e+04 7.200273237501453316e-02 7.487482931269913433e-02 9.219390077378243342e-01 0.000000000000000000e+00 3.186162949476558769e-03 0.000000000000000000e+00
1.825000000000000000e+04 7.300277032466762073e-02 6.759217114246700298e-02 9.258079198907601670e-01 0.000000000000000000e+00 6.599908966772872511e-03 0.000000000000000000e+00
1.850000000000000000e+04 7.400280827432048625e-02 7.430587164314975124e-02 9.208010923987255403e-01 0.000000000000000000e+00 4.893035958124715423e-03 0.000000000000000000e+00
1.875000000000000000e+04 7.500284622397357381e-02 7.567137005006827066e-02 9.185252617205279524e-01 0.000000000000000000e+00 5.803368229403732710e-03 0.000000000000000000e+00
1.900000000000000000e+04 7.600288417362643933e-02 7.532999544833864081e-02 9.192080109239872954e-01 0.000000000000000000e+00 5.461993627674101119e-03 0.000000000000000000e+00
1.925000000000000000e+04 7.700292212327952690e-02 8.227127901684114231e-02 9.124943104233045332e-01 0.000000000000000000e+00 5.234410559854347014e-03 0.000000000000000000e+00
1.950000000000000000e+04 7.800296007293239242e-02 9.501593081474737912e-02 8.983841602184797770e-01 0.000000000000000000e+00 6.599908966772872511e-03 0.000000000000000000e+00
1.975000000000000000e+04 7.900299802258547999e-02 9.786071916249430847e-02 8.916704597177970149e-01 0.000000000000000000e+00 1.046882111970869403e-02 0.000000000000000000e+00
2.000000000000000000e+04 8.000303597223834551e-02 1.192535275375512099e-01 8.694811106053709215e-01 1.137915339098771066e-04 1.115157032316795548e-02 0.000000000000000000e+00
2.025000000000000000e+04 8.100307392189143307e-02 1.110605370960400518e-01 8.783568502503413811e-01 0.000000000000000000e+00 1.058261265361857065e-02 0.000000000000000000e+00
2.050000000000000000e+04 8.200311187154429859e-02 1.145880746472462408e-01 8.708466090122894965e-01 0.000000000000000000e+00 1.456531634046426965e-02 0.000000000000000000e+00
2.075000000000000000e+04 8.300314982119738616e-02 1.531634046426945950e-01 8.223714155666818071e-01 0.000000000000000000e+00 2.446517979062357712e-02 0.000000000000000000e+00
2.100000000000000000e+04 8.400318777085025168e-02 1.680700955848884737e-01 8.018889394629039602e-01 0.000000000000000000e+00 3.004096495220755572e-02 0.000000000000000000e+00
2.125000000000000000e+04 8.500322572050333925e-02 1.788802913063268218e-01 7.760582612653618151e-01 1.137915339098771066e-04 4.494765589440145870e-02 0.000000000000000000e+00
2.150000000000000000e+04 8.600326367015620477e-02 2.049385525716886647e-01 7.361174328629950248e-01 3.413746017296313199e-04 5.860263996358670846e-02 0.000000000000000000e+00
2.175000000000000000e+04 8.700330161980929233e-02 2.098315885298133732e-01 7.020937642239417631e-01 1.593081474738279385e-03 8.648156577150660496e-02 0.000000000000000000e+00
2.200000000000000000e+04 8.800333956946215785e-02 2.382794720072826666e-01 6.643149749658625591e-01 2.617205279927173507e-03 9.478834774692762588e-02 0.000000000000000000e+00
2.225000000000000000e+04 8.900337751911524542e-02 2.586481565771506785e-01 6.156121984524350887e-01 8.989531178880291046e-03 1.167501137915339104e-01 0.000000000000000000e+00
2.250000000000000000e+04 9.000341546876833299e-02 2.616067364588074429e-01 5.343650432407829332e-01 3.152025489303595523e-02 1.725079654073737034e-01 0.000000000000000000e+00
2.275000000000000000e+04 9.100345341842119851e-02 2.886891215293582169e-01 4.741693218024579104e-01 6.019572143832498806e-02 1.769458352298589054e-01 0.000000000000000000e+00
2.300000000000000000e+04 9.200349136807428607e-02 2.773099681383704995e-01 4.796313154301319881e-01 1.154984069185252676e-01 1.275603095129722309e-01 0.000000000000000000e+00
2.325000000000000000e+04 9.300352931772715159e-02 2.215521165225307343e-01 5.359581247155211781e-01 1.840009103322712836e-01 5.848884842967683184e-02 0.000000000000000000e+00
2.350000000000000000e+04 9.400356726738023916e-02 1.985662266727355463e-01 5.218479745106964218e-01 2.104005461993627701e-01 6.918525261720527564e-02 0.000000000000000000e+00
2.375000000000000000e+04 9.500360521703310468e-02 1.805871643149749572e-01 5.449476558944014171e-01 2.297451069640418786e-01 4.472007282658170546e-02 0.000000000000000000e+00
2.400000000000000000e+04 9.600364316668619225e-02 1.791078743741465751e-01 5.259444697314519246e-01 2.526172052799271484e-01 4.233045061447428259e-02 0.000000000000000000e+00
2.425000000000000000e+04 9.700368111633905777e-02 1.635184342284934089e-01 5.233272644515247762e-01 2.677514792899408080e-01 4.540282203004096517e-02 0.000000000000000000e+00
2.450000000000000000e+04 9.800371906599214533e-02 1.705735093309057870e-01 5.079654073736914466e-01 2.716203914428766408e-01 4.984069185252617412e-02 0.000000000000000000e+00
2.475000000000000000e+04 9.900375701564501085e-02 1.784251251706872876e-01 4.996586253982703840e-01 2.729858898497951603e-01 4.893035958124715423e-02 0.000000000000000000e+00
2.500000000000000000e+04 1.000037949652980984e-01 1.837733272644515303e-01 4.922621756941283344e-01 2.686618115612198210e-01 5.530268548020027264e-02 0.000000000000000000e+00
2.525000000000000000e+04 1.010038329149509639e-01 1.834319526627218866e-01 4.970414201183431802e-01 2.700273099681383959e-01 4.949931725079653733e-02 0.000000000000000000e+00
2.550000000000000000e+04 1.020038708646040515e-01 1.929904415111515781e-01 4.908966772872098150e-01 2.674101046882111921e-01 4.870277651342740100e-02 0.000000000000000000e+00
2.575000000000000000e+04 1.030039088142569170e-01 1.884387801547564856e-01 4.864588074647246407e-01 2.716203914428766408e-01 5.348202093764223980e-02 0.000000000000000000e+00
2.600000000000000000e+04 1.040039467639100046e-01 2.007282658170232159e-01 4.886208466090122826e-01 2.625170687300864558e-01 4.813381884387801790e-02 0.000000000000000000e+00
2.625000000000000000e+04 1.050039847135628701e-01 1.842284934000910368e-01 5.143377332726445372e-01 2.454483386436049075e-01 5.598543468365953235e-02 0.000000000000000000e+00
2.650000000000000000e+04 1.060040226632159577e-01 1.887801547564861293e-01 5.121756941283568398e-01 2.555757851615839682e-01 4.346836595357305572e-02 0.000000000000000000e+00
2.675000000000000000e+04 1.070040606128688232e-01 1.710286754665452935e-01 4.887346381429221731e-01 3.046199362767409990e-01 3.561675011379153433e-02 0.000000000000000000e+00
2.700000000000000000e+04 1.080040985625219108e-01 1.726217569412835662e-01 4.662039144287665193e-01 3.279472007282658308e-01 3.322712790168411146e-02 0.000000000000000000e+00
2.725000000000000000e+04 1.090041365121747763e-01 1.601046882111970826e-01 4.815657715065999045e-01 3.191852526172052618e-01 3.914428766499772339e-02 0.000000000000000000e+00
2.750000000000000000e+04 1.100041744618278639e-01 1.397360036413290985e-01 4.754210286754665393e-01 3.513882567137004975e-01 3.345471096950387163e-02 0.000000000000000000e+00
2.775000000000000000e+04 1.110042124114807294e-01 1.420118343195266308e-01 4.549385525716886924e-01 3.689121529358215801e-01 3.413746017296313134e-02 0.000000000000000000e+00
2.800000000000000000e+04 1.120042503611338169e-01 1.392808375056895642e-01 4.448111060537096040e-01 3.741465634956759323e-01 4.176149294492489950e-02 0.000000000000000000e+00
2.825000000000000000e+04 1.130042883107866825e-01 1.272189349112426149e-01 4.520937642239417631e-01 3.867774237596722786e-01 3.390987710514337811e-02 0.000000000000000000e+00
2.850000000000000000e+04 1.140043262604397700e-01 1.249431042330450548e-01 4.528903049613108855e-01 3.947428311333636697e-01 2.742375967228038308e-02 0.000000000000000000e+00
2.875000000000000000e+04 1.150043642100926355e-01 1.205052344105598527e-01 4.516385980883022566e-01 3.994082840236686249e-01 2.844788347746927612e-02 0.000000000000000000e+00
2.900000000000000000e+04 1.160044021597457231e-01 1.181156121984524299e-01 4.511834319526626946e-01 3.997496586253982964e-01 3.095129722348657214e-02 0.000000000000000000e+00
2.925000000000000000e+04 1.170044401093985886e-01 1.162949476558944040e-01 4.489076012744651623e-01 4.002048247610378029e-01 3.459262630860263782e-02 0.000000000000000000e+00
2.950000000000000000e+04 1.180044780590516762e-01 1.178880291306326766e-01 4.506144742831133532e-01 4.048702776513427581e-01 2.662721893491124328e-02 0.000000000000000000e+00
2.975000000000000000e+04 1.190045160087047638e-01 1.173190714610832935e-01 4.516385980883022566e-01 4.047564861174328676e-01 2.628584433318160996e-02 0.000000000000000000e+00
3.000000000000000000e+04 1.200045539583576293e-01 1.160673645880746507e-01 4.490213928083750528e-01 4.072598998634501810e-01 2.765134274010013632e-02 0.000000000000000000e+00
3.025000000000000000e+04 1.210045919080107168e-01 1.108329540282202985e-01 4.498179335457441752e-01 4.091943559399180974e-01 3.015475648611743234e-02 0.000000000000000000e+00
3.050000000000000000e+04 1.220046298576635824e-01 1.112881201638598050e-01 4.503868912152935722e-01 4.145425580336822846e-01 2.378243058716431393e-02 0.000000000000000000e+00
3.075000000000000000e+04 1.230046678073166699e-01 1.098088302230314089e-01 4.500455166135639562e-01 4.151115157032316816e-01 2.503413746017296368e-02 0.000000000000000000e+00
3.100000000000000000e+04 1.240047057569695355e-01 1.095812471552116557e-01 4.501593081474738467e-01 4.131770596267637652e-01 2.708238507055074976e-02 0.000000000000000000e+00
3.125000000000000000e+04 1.250047437066226230e-01 1.142467000455166110e-01 4.474283113336367523e-01 4.138598088302230527e-01 2.446517979062357712e-02 0.000000000000000000e+00
3.150000000000000000e+04 1.260047816562754885e-01 1.068502503413746030e-01 4.515248065543923661e-01 4.136322257624032717e-01 2.799271734182976618e-02 0.000000000000000000e+00
3.175000000000000000e+04 1.270048196059285761e-01 1.182294037323623065e-01 4.431042330450614686e-01 4.147701411015020656e-01 2.389622212107419055e-02 0.000000000000000000e+00
3.200000000000000000e+04 1.280048575555814416e-01 1.213017751479289891e-01 4.417387346381429492e-01 4.120391442876649712e-01 2.492034592626308706e-02 0.000000000000000000e+00
3.225000000000000000e+04 1.290048955052345292e-01 1.168639053254437871e-01 4.426490669094219621e-01 4.135184342284933812e-01 2.696859353664087314e-02 0.000000000000000000e+00
3.250000000000000000e+04 1.300049334548873947e-01 1.187983614019117035e-01 4.421939007737824556e-01 4.081702321347291940e-01 3.083750568957669552e-02 0.000000000000000000e+00
3.275000000000000000e+04 1.310049714045404823e-01 1.214155666818388657e-01 4.395766954938552518e-01 4.137460172963131622e-01 2.526172052799271692e-02 0.000000000000000000e+00
3.300000000000000000e+04 1.320050093541933478e-01 1.211879836140191125e-01 4.402594446973145392e-01 4.113563950842057393e-01 2.719617660446062984e-02 0.000000000000000000e+00
3.325000000000000000e+04 1.330050473038464354e-01 1.275603095129722309e-01 4.378698224852071164e-01 4.074874829312699065e-01 2.708238507055074976e-02 0.000000000000000000e+00
3.350000000000000000e+04 1.340050852534993009e-01 1.194811106053709632e-01 4.401456531634046487e-01 4.128356850250341492e-01 2.753755120619025970e-02 0.000000000000000000e+00
3.375000000000000000e+04 1.350051232031523885e-01 1.242603550295857950e-01 4.421939007737824556e-01 4.091943559399180974e-01 2.435138825671370050e-02 0.000000000000000000e+00
3.400000000000000000e+04 1.360051611528052540e-01 1.324533454710969393e-01 4.312699135184342447e-01 4.076012744651797970e-01 2.867546654528902936e-02 0.000000000000000000e+00
3.425000000000000000e+04 1.370051991024583415e-01 1.321119708693673234e-01 4.329767865270823801e-01 4.047564861174328676e-01 3.015475648611743234e-02 0.000000000000000000e+00
3.450000000000000000e+04 1.380052370521112071e-01 1.261948111060537114e-01 4.320664542558033672e-01 4.089667728720983164e-01 3.277196176604460498e-02 0.000000000000000000e+00
3.475000000000000000e+04 1.390052750017642946e-01 1.321119708693673234e-01 4.314974965862539702e-01 4.047564861174328676e-01 3.163404642694583185e-02 0.000000000000000000e+00
3.500000000000000000e+04 1.400053129514171601e-01 1.243741465634956717e-01 4.335457441966317771e-01 4.079426490669094130e-01 3.413746017296313134e-02 0.000000000000000000e+00
3.525000000000000000e+04 1.410053509010702477e-01 1.322257624032771861e-01 4.271734182976786309e-01 4.072598998634501810e-01 3.334091943559399501e-02 0.000000000000000000e+00
3.550000000000000000e+04 1.420053888507231132e-01 1.329085116067364458e-01 4.275147928994083024e-01 4.068047337278106745e-01 3.277196176604460498e-02 0.000000000000000000e+00
3.575000000000000000e+04 1.430054268003762008e-01 1.433773327264451503e-01 4.222803823395539502e-01 3.994082840236686249e-01 3.493400091033227461e-02 0.000000000000000000e+00
3.600000000000000000e+04 1.440054647500290663e-01 1.335912608101957333e-01 4.309285389167045732e-01 4.039599453800637452e-01 3.152025489303595523e-02 0.000000000000000000e+00
3.625000000000000000e+04 1.450055026996821539e-01 1.446290395994538069e-01 4.269458352298589054e-01 3.995220755575785154e-01 2.890304961310878606e-02 0.000000000000000000e+00
3.650000000000000000e+04 1.460055406493350194e-01 1.428083750568957533e-01 4.188666363222576239e-01 4.057806099226217711e-01 3.254437869822485174e-02 0.000000000000000000e+00
3.675000000000000000e+04 1.470055785989881070e-01 1.530496131087847045e-01 4.153390987710514071e-01 4.010013654984069253e-01 3.060992262175694228e-02 0.000000000000000000e+00
3.700000000000000000e+04 1.480056165486409725e-01 1.343878015475648557e-01 4.272872098315885214e-01 4.043013199817933612e-01 3.402366863905325473e-02 0.000000000000000000e+00
3.725000000000000000e+04 1.490056544982940601e-01 1.553254437869822369e-01 4.107874374146563423e-01 3.969048702776513671e-01 3.698224852071006069e-02 0.000000000000000000e+00
3.750000000000000000e+04 1.500056924479471476e-01 1.581702321347291662e-01 4.106736458807464518e-01 3.975876194811105990e-01 3.356850250341374825e-02 0.000000000000000000e+00
3.775000000000000000e+04 1.510057303976000131e-01 1.597633136094674666e-01 4.115839781520254648e-01 3.958807464724624636e-01 3.277196176604460498e-02 0.000000000000000000e+00
3.800000000000000000e+04 1.520057683472531007e-01 1.637460172963131622e-01 4.065771506599908935e-01 3.928083750568957533e-01 3.686845698680018407e-02 0.000000000000000000e+00
3.825000000000000000e+04 1.530058062969059662e-01 1.528220300409649512e-01 4.088529813381884259e-01 3.977014110150204895e-01 4.062357760582612637e-02 0.000000000000000000e+00
3.850000000000000000e+04 1.540058442465590538e-01 1.627218934911242587e-01 3.995220755575785154e-01 3.971324533454710926e-01 4.062357760582612637e-02 0.000000000000000000e+00
3.875000000000000000e+04 1.550058821962119193e-01 1.729631315430132099e-01 3.801775147928994070e-01 4.036185707783340737e-01 4.324078288575330248e-02 0.000000000000000000e+00
3.900000000000000000e+04 1.560059201458650069e-01 1.703459262630860338e-01 3.675466545289030607e-01 4.103322712790168358e-01 5.177514792899408358e-02 0.000000000000000000e+00
3.925000000000000000e+04 1.570059580955178724e-01 1.686390532544378706e-01 3.756258534365043422e-01 4.085116067364588099e-01 4.722348657259899801e-02 0.000000000000000000e+00
3.950000000000000000e+04 1.580059960451709600e-01 1.664770141101502010e-01 3.723258989531179064e-01 4.102184797451069453e-01 5.097860719162494031e-02 0.000000000000000000e+00
3.975000000000000000e+04 1.590060339948238255e-01 1.733045061447428259e-01 3.653846153846153633e-01 4.140873918980427781e-01 4.722348657259899801e-02 0.000000000000000000e+00
4.000000000000000000e+04 1.600060719444769131e-01 1.800182066454255880e-01 3.578743741465634787e-01 4.151115157032316816e-01 4.699590350477924477e-02 0.000000000000000000e+00
4.025000000000000000e+04 1.610061098941297786e-01 1.742148384160218388e-01 3.592398725534819981e-01 4.167045971779699820e-01 4.984069185252617412e-02 0.000000000000000000e+00
4.050000000000000000e+04 1.620061478437828661e-01 1.814974965862539702e-01 3.596950386891215046e-01 4.129494765589440397e-01 4.585798816568047165e-02 0.000000000000000000e+00
4.075000000000000000e+04 1.630061857934357317e-01 1.701183431952662806e-01 3.641329085116067343e-01 4.138598088302230527e-01 5.188893946290396020e-02 0.000000000000000000e+00
4.100000000000000000e+04 1.640062237430888192e-01 1.792216659080564378e-01 3.626536185707783244e-01 4.091943559399180974e-01 4.893035958124715423e-02 0.000000000000000000e+00
4.125000000000000000e+04 1.650062616927416848e-01 1.850250341374601593e-01 3.518434228493400040e-01 4.085116067364588099e-01 5.461993627674101293e-02 0.000000000000000000e+00
4.150000000000000000e+04 1.660062996423947723e-01 1.973145197997268896e-01 3.471779699590350488e-01 4.031634046426945672e-01 5.234410559854346667e-02 0.000000000000000000e+00
4.175000000000000000e+04 1.670063375920476378e-01 2.014110150204824756e-01 3.417159763313609711e-01 4.027082385070550608e-01 5.416477014110149951e-02 0.000000000000000000e+00
4.200000000000000000e+04 1.680063755417007254e-01 1.888939462903959920e-01 3.579881656804733692e-01 4.062357760582612776e-01 4.688211197086936816e-02 0.000000000000000000e+00
4.225000000000000000e+04 1.690064134913535909e-01 1.926490669094219343e-01 3.460400546199362548e-01 4.099908966772872199e-01 5.131998179335457710e-02 0.000000000000000000e+00
4.250000000000000000e+04 1.700064514410066785e-01 2.053937187073281712e-01 3.445607646791079004e-01 4.027082385070550608e-01 4.733727810650887463e-02 0.000000000000000000e+00
4.275000000000000000e+04 1.710064893906595440e-01 1.985662266727355463e-01 3.362539827036868378e-01 4.123805188893946427e-01 5.279927173418298009e-02 0.000000000000000000e+00
4.300000000000000000e+04 1.720065273403126316e-01 2.028903049613108855e-01 3.482020937642239522e-01 4.043013199817933612e-01 4.460628129267182190e-02 0.000000000000000000e+00
4.325000000000000000e+04 1.730065652899654971e-01 2.152935821574874786e-01 3.459262630860264198e-01 3.947428311333636697e-01 4.403732362312243881e-02 0.000000000000000000e+00
4.350000000000000000e+04 1.740066032396185847e-01 2.091488393263541135e-01 3.392125625853436577e-01 3.986117432862995025e-01 5.302685480200273332e-02 0.000000000000000000e+00
4.375000000000000000e+04 1.750066411892714502e-01 2.233727810650887602e-01 3.131543013199817871e-01 4.012289485662266508e-01 6.224396904870277414e-02 0.000000000000000000e+00
4.400000000000000000e+04 1.760066791389245378e-01 2.114246700045516736e-01 3.282885753299954468e-01 3.982703686845698865e-01 6.201638598088302090e-02 0.000000000000000000e+00
4.425000000000000000e+04 1.770067170885774033e-01 2.272416932180245652e-01 3.174783796085571264e-01 3.990669094219390090e-01 5.621301775147929253e-02 0.000000000000000000e+00
4.450000000000000000e+04 1.780067550382304908e-01 2.339553937187073274e-01 3.053026854802002865e-01 4.043013199817933612e-01 5.644060081929904577e-02 0.000000000000000000e+00
4.475000000000000000e+04 1.790067929878835784e-01 2.375967228038234069e-01 3.013199817933545632e-01 3.979289940828402150e-01 6.315430131998178709e-02 0.000000000000000000e+00
4.500000000000000000e+04 1.800068309375364439e-01 2.327036868456986707e-01 2.988165680473373054e-01 3.999772416932180219e-01 6.850250341374601593e-02 0.000000000000000000e+00
4.525000000000000000e+04 1.810068688871895315e-01 2.269003186162949492e-01 2.971096950386891145e-01 3.978152025489303800e-01 7.817478379608557015e-02 0.000000000000000000e+00
4.550000000000000000e+04 1.820069068368423970e-01 2.354346836595357373e-01 2.865270823850705750e-01 4.032771961766044577e-01 7.476103777878925771e-02 0.000000000000000000e+00
4.575000000000000000e+04 1.830069447864954846e-01 2.412380518889394587e-01 2.719617660446062568e-01 4.110150204824761233e-01 7.578516158397814728e-02 0.000000000000000000e+00
4.600000000000000000e+04 1.840069827361483501e-01 2.439690487027765253e-01 2.532999544833864358e-01 4.190942193900774049e-01 8.363677742375967561e-02 0.000000000000000000e+00
4.625000000000000000e+04 1.850070206858014377e-01 2.464724624487938109e-01 2.398725534820209393e-01 4.187528447883477334e-01 9.490213928083750250e-02 0.000000000000000000e+00
4.650000000000000000e+04 1.860070586354543032e-01 2.412380518889394587e-01 2.476103777878925771e-01 4.333181611288119961e-01 7.783340919435594030e-02 0.000000000000000000e+00
4.675000000000000000e+04 1.870070965851073908e-01 2.358898497951752438e-01 2.501137915339098905e-01 4.342284934000910090e-01 7.976786527082385669e-02 0.000000000000000000e+00
4.700000000000000000e+04 1.880071345347602563e-01 2.449931725079654010e-01 2.517068730086481354e-01 4.368456986800182129e-01 6.645425580336822291e-02 0.000000000000000000e+00
4.725000000000000000e+04 1.890071724844133438e-01 2.501137915339098905e-01 2.408966772872098427e-01 4.386663632225762388e-01 7.032316795630405570e-02 0.000000000000000000e+00
4.750000000000000000e+04 1.900072104340662094e-01 2.418070095584888557e-01 2.143832498862084657e-01 4.633591260810195900e-01 8.045061447428311641e-02 0.000000000000000000e+00
4.775000000000000000e+04 1.910072483837192969e-01 2.279244424214838527e-01 2.042558033682294050e-01 4.932862994993172379e-01 7.453345471096950448e-02 0.000000000000000000e+00
4.800000000000000000e+04 1.920072863333721624e-01 2.266727355484751960e-01 2.047109695038689114e-01 4.949931725079654288e-01 7.362312243969049153e-02 0.000000000000000000e+00
4.825000000000000000e+04 1.930073242830252500e-01 2.265589440145653055e-01 2.035730541647701453e-01 5.039827036868457233e-01 6.588529813381883982e-02 0.000000000000000000e+00
4.850000000000000000e+04 1.940073622326781155e-01 2.481793354574419741e-01 1.849112426035502965e-01 4.996586253982703840e-01 6.725079654073737312e-02 0.000000000000000000e+00
4.875000000000000000e+04 1.950074001823312031e-01 2.556895766954938587e-01 1.816112881201638607e-01 4.970414201183431802e-01 6.565771506599908658e-02 0.000000000000000000e+00
4.900000000000000000e+04 1.960074381319840686e-01 2.496586253982703563e-01 1.903732362312244020e-01 5.002275830678197810e-01 5.974055530268548159e-02 0.000000000000000000e+00
4.925000000000000000e+04 1.970074760816371562e-01 2.460172963131543045e-01 1.924214838416021811e-01 4.972690031861629611e-01 6.429221665908056715e-02 0.000000000000000000e+00
4.950000000000000000e+04 1.980075140312900217e-01 2.495448338643604935e-01 1.899180700955848955e-01 4.961310878470641672e-01 6.440600819299044377e-02 0.000000000000000000e+00
4.975000000000000000e+04 1.990075519809431093e-01 2.544378698224852298e-01 1.867319071461083224e-01 4.985207100591715901e-01 6.019572143832498806e-02 1.137915339098771066e-04
5.000000000000000000e+04 2.000075899305959748e-01 2.611515703231679364e-01 1.868456986800182129e-01 4.877105143377332697e-01 6.429221665908056715e-02 0.000000000000000000e+00
5.025000000000000000e+04 2.010076278802490624e-01 2.692307692307692180e-01 1.876422394173873354e-01 4.825898953117888079e-01 6.053709604005461792e-02 0.000000000000000000e+00
5.050000000000000000e+04 2.020076658299019279e-01 2.730996813837050508e-01 1.862767410104688159e-01 4.747382794720073074e-01 6.588529813381883982e-02 0.000000000000000000e+00
5.075000000000000000e+04 2.030077037795550154e-01 2.709376422394174089e-01 1.809285389167046010e-01 4.799726900318616041e-01 6.816112881201638607e-02 0.000000000000000000e+00
5.100000000000000000e+04 2.040077417292078810e-01 2.763996358670914866e-01 1.705735093309057870e-01 4.789485662266727561e-01 7.407828857532999800e-02 0.000000000000000000e+00
5.125000000000000000e+04 2.050077796788609685e-01 2.745789713245334607e-01 1.733045061447428259e-01 4.740555302685480199e-01 7.806099226217569353e-02 0.000000000000000000e+00
5.150000000000000000e+04 2.060078176285138341e-01 2.779927173418297870e-01 1.698907601274465273e-01 4.765589440145653333e-01 7.555757851615839404e-02 0.000000000000000000e+00
5.175000000000000000e+04 2.070078555781669216e-01 2.814064633591260578e-01 1.643149749658625314e-01 4.845243513882567243e-01 6.975421028675465873e-02 0.000000000000000000e+00
5.200000000000000000e+04 2.080078935278197871e-01 2.977924442421484019e-01 1.531634046426945950e-01 4.780382339553937432e-01 7.100591715976331542e-02 0.000000000000000000e+00
5.225000000000000000e+04 2.090079314774728747e-01 2.980200273099681274e-01 1.481565771506599960e-01 4.795175238962220976e-01 7.430587164314975124e-02 0.000000000000000000e+00
5.250000000000000000e+04 2.100079694271259623e-01 3.041647701411014926e-01 1.458807464724624359e-01 4.737141556668184039e-01 7.624032771961765376e-02 0.000000000000000000e+00
5.275000000000000000e+04 2.110080073767788278e-01 3.049613108784706150e-01 1.431497496586253970e-01 4.655211652253072319e-01 8.636777423759672834e-02 0.000000000000000000e+00
5.300000000000000000e+04 2.120080453264319154e-01 3.007510241238051663e-01 1.257396449704142050e-01 4.842967683204369433e-01 8.921256258534364381e-02 0.000000000000000000e+00
5.325000000000000000e+04 2.130080832760847809e-01 2.943786982248520756e-01 1.051433773327264398e-01 5.162721893491124536e-01 8.420573509330905870e-02 0.000000000000000000e+00
5.350000000000000000e+04 2.140081212257378684e-01 2.895994538006372299e-01 1.085571233500227523e-01 5.245789713245334607e-01 7.726445152480655720e-02 0.000000000000000000e+00
5.375000000000000000e+04 2.150081591753907340e-01 2.877787892580792040e-01 1.088984979517523960e-01 5.244651797906235702e-01 7.885753299954482987e-02 0.000000000000000000e+00
5.400000000000000000e+04 2.160081971250438215e-01 2.979062357760582369e-01 1.059399180700955900e-01 5.145653163404643182e-01 8.158852981338188259e-02 0.000000000000000000e+00
5.425000000000000000e+04 2.170082350746966871e-01 2.994993172507965373e-01 1.081019572143832458e-01 5.175238962221210270e-01 7.487482931269913433e-02 0.000000000000000000e+00
5.450000000000000000e+04 2.180082730243497746e-01 3.046199362767409990e-01 1.087847064178425194e-01 5.109239872553481554e-01 7.567137005006827066e-02 0.000000000000000000e+00
5.475000000000000000e+04 2.190083109740026401e-01 2.959717796995903760e-01 1.096950386891215323e-01 5.233272644515247762e-01 7.100591715976331542e-02 0.000000000000000000e+00
5.500000000000000000e+04 2.200083489236557277e-01 3.106508875739644737e-01 1.083295402822029990e-01 5.039827036868457233e-01 7.703686845698680397e-02 0.000000000000000000e+00
5.525000000000000000e+04 2.210083868733085932e-01 3.073509330905780379e-01 1.111743286299499284e-01 5.051206190259445172e-01 7.635411925352754425e-02 0.000000000000000000e+00
5.550000000000000000e+04 2.220084248229616808e-01 3.148611743286299225e-01 1.106053709604005453e-01 4.967000455166135642e-01 7.783340919435594030e-02 0.000000000000000000e+00
5.575000000000000000e+04 2.230084627726145463e-01 3.189576695493855363e-01 1.116294947655894348e-01 4.978379608557123581e-01 7.157487482931269851e-02 0.000000000000000000e+00
5.600000000000000000e+04 2.240085007222676339e-01 3.364815657715066188e-01 1.125398270368684617e-01 4.815657715065999045e-01 6.941283568502502888e-02 0.000000000000000000e+00
5.625000000000000000e+04 2.250085386719204994e-01 3.406918525261720676e-01 1.094674556213017791e-01 4.794037323623122626e-01 7.043695949021393232e-02 0.000000000000000000e+00
5.650000000000000000e+04 2.260085766215735870e-01 3.405780609922621771e-01 1.082157487482931224e-01 4.721210741920801035e-01 7.908511606736458310e-02 0.000000000000000000e+00
5.675000000000000000e+04 2.270086145712264525e-01 3.433090578060992160e-01 1.063950842057350965e-01 4.723486572598998845e-01 7.794720072826581692e-02 0.000000000000000000e+00
