# itime ezz other fcc hcp bcc ico
0.000000000000000000e+00 0.000000000000000000e+00 5.689576695493854790e-04 9.994310423304506585e-01 0.000000000000000000e+00 0.000000000000000000e+00 0.000000000000000000e+00
2.500000000000000000e+02 9.999827446198761294e-04 4.551661356395084266e-04 9.995448338643604380e-01 0.000000000000000000e+00 0.000000000000000000e+00 0.000000000000000000e+00
5.000000000000000000e+02 1.999965489239752259e-03 1.820664542558033706e-03 9.981793354574419741e-01 0.000000000000000000e+00 0.000000000000000000e+00 0.000000000000000000e+00
7.500000000000000000e+02 2.999948233859628388e-03 1.934456076467910759e-03 9.980655439235320836e-01 0.000000000000000000e+00 0.000000000000000000e+00 0.000000000000000000e+00
1.000000000000000000e+03 3.999930978479504518e-03 1.365498406918525280e-03 9.986345015930814251e-01 0.000000000000000000e+00 0.000000000000000000e+00 0.000000000000000000e+00
1.250000000000000000e+03 4.999913723099380647e-03 1.024123805188893906e-03 9.989758761948110966e-01 0.000000000000000000e+00 0.000000000000000000e+00 0.000000000000000000e+00
1.500000000000000000e+03 5.999896467719256776e-03 1.251706873008648227e-03 9.987482931269913156e-01 0.000000000000000000e+00 0.000000000000000000e+00 0.000000000000000000e+00
1.750000000000000000e+03 6.999879212339132906e-03 5.689576695493854790e-04 9.994310423304506585e-01 0.000000000000000000e+00 0.000000000000000000e+00 0.000000000000000000e+00
2.000000000000000000e+03 7.999861956959009035e-03 2.275830678197541916e-03 9.977241693218024121e-01 0.000000000000000000e+00 0.000000000000000000e+00 0.000000000000000000e+00
2.250000000000000000e+03 8.999844701578885164e-03 9.103322712790168532e-04 9.990896677287209870e-01 0.000000000000000000e+00 0.000000000000000000e+00 0.000000000000000000e+00
2.500000000000000000e+03 9.999827446198761294e-03 1.024123805188893906e-03 9.988620846609012061e-01 0.000000000000000000e+00 1.137915339098771066e-04 0.000000000000000000e+00
2.750000000000000000e+03 1.099981019081841538e-02 2.844788347746927612e-03 9.971552116522530707e-01 0.000000000000000000e+00 0.000000000000000000e+00 0.000000000000000000e+00
3.000000000000000000e+03 1.199979293543829151e-02 1.593081474738279385e-03 9.984069185252617551e-01 0.000000000000000000e+00 0.000000000000000000e+00 0.000000000000000000e+00
3.250000000000000000e+03 1.299977568005816764e-02 9.103322712790168532e-04 9.990896677287209870e-01 0.000000000000000000e+00 0.000000000000000000e+00 0.000000000000000000e+00
3.500000000000000000e+03 1.399975842467804377e-02 2.389622212107419402e-03 9.976103777878926326e-01 0.000000000000000000e+00 0.000000000000000000e+00 0.000000000000000000e+00
3.750000000000000000e+03 1.499974116929791990e-02 2.162039144287664864e-03 9.978379608557123026e-01 0.000000000000000000e+00 0.000000000000000000e+00 0.000000000000000000e+00
4.000000000000000000e+03 1.599972391391779603e-02 1.934456076467910759e-03 9.980655439235320836e-01 0.000000000000000000e+00 0.000000000000000000e+00 0.000000000000000000e+00
4.250000000000000000e+03 1.699970665853767215e-02 2.275830678197541916e-03 9.976103777878926326e-01 0.000000000000000000e+00 1.137915339098771066e-04 0.000000000000000000e+00
4.500000000000000000e+03 1.799968940315754828e-02 1.024123805188893906e-03 9.989758761948110966e-01 0.000000000000000000e+00 0.000000000000000000e+00 0.000000000000000000e+00
4.750000000000000000e+03 1.899967214777742441e-02 2.844788347746927612e-03 9.971552116522530707e-01 0.000000000000000000e+00 0.000000000000000000e+00 0.000000000000000000e+00
5.000000000000000000e+03 1.999965489239730054e-02 1.479289940828402332e-03 9.985207100591716456e-01 0.000000000000000000e+00 0.000000000000000000e+00 0.000000000000000000e+00
5.250000000000000000e+03 2.099963763701717667e-02 1.820664542558033706e-03 9.980655439235320836e-01 0.000000000000000000e+00 1.137915339098771066e-04 0.000000000000000000e+00
5.500000000000000000e+03 2.199962038163705280e-02 3.072371415566681717e-03 9.969276285844332897e-01 0.000000000000000000e+00 0.000000000000000000e+00 0.000000000000000000e+00
5.750000000000000000e+03 2.299960312625692893e-02 3.413746017296313308e-03 9.965862539827037292e-01 0.000000000000000000e+00 0.000000000000000000e+00 0.000000000000000000e+00
6.000000000000000000e+03 2.399958587087680506e-02 2.730996813837050560e-03 9.972690031861629611e-01 0.000000000000000000e+00 0.000000000000000000e+00 0.000000000000000000e+00
6.250000000000000000e+03 2.499956861549668119e-02 5.689576695493855224e-03 9.943104233045061413e-01 0.000000000000000000e+00 0.000000000000000000e+00 0.000000000000000000e+00
6.500000000000000000e+03 2.599955136011655732e-02 2.617205279927173507e-03 9.972690031861629611e-01 0.000000000000000000e+00 1.137915339098771066e-04 0.000000000000000000e+00
6.750000000000000000e+03 2.699953410473643345e-02 3.982703686845699004e-03 9.959035047792443862e-01 0.000000000000000000e+00 1.137915339098771066e-04 0.000000000000000000e+00
7.000000000000000000e+03 2.799951684935630958e-02 3.641329085116067413e-03 9.963586709148839482e-01 0.000000000000000000e+00 0.000000000000000000e+00 0.000000000000000000e+00
7.250000000000000000e+03 2.899949959397618571e-02 2.162039144287664864e-03 9.978379608557123026e-01 0.000000000000000000e+00 0.000000000000000000e+00 0.000000000000000000e+00
7.500000000000000000e+03 2.999948233859606184e-02 3.868912152935821518e-03 9.960172963131542767e-01 0.000000000000000000e+00 1.137915339098771066e-04 0.000000000000000000e+00
7.750000000000000000e+03 3.099946508321593797e-02 4.665452890304961318e-03 9.953345471096950448e-01 0.000000000000000000e+00 0.000000000000000000e+00 0.000000000000000000e+00
8.000000000000000000e+03 3.199944782783559205e-02 5.689576695493855224e-03 9.940828402366863603e-01 0.000000000000000000e+00 2.275830678197542133e-04 0.000000000000000000e+00
8.250000000000000000e+03 3.299943057245546818e-02 6.030951297223486815e-03 9.938552571688666903e-01 0.000000000000000000e+00 1.137915339098771066e-04 0.000000000000000000e+00
8.500000000000000000e+03 3.399941331707534431e-02 4.779244424214838804e-03 9.951069640418752638e-01 0.000000000000000000e+00 1.137915339098771066e-04 0.000000000000000000e+00
8.750000000000000000e+03 3.499939606169522044e-02 7.737824305871643035e-03 9.920345926263085534e-01 0.000000000000000000e+00 2.275830678197542133e-04 0.000000000000000000e+00
9.000000000000000000e+03 3.599937880631509657e-02 6.144742831133363434e-03 9.936276741010469093e-01 0.000000000000000000e+00 2.275830678197542133e-04 0.000000000000000000e+00
9.250000000000000000e+03 3.699936155093497270e-02 6.030951297223486815e-03 9.935138825671370189e-01 0.000000000000000000e+00 4.551661356395084266e-04 0.000000000000000000e+00
9.500000000000000000e+03 3.799934429555484883e-02 7.737824305871643035e-03 9.922621756941283344e-01 0.000000000000000000e+00 0.000000000000000000e+00 0.000000000000000000e+00
9.750000000000000000e+03 3.899932704017472496e-02 8.875739644970414427e-03 9.910104688211197610e-01 0.000000000000000000e+00 1.137915339098771066e-04 0.000000000000000000e+00
1.000000000000000000e+04 3.999930978479460109e-02 8.079198907601274626e-03 9.919208010923987739e-01 0.000000000000000000e+00 0.000000000000000000e+00 0.000000000000000000e+00
1.025000000000000000e+04 4.099929252941447722e-02 1.058261265361857065e-02 9.890760127446518446e-01 0.000000000000000000e+00 3.413746017296313199e-04 0.000000000000000000e+00
1.050000000000000000e+04 4.199927527403435334e-02 6.941283568502503235e-03 9.928311333636777869e-01 0.000000000000000000e+00 2.275830678197542133e-04 0.000000000000000000e+00
1.075000000000000000e+04 4.299925801865422947e-02 1.137915339098771045e-02 9.879380974055530507e-01 0.000000000000000000e+00 6.827492034592626399e-04 0.000000000000000000e+00
1.100000000000000000e+04 4.399924076327410560e-02 8.420573509330906217e-03 9.910104688211197610e-01 0.000000000000000000e+00 5.689576695493854790e-04 0.000000000000000000e+00
1.125000000000000000e+04 4.499922350789398173e-02 1.126536185707783383e-02 9.877105143377332697e-01 0.000000000000000000e+00 1.024123805188893906e-03 0.000000000000000000e+00
1.150000000000000000e+04 4.599920625251385786e-02 1.319981793354574502e-02 9.856622667273554628e-01 0.000000000000000000e+00 1.137915339098770958e-03 0.000000000000000000e+00
1.175000000000000000e+04 4.699918899713373399e-02 1.354119253527537488e-02 9.858898497951752438e-01 0.000000000000000000e+00 5.689576695493854790e-04 0.000000000000000000e+00
1.200000000000000000e+04 4.799917174175361012e-02 1.069640418752844727e-02 9.887346381429221731e-01 0.000000000000000000e+00 5.689576695493854790e-04 0.000000000000000000e+00
1.225000000000000000e+04 4.899915448637348625e-02 1.137915339098771045e-02 9.883932635411925016e-01 0.000000000000000000e+00 2.275830678197542133e-04 0.000000000000000000e+00
1.250000000000000000e+04 4.999913723099336238e-02 1.137915339098771045e-02 9.881656804733728316e-01 0.000000000000000000e+00 4.551661356395084266e-04 0.000000000000000000e+00
1.275000000000000000e+04 5.099911997561323851e-02 1.240327719617660522e-02 9.871415566681839282e-01 0.000000000000000000e+00 4.551661356395084266e-04 0.000000000000000000e+00
1.300000000000000000e+04 5.199910272023289259e-02 1.479289940828402289e-02 9.840691852526172179e-01 0.000000000000000000e+00 1.137915339098770958e-03 0.000000000000000000e+00
1.325000000000000000e+04 5.299908546485276872e-02 1.661356395084205573e-02 9.828174783796085334e-01 0.000000000000000000e+00 5.689576695493854790e-04 0.000000000000000000e+00
1.350000000000000000e+04 5.399906820947264485e-02 2.617205279927173334e-02 9.728038233955393910e-01 0.000000000000000000e+00 1.024123805188893906e-03 0.000000000000000000e+00
1.375000000000000000e+04 5.499905095409252098e-02 1.923076923076923184e-02 9.797451069640418231e-01 0.000000000000000000e+00 1.024123805188893906e-03 0.000000000000000000e+00
1.400000000000000000e+04 5.599903369871239711e-02 1.934456076467910846e-02 9.803140646335912756e-01 0.000000000000000000e+00 3.413746017296313199e-04 0.000000000000000000e+00
1.425000000000000000e+04 5.699901644333227324e-02 1.991351843422849502e-02 9.796313154301320436e-01 0.000000000000000000e+00 4.551661356395084266e-04 0.000000000000000000e+00
1.450000000000000000e+04 5.799899918795214937e-02 2.116522530723714129e-02 9.776968593536641272e-01 0.000000000000000000e+00 1.137915339098770958e-03 0.000000000000000000e+00
1.475000000000000000e+04 5.899898193257202550e-02 2.514792899408284030e-02 9.737141556668184039e-01 0.000000000000000000e+00 1.137915339098770958e-03 0.000000000000000000e+00
1.500000000000000000e+04 5.999896467719190163e-02 2.594446973145198010e-02 9.730314064633591720e-01 0.000000000000000000e+00 1.024123805188893906e-03 0.000000000000000000e+00
1.525000000000000000e+04 6.099894742181177776e-02 3.231679563040509851e-02 9.658625398270368478e-01 0.000000000000000000e+00 1.820664542558033706e-03 0.000000000000000000e+00
1.550000000000000000e+04 6.199893016643165389e-02 3.015475648611743234e-02 9.674556213017750927e-01 0.000000000000000000e+00 2.389622212107419402e-03 0.000000000000000000e+00
1.575000000000000000e+04 6.299891291105153002e-02 3.129267182521620200e-02 9.664314974965863003e-01 0.000000000000000000e+00 2.275830678197541916e-03 0.000000000000000000e+00
1.600000000000000000e+04 6.399889565567140615e-02 2.776513427401001294e-02 9.712107419208011461e-01 0.000000000000000000e+00 1.024123805188893906e-03 0.000000000000000000e+00
1.625000000000000000e+04 6.499887840029128228e-02 4.198907601274465273e-02 9.559626763768775959e-01 0.000000000000000000e+00 2.048247610377787811e-03 0.000000000000000000e+00
1.650000000000000000e+04 6.599886114491115841e-02 3.311333636777423484e-02 9.644970414201183839e-01 0.000000000000000000e+00 2.389622212107419402e-03 0.000000000000000000e+00
1.675000000000000000e+04 6.699884388953103453e-02 3.493400091033227461e-02 9.637005006827491504e-01 0.000000000000000000e+00 1.365498406918525280e-03 0.000000000000000000e+00
1.700000000000000000e+04 6.799882663415091066e-02 4.437869822485206867e-02 9.523213472917615441e-01 0.000000000000000000e+00 3.299954483386436255e-03 0.000000000000000000e+00
1.725000000000000000e+04 6.899880937877078679e-02 3.994082840236686666e-02 9.552799271734182529e-01 0.000000000000000000e+00 4.779244424214838804e-03 0.000000000000000000e+00
1.750000000000000000e+04 6.999879212339066292e-02 5.507510241238051940e-02 9.400318616294948137e-01 0.000000000000000000e+00 4.893035958124715423e-03 0.000000000000000000e+00
1.775000000000000000e+04 7.099877486801053905e-02 5.279927173418298009e-02 9.436731907146108655e-01 0.000000000000000000e+00 3.527537551206190360e-03 0.000000000000000000e+00
1.800000000000000000e+04 7.199875761263041518e-02 6.156121984524351443e-02 9.332043695949021611e-01 0.000000000000000000e+00 5.234410559854347014e-03 0.000000000000000000e+00
1.825000000000000000e+04 7.299874035725006927e-02 5.985434683659535821e-02 9.330905780609922706e-01 0.000000000000000000e+00 7.055075102412380721e-03 0.000000000000000000e+00
1.850000000000000000e+04 7.399872310186994540e-02 6.406463359126081392e-02 9.313837050523441352e-01 0.000000000000000000e+00 4.551661356395083832e-03 0.000000000000000000e+00
1.875000000000000000e+04 7.499870584648982152e-02 7.305416477014110843e-02 9.208010923987255403e-01 0.000000000000000000e+00 6.144742831133363434e-03 0.000000000000000000e+00
1.900000000000000000e+04 7.599868859110969765e-02 8.010923987255348655e-02 9.127218934911243142e-01 0.000000000000000000e+00 7.168866636322257339e-03 0.000000000000000000e+00
1.925000000000000000e+04 7.699867133572957378e-02 7.840236686390532339e-02 9.130632680928538747e-01 0.000000000000000000e+00 8.534365043240782836e-03 0.000000000000000000e+00
1.950000000000000000e+04 7.799865408034944991e-02 9.751934456076467861e-02 8.948566226672735047e-01 0.000000000000000000e+00 7.624032771961766417e-03 0.000000000000000000e+00
1.975000000000000000e+04 7.899863682496932604e-02 9.353664087391898307e-02 8.953117888029130667e-01 0.000000000000000000e+00 1.115157032316795548e-02 0.000000000000000000e+00
2.000000000000000000e+04 7.999861956958920217e-02 9.990896677287210148e-02 8.856395084205734847e-01 0.000000000000000000e+00 1.445152480655439303e-02 0.000000000000000000e+00
2.025000000000000000e+04 8.099860231420907830e-02 1.063950842057350965e-01 8.807464724624487484e-01 0.000000000000000000e+00 1.285844333181611343e-02 0.000000000000000000e+00
2.050000000000000000e+04 8.199858505882895443e-02 1.197086936731907164e-01 8.607191624943104635e-01 0.000000000000000000e+00 1.957214383249886169e-02 0.000000000000000000e+00
2.075000000000000000e+04 8.299856780344883056e-02 1.340464269458352398e-01 8.378470641784251383e-01 0.000000000000000000e+00 2.810650887573964626e-02 0.000000000000000000e+00
2.100000000000000000e+04 8.399855054806870669e-02 1.448566226672735602e-01 8.214610832954027941e-01 0.000000000000000000e+00 3.368229403732362487e-02 0.000000000000000000e+00
2.125000000000000000e+04 8.499853329268858282e-02 1.657942649066909413e-01 7.942649066909421851e-01 0.000000000000000000e+00 3.994082840236686666e-02 0.000000000000000000e+00
2.150000000000000000e+04 8.599851603730845895e-02 1.845698680018206528e-01 7.427173418297678964e-01 2.275830678197542133e-04 7.248520710059171146e-02 0.000000000000000000e+00
2.175000000000000000e+04 8.699849878192833508e-02 2.434000910332271284e-01 6.115157032316795860e-01 1.103777878925807886e-02 1.340464269458352398e-01 0.000000000000000000e+00
2.200000000000000000e+04 8.799848152654821121e-02 2.778789258079198965e-01 4.871415566681838727e-01 2.696859353664087314e-02 2.080109239872553473e-01 0.000000000000000000e+00
2.225000000000000000e+04 8.899846427116808734e-02 2.828857532999544677e-01 4.756486117432863203e-01 6.520254893035958010e-02 1.762630860263996457e-01 0.000000000000000000e+00
2.250000000000000000e+04 8.999844701578796347e-02 2.692307692307692180e-01 4.835002275830678209e-01 1.195949021392808398e-01 1.276741010468821214e-01 0.000000000000000000e+00
2.275000000000000000e+04 9.099842976040783959e-02 2.245106964041875264e-01 5.030723714155667103e-01 1.819526627218935044e-01 9.046426945835230049e-02 0.000000000000000000e+00
2.300000000000000000e+04 9.199841250502771572e-02 1.784251251706872876e-01 5.345926263086026031e-01 2.263313609467455523e-01 6.065088757396449454e-02 0.000000000000000000e+00
2.325000000000000000e+04 9.299839524964759185e-02 1.681838871187983642e-01 5.244651797906235702e-01 2.513654984069185194e-01 5.598543468365953235e-02 0.000000000000000000e+00
2.350000000000000000e+04 9.399837799426724594e-02 1.231224396904870289e-01 5.715748748293126846e-01 2.782203004096495125e-01 2.708238507055074976e-02 0.000000000000000000e+00
2.375000000000000000e+04 9.499836073888712207e-02 1.261948111060537114e-01 5.526854802002730827e-01 2.770823850705507740e-01 4.403732362312243881e-02 0.000000000000000000e+00
2.400000000000000000e+04 9.599834348350699820e-02 1.309740555302685572e-01 5.530268548020027541e-01 2.752617205279926926e-01 4.073736913973600299e-02 0.000000000000000000e+00
2.425000000000000000e+04 9.699832622812687433e-02 1.265361857077833274e-01 5.557578516158397930e-01 2.834547109695038647e-01 3.425125170687300796e-02 0.000000000000000000e+00
2.450000000000000000e+04 9.799830897274675046e-02 1.259672280382339582e-01 5.619025944469731026e-01 2.818616294947655643e-01 3.026854802002730896e-02 0.000000000000000000e+00
2.475000000000000000e+04 9.899829171736662659e-02 1.259672280382339582e-01 5.583750568957669413e-01 2.814064633591260578e-01 3.425125170687300796e-02 0.000000000000000000e+00
2.500000000000000000e+04 9.999827446198650271e-02 1.397360036413290985e-01 5.440373236231224041e-01 2.825443786982248517e-01 3.368229403732362487e-02 0.000000000000000000e+00
2.525000000000000000e+04 1.009982572066063788e-01 1.406463359126081114e-01 5.425580336822940497e-01 2.789030496131087999e-01 3.789258079198907364e-02 0.000000000000000000e+00
2.550000000000000000e+04 1.019982399512262550e-01 1.438324988620846567e-01 5.464269458352298825e-01 2.855029585798816716e-01 2.423759672280382388e-02 0.000000000000000000e+00
2.575000000000000000e+04 1.029982226958461311e-01 1.437187073281747940e-01 5.366408739189804100e-01 2.892580791989076139e-01 3.038233955393718558e-02 0.000000000000000000e+00
2.600000000000000000e+04 1.039982054404660072e-01 1.568047337278106468e-01 5.251479289940828021e-01 2.845926263086026586e-01 3.345471096950387163e-02 0.000000000000000000e+00
2.625000000000000000e+04 1.049981881850858834e-01 1.401911697769686049e-01 5.442649066909421851e-01 2.856167501137915066e-01 2.992717341829767910e-02 0.000000000000000000e+00
2.650000000000000000e+04 1.059981709297057595e-01 1.603322712790168358e-01 5.241238051888938987e-01 2.807237141556668258e-01 3.482020937642239106e-02 0.000000000000000000e+00
2.675000000000000000e+04 1.069981536743256356e-01 1.752389622212107423e-01 4.998862084660901095e-01 2.828857532999544677e-01 4.198907601274465273e-02 0.000000000000000000e+00
2.700000000000000000e+04 1.079981364189455117e-01 1.756941283568502488e-01 4.951069640418752638e-01 2.855029585798816716e-01 4.369594902139280895e-02 0.000000000000000000e+00
2.725000000000000000e+04 1.089981191635653879e-01 1.901456531634046487e-01 4.631315430131998090e-01 2.870960400546199165e-01 5.962676376877560497e-02 0.000000000000000000e+00
2.750000000000000000e+04 1.099981019081852640e-01 1.945835229858898507e-01 4.527765134274009950e-01 2.845926263086026586e-01 6.804733727810650945e-02 0.000000000000000000e+00
2.775000000000000000e+04 1.109980846528051401e-01 2.074419663177059503e-01 4.387801547564861293e-01 2.889167045971779424e-01 6.486117432862995025e-02 0.000000000000000000e+00
2.800000000000000000e+04 1.119980673974250163e-01 2.028903049613108855e-01 4.340009103322712836e-01 2.916477014110150368e-01 7.146108329540282189e-02 0.000000000000000000e+00
2.825000000000000000e+04 1.129980501420448924e-01 2.106281292671825234e-01 4.209148839326354308e-01 3.013199817933545632e-01 6.713700500682749650e-02 0.000000000000000000e+00
2.850000000000000000e+04 1.139980328866647685e-01 2.315657715065999045e-01 4.005461993627674189e-01 2.983614019116977434e-01 6.952662721893490549e-02 0.000000000000000000e+00
2.875000000000000000e+04 1.149980156312844226e-01 2.437414656349567721e-01 3.808602639963586944e-01 2.935821574874829532e-01 8.181611288120163583e-02 0.000000000000000000e+00
2.900000000000000000e+04 1.159979983759042987e-01 2.453345471096950448e-01 3.598088302230313951e-01 2.964269458352298825e-01 9.842967683204369156e-02 0.000000000000000000e+00
2.925000000000000000e+04 1.169979811205241749e-01 2.492034592626308498e-01 3.372781065088757413e-01 2.866408739189804100e-01 1.268775603095129711e-01 0.000000000000000000e+00
2.950000000000000000e+04 1.179979638651440510e-01 2.666135639508420696e-01 3.206645425580336717e-01 2.794720072826581969e-01 1.332498862084660896e-01 0.000000000000000000e+00
2.975000000000000000e+04 1.189979466097639271e-01 2.803823395539372099e-01 2.993855257168866468e-01 2.591033227127901850e-01 1.611288120163859861e-01 0.000000000000000000e+00
3.000000000000000000e+04 1.199979293543838033e-01 2.833409194355939742e-01 2.954028220300409791e-01 2.631998179335457433e-01 1.580564406008193035e-01 0.000000000000000000e+00
3.025000000000000000e+04 1.209979120990036794e-01 2.760582612653618706e-01 3.445607646791079004e-01 2.834547109695038647e-01 9.592626308602640595e-02 0.000000000000000000e+00
3.050000000000000000e+04 1.219978948436235555e-01 2.173418297678652578e-01 4.544833864360491305e-01 2.901684114701866268e-01 3.800637232589895026e-02 0.000000000000000000e+00
3.075000000000000000e+04 1.229978775882434316e-01 1.372325898953117851e-01 5.153618570778334407e-01 3.252162039144287919e-01 2.218934911242603433e-02 0.000000000000000000e+00
3.100000000000000000e+04 1.239978603328633078e-01 1.253982703686845612e-01 5.349340009103322746e-01 3.224852071005916976e-01 1.718252162039144229e-02 0.000000000000000000e+00
3.125000000000000000e+04 1.249978430774831839e-01 1.205052344105598527e-01 5.377787892580792040e-01 3.245334547109695045e-01 1.718252162039144229e-02 0.000000000000000000e+00
3.150000000000000000e+04 1.259978258221030600e-01 1.125398270368684617e-01 5.447200728265817471e-01 3.280609922621757213e-01 1.467910787437414627e-02 0.000000000000000000e+00
3.175000000000000000e+04 1.269978085667229362e-01 1.079881656804733692e-01 5.517751479289940697e-01 3.265817023213473114e-01 1.365498406918525323e-02 0.000000000000000000e+00
3.200000000000000000e+04 1.279977913113428123e-01 1.012744651797906209e-01 5.499544833864360438e-01 3.329540282203004020e-01 1.581702321347291593e-02 0.000000000000000000e+00
3.225000000000000000e+04 1.289977740559626884e-01 9.774692762858443185e-02 5.600819299044150767e-01 3.254437869822485174e-01 1.672735548475193582e-02 0.000000000000000000e+00
3.250000000000000000e+04 1.299977568005825646e-01 9.171597633136094330e-02 5.625853436504324456e-01 3.313609467455621571e-01 1.433773327264451468e-02 0.000000000000000000e+00
3.275000000000000000e+04 1.309977395452024407e-01 7.965407373691398007e-02 5.725989986345015881e-01 3.320436959490213891e-01 1.570323167956303931e-02 0.000000000000000000e+00
3.300000000000000000e+04 1.319977222898223168e-01 9.023668639053254725e-02 5.654301319981793750e-01 3.291989076012744597e-01 1.513427401001365448e-02 0.000000000000000000e+00
3.325000000000000000e+04 1.329977050344421929e-01 8.773327264451524776e-02 5.661128812016386069e-01 3.302230314064633632e-01 1.593081474738279601e-02 0.000000000000000000e+00
3.350000000000000000e+04 1.339976877790620691e-01 9.023668639053254725e-02 5.653163404642694845e-01 3.304506144742830887e-01 1.399635867091488309e-02 0.000000000000000000e+00
3.375000000000000000e+04 1.349976705236819452e-01 8.898497951752389057e-02 5.658852981338188259e-01 3.284023668639053373e-01 1.672735548475193582e-02 0.000000000000000000e+00
3.400000000000000000e+04 1.359976532683015993e-01 9.057806099226217711e-02 5.656577150659990449e-01 3.251024123805189014e-01 1.866181156121984527e-02 0.000000000000000000e+00
3.425000000000000000e+04 1.369976360129214754e-01 8.955393718707328754e-02 5.649749658625398130e-01 3.288575329995448437e-01 1.661356395084205573e-02 0.000000000000000000e+00
3.450000000000000000e+04 1.379976187575413515e-01 9.433318161128811941e-02 5.632680928538916776e-01 3.258989531178880239e-01 1.649977241693217911e-02 0.000000000000000000e+00
3.475000000000000000e+04 1.389976015021612277e-01 1.002503413746017313e-01 5.599681383705051863e-01 3.252162039144287919e-01 1.456531634046426965e-02 0.000000000000000000e+00
3.500000000000000000e+04 1.399975842467811038e-01 9.854346836595356818e-02 5.613336367774237612e-01 3.248748293126991205e-01 1.524806554392353283e-02 0.000000000000000000e+00
3.525000000000000000e+04 1.409975669914009799e-01 1.009330905780609910e-01 5.586026399635867223e-01 3.244196631770596140e-01 1.604460628129267263e-02 0.000000000000000000e+00
3.550000000000000000e+04 1.419975497360208561e-01 9.888484296768319803e-02 5.580336822940372699e-01 3.251024123805189014e-01 1.797906235776058209e-02 0.000000000000000000e+00
3.575000000000000000e+04 1.429975324806407322e-01 1.081019572143832458e-01 5.523441055985435222e-01 3.213472917614929592e-01 1.820664542558033533e-02 0.000000000000000000e+00
3.600000000000000000e+04 1.439975152252606083e-01 1.094674556213017791e-01 5.481338188438780179e-01 3.252162039144287919e-01 1.718252162039144229e-02 0.000000000000000000e+00
3.625000000000000000e+04 1.449974979698804844e-01 9.888484296768319803e-02 5.563268092853891345e-01 3.249886208466090110e-01 1.979972690031861493e-02 0.000000000000000000e+00
3.650000000000000000e+04 1.459974807145003606e-01 1.145880746472462408e-01 5.449476558944014171e-01 3.202093764223941652e-01 2.025489303595812488e-02 0.000000000000000000e+00
3.675000000000000000e+04 1.469974634591202367e-01 1.083295402822029990e-01 5.533682294037323146e-01 3.212335002275830687e-01 1.706873008648156567e-02 0.000000000000000000e+00
3.700000000000000000e+04 1.479974462037401128e-01 1.128812016385980915e-01 5.500682749203459343e-01 3.182749203459262488e-01 1.877560309512972189e-02 0.000000000000000000e+00
3.725000000000000000e+04 1.489974289483599890e-01 1.150432407828857473e-01 5.468821119708693335e-01 3.183887118798361393e-01 1.968593536640873831e-02 0.000000000000000000e+00
3.750000000000000000e+04 1.499974116929798651e-01 1.109467455621301751e-01 5.510923987255348377e-01 3.229403732362312041e-01 1.502048247610377786e-02 0.000000000000000000e+00
3.775000000000000000e+04 1.509973944375997412e-01 1.216431497496586189e-01 5.447200728265817471e-01 3.119025944469731582e-01 2.173418297678652786e-02 0.000000000000000000e+00
3.800000000000000000e+04 1.519973771822196174e-01 1.203914428766499761e-01 5.452890304961310886e-01 3.147473827947200875e-01 1.957214383249886169e-02 0.000000000000000000e+00
3.825000000000000000e+04 1.529973599268394935e-01 1.259672280382339582e-01 5.427856167501138307e-01 3.124715521165225551e-01 1.877560309512972189e-02 0.000000000000000000e+00
3.850000000000000000e+04 1.539973426714593696e-01 1.264223941738734647e-01 5.395994538006372299e-01 3.103095129722348577e-01 2.366863905325443732e-02 0.000000000000000000e+00
3.875000000000000000e+04 1.549973254160792457e-01 1.253982703686845612e-01 5.423304506144742687e-01 3.161128812016386069e-01 1.615839781520254925e-02 0.000000000000000000e+00
3.900000000000000000e+04 1.559973081606988998e-01 1.300637232589895442e-01 5.342512517068730427e-01 3.148611743286299225e-01 2.082385070550751144e-02 0.000000000000000000e+00
3.925000000000000000e+04 1.569972909053187760e-01 1.358670914883932657e-01 5.322030040964952358e-01 3.115612198452434867e-01 2.036868456986800149e-02 0.000000000000000000e+00
3.950000000000000000e+04 1.579972736499386521e-01 1.315430131998179264e-01 5.337960855712334807e-01 3.109922621756941452e-01 2.366863905325443732e-02 0.000000000000000000e+00
3.975000000000000000e+04 1.589972563945585282e-01 1.356395084205735124e-01 5.340236686390532617e-01 3.126991351843422806e-01 1.763768775603095224e-02 0.000000000000000000e+00
4.000000000000000000e+04 1.599972391391784043e-01 1.292671825216203940e-01 5.438097405553027341e-01 3.064406008192990249e-01 2.048247610377787811e-02 0.000000000000000000e+00
4.025000000000000000e+04 1.609972218837982805e-01 1.268775603095129711e-01 5.407373691397360238e-01 3.115612198452434867e-01 2.082385070550751144e-02 0.000000000000000000e+00
4.050000000000000000e+04 1.619972046284181566e-01 1.451979972690031762e-01 5.271961766044606090e-01 3.071233500227583124e-01 2.048247610377787811e-02 0.000000000000000000e+00
4.075000000000000000e+04 1.629971873730380327e-01 1.448566226672735602e-01 5.262858443331815961e-01 3.079198907601274349e-01 2.093764223941738806e-02 0.000000000000000000e+00
4.100000000000000000e+04 1.639971701176579089e-01 1.644287664997724219e-01 5.078516158397815561e-01 3.023441055985434667e-01 2.537551206190259354e-02 0.000000000000000000e+00
4.125000000000000000e+04 1.649971528622777850e-01 1.446290395994538069e-01 5.279927173418297315e-01 3.073509330905780379e-01 2.002730996813837164e-02 0.000000000000000000e+00
4.150000000000000000e+04 1.659971356068976611e-01 1.464497041420118328e-01 5.262858443331815961e-01 3.099681383705052418e-01 1.729631315430131891e-02 0.000000000000000000e+00
4.175000000000000000e+04 1.669971183515175372e-01 1.483841602184797492e-01 5.192307692307692735e-01 3.123577605826126646e-01 2.002730996813837164e-02 0.000000000000000000e+00
4.200000000000000000e+04 1.679971010961374134e-01 1.576012744651797970e-01 5.138825671370049752e-01 3.115612198452434867e-01 1.695493855257168905e-02 0.000000000000000000e+00
4.225000000000000000e+04 1.689970838407572895e-01 1.494082840236686527e-01 5.205962676376877374e-01 3.086026399635867223e-01 2.139280837505689453e-02 0.000000000000000000e+00
4.250000000000000000e+04 1.699970665853771656e-01 1.593081474738279601e-01 5.142239417387346467e-01 3.083750568957669413e-01 1.809285389167045871e-02 0.000000000000000000e+00
4.275000000000000000e+04 1.709970493299970418e-01 1.681838871187983642e-01 5.105826126536185949e-01 3.034820209376422606e-01 1.775147928994082885e-02 0.000000000000000000e+00
4.300000000000000000e+04 1.719970320746169179e-01 1.662494310423304478e-01 5.151342740100136597e-01 3.004096495220755503e-01 1.820664542558033533e-02 0.000000000000000000e+00
4.325000000000000000e+04 1.729970148192367940e-01 1.662494310423304478e-01 5.052344105598542967e-01 3.049613108784706150e-01 2.355484751934456070e-02 0.000000000000000000e+00
4.350000000000000000e+04 1.739969975638566702e-01 1.840009103322712836e-01 4.981793354574419741e-01 2.996131087847064278e-01 1.820664542558033533e-02 0.000000000000000000e+00
4.375000000000000000e+04 1.749969803084765463e-01 1.906008192990441552e-01 4.904415111515703085e-01 2.980200273099681274e-01 2.093764223941738806e-02 0.000000000000000000e+00
4.400000000000000000e+04 1.759969630530964224e-01 1.923076923076923184e-01 4.902139280837505830e-01 2.942649066909421851e-01 2.321347291761493084e-02 0.000000000000000000e+00
4.425000000000000000e+04 1.769969457977160765e-01 1.973145197997268896e-01 4.815657715065999045e-01 2.976786527082385114e-01 2.344105598543468408e-02 0.000000000000000000e+00
4.450000000000000000e+04 1.779969285423359526e-01 1.910559854346836617e-01 4.814519799726900140e-01 3.027992717341829731e-01 2.469276285844333035e-02 0.000000000000000000e+00
4.475000000000000000e+04 1.789969112869558288e-01 2.081247155211652378e-01 4.815657715065999045e-01 2.910787437414656398e-01 1.923076923076923184e-02 0.000000000000000000e+00
4.500000000000000000e+04 1.799968940315757049e-01 2.220072826581702408e-01 4.655211652253072319e-01 2.856167501137915066e-01 2.685480200273099652e-02 0.000000000000000000e+00
4.525000000000000000e+04 1.809968767761955810e-01 2.110832954028220299e-01 4.772416932180245652e-01 2.883477469276286009e-01 2.332726445152480746e-02 0.000000000000000000e+00
4.550000000000000000e+04 1.819968595208154571e-01 2.214383249886208438e-01 4.665452890304961353e-01 2.865270823850705750e-01 2.548930359581247015e-02 0.000000000000000000e+00
4.575000000000000000e+04 1.829968422654353333e-01 2.386208466090122826e-01 4.479972690031861493e-01 2.865270823850705750e-01 2.685480200273099652e-02 0.000000000000000000e+00
4.600000000000000000e+04 1.839968250100552094e-01 2.604688211197087044e-01 4.159080564406008040e-01 2.835685025034137552e-01 4.005461993627674328e-02 0.000000000000000000e+00
4.625000000000000000e+04 1.849968077546750855e-01 2.800409649522075384e-01 4.025944469731451703e-01 2.763996358670914866e-01 4.096495220755575623e-02 0.000000000000000000e+00
4.650000000000000000e+04 1.859967904992949617e-01 2.701411015020482309e-01 4.077150659990896875e-01 2.859581247155211781e-01 3.618570778334091742e-02 0.000000000000000000e+00
4.675000000000000000e+04 1.869967732439148378e-01 2.816340464269458388e-01 3.961083295402821891e-01 2.853891670459717811e-01 3.686845698680018407e-02 0.000000000000000000e+00
4.700000000000000000e+04 1.879967559885347139e-01 2.971096950386891145e-01 3.813154301319982009e-01 2.744651797906235702e-01 4.710969503868912139e-02 0.000000000000000000e+00
4.725000000000000000e+04 1.889967387331545901e-01 3.104233045061447482e-01 3.710741920801092220e-01 2.777651342740100060e-01 4.073736913973600299e-02 0.000000000000000000e+00
4.750000000000000000e+04 1.899967214777744662e-01 3.177059626763768518e-01 3.694811106053709771e-01 2.695721438324988894e-01 4.324078288575330248e-02 0.000000000000000000e+00
4.775000000000000000e+04 1.909967042223943423e-01 3.213472917614929592e-01 3.621984524351388179e-01 2.740100136549840637e-01 4.244424214838415921e-02 0.000000000000000000e+00
4.800000000000000000e+04 1.919966869670142184e-01 3.337505689576695245e-01 3.593536640873918886e-01 2.579654073736913911e-01 4.893035958124715423e-02 0.000000000000000000e+00
4.825000000000000000e+04 1.929966697116340946e-01 3.419435593991806965e-01 3.665225307237141572e-01 2.505689576695493970e-01 4.096495220755575623e-02 0.000000000000000000e+00
4.850000000000000000e+04 1.939966524562539707e-01 3.608329540282202985e-01 3.401228948566226706e-01 2.471552116522530707e-01 5.188893946290396020e-02 0.000000000000000000e+00
4.875000000000000000e+04 1.949966352008738468e-01 3.581019572143832597e-01 3.264679107874374209e-01 2.535275375512062168e-01 6.190259444697314428e-02 0.000000000000000000e+00
4.900000000000000000e+04 1.959966179454937230e-01 3.576467910787437532e-01 3.066681838871188059e-01 2.572826581702321591e-01 7.840236686390532339e-02 0.000000000000000000e+00
4.925000000000000000e+04 1.969966006901135991e-01 3.544606281292672079e-01 2.870960400546199165e-01 2.589895311788802945e-01 9.945380063723259501e-02 0.000000000000000000e+00
4.950000000000000000e+04 1.979965834347332532e-01 3.664087391898042667e-01 2.716203914428766408e-01 2.530723714155666548e-01 1.088984979517523960e-01 0.000000000000000000e+00
4.975000000000000000e+04 1.989965661793531293e-01 3.502503413746017036e-01 2.748065543923531862e-01 2.690031861629494925e-01 1.059399180700955900e-01 0.000000000000000000e+00
5.000000000000000000e+04 1.999965489239730054e-01 3.338643604915794150e-01 2.660446062812926726e-01 2.811788802913063323e-01 1.189121529358215801e-01 0.000000000000000000e+00
5.025000000000000000e+04 2.009965316685928816e-01 3.408056440600819026e-01 2.511379153390987939e-01 2.880063723258989294e-01 1.200500682749203463e-01 0.000000000000000000e+00
5.050000000000000000e+04 2.019965144132127577e-01 3.356850250341374409e-01 2.453345471096950448e-01 2.939235320892125691e-01 1.250568957669549452e-01 0.000000000000000000e+00
5.075000000000000000e+04 2.029964971578326338e-01 3.229403732362312041e-01 2.298588984979517413e-01 3.170232134729176199e-01 1.301775147928994070e-01 0.000000000000000000e+00
5.100000000000000000e+04 2.039964799024525099e-01 3.067819754210286964e-01 2.348657259899863403e-01 3.401228948566226706e-01 1.182294037323623065e-01 0.000000000000000000e+00
5.125000000000000000e+04 2.049964626470723861e-01 3.106508875739644737e-01 2.269003186162949492e-01 3.553709604005462208e-01 1.070778334091943562e-01 0.000000000000000000e+00
5.150000000000000000e+04 2.059964453916922622e-01 3.018889394629039602e-01 2.324761037778789174e-01 3.772189349112425871e-01 8.841602184797450747e-02 0.000000000000000000e+00
5.175000000000000000e+04 2.069964281363121383e-01 2.947200728265816916e-01 2.391898042785616796e-01 3.851843422849339782e-01 8.090578060992262288e-02 0.000000000000000000e+00
5.200000000000000000e+04 2.079964108809320145e-01 2.786754665452890189e-01 2.424897587619481154e-01 4.097633136094674389e-01 6.907146108329539902e-02 0.000000000000000000e+00
5.225000000000000000e+04 2.089963936255518906e-01 2.653618570778333852e-01 2.535275375512062168e-01 4.213700500682749372e-01 5.974055530268548159e-02 0.000000000000000000e+00
5.250000000000000000e+04 2.099963763701717667e-01 2.573964497041419941e-01 2.598998634501593075e-01 4.295630405097860538e-01 5.314064633591260994e-02 0.000000000000000000e+00
5.275000000000000000e+04 2.109963591147916429e-01 2.583067819754210070e-01 2.579654073736913911e-01 4.385525716886663483e-01 4.517523896222121194e-02 0.000000000000000000e+00
5.300000000000000000e+04 2.119963418594115190e-01 2.523896222121074229e-01 2.569412835685024876e-01 4.510696404187528596e-01 3.959945380063722986e-02 0.000000000000000000e+00
5.325000000000000000e+04 2.129963246040313951e-01 2.489758761948110966e-01 2.556895766954938587e-01 4.607419208010923861e-01 3.459262630860263782e-02 0.000000000000000000e+00
5.350000000000000000e+04 2.139963073486512712e-01 2.304278561675011383e-01 2.793582157487483064e-01 4.597177969959034827e-01 3.049613108784706567e-02 0.000000000000000000e+00
5.375000000000000000e+04 2.149962900932711474e-01 2.168866636322257513e-01 2.934683659535730627e-01 4.640418752844788219e-01 2.560309512972235024e-02 0.000000000000000000e+00
5.400000000000000000e+04 2.159962728378910235e-01 2.146108329540282189e-01 2.965407373691397175e-01 4.616522530723713991e-01 2.719617660446062984e-02 0.000000000000000000e+00
5.425000000000000000e+04 2.169962555825108996e-01 2.130177514792899462e-01 2.959717796995903760e-01 4.630177514792899185e-01 2.799271734182976618e-02 0.000000000000000000e+00
5.450000000000000000e+04 2.179962383271307758e-01 2.088074647246244975e-01 2.980200273099681274e-01 4.664314974965862448e-01 2.674101046882111990e-02 0.000000000000000000e+00
5.475000000000000000e+04 2.189962210717504298e-01 2.191624943104233114e-01 2.960855712335002110e-01 4.613108784706417831e-01 2.344105598543468408e-02 0.000000000000000000e+00
5.500000000000000000e+04 2.199962038163703060e-01 2.206417842512516936e-01 2.971096950386891145e-01 4.590350477924442507e-01 2.321347291761493084e-02 0.000000000000000000e+00
5.525000000000000000e+04 2.209961865609901821e-01 2.192762858443331742e-01 2.949476558944014726e-01 4.604005461993627701e-01 2.537551206190259354e-02 0.000000000000000000e+00
5.550000000000000000e+04 2.219961693056100582e-01 2.131315430131998090e-01 2.906235776058261333e-01 4.688211197086936677e-01 2.742375967228038308e-02 0.000000000000000000e+00
5.575000000000000000e+04 2.229961520502299344e-01 2.149522075557578626e-01 2.890304961310878329e-01 4.766727355484751683e-01 1.934456076467910846e-02 0.000000000000000000e+00
5.600000000000000000e+04 2.239961347948498105e-01 2.124487938097405493e-01 2.892580791989076139e-01 4.762175694128356618e-01 2.207555757851615771e-02 0.000000000000000000e+00
5.625000000000000000e+04 2.249961175394696866e-01 2.133591260810195622e-01 2.903959945380063523e-01 4.784934000910332497e-01 1.775147928994082885e-02 0.000000000000000000e+00
5.650000000000000000e+04 2.259961002840895627e-01 2.164314974965862448e-01 2.895994538006372299e-01 4.758761948111060458e-01 1.809285389167045871e-02 0.000000000000000000e+00
5.675000000000000000e+04 2.269960830287094389e-01 2.129039599453800558e-01 2.886891215293582169e-01 4.797451069640418786e-01 1.866181156121984527e-02 0.000000000000000000e+00
