# itime ezz other fcc hcp bcc ico
0.000000000000000000e+00 0.000000000000000000e+00 0.000000000000000000e+00 1.000000000000000000e+00 0.000000000000000000e+00 0.000000000000000000e+00 0.000000000000000000e+00
2.500000000000000000e+03 9.999957445503637743e-03 0.000000000000000000e+00 1.000000000000000000e+00 0.000000000000000000e+00 0.000000000000000000e+00 0.000000000000000000e+00
5.000000000000000000e+03 1.999991489100749753e-02 0.000000000000000000e+00 1.000000000000000000e+00 0.000000000000000000e+00 0.000000000000000000e+00 0.000000000000000000e+00
7.500000000000000000e+03 2.999987233651113527e-02 0.000000000000000000e+00 1.000000000000000000e+00 0.000000000000000000e+00 0.000000000000000000e+00 0.000000000000000000e+00
1.000000000000000000e+04 3.999982978201477302e-02 0.000000000000000000e+00 1.000000000000000000e+00 0.000000000000000000e+00 0.000000000000000000e+00 0.000000000000000000e+00
1.250000000000000000e+04 4.999978722751863280e-02 0.000000000000000000e+00 1.000000000000000000e+00 0.000000000000000000e+00 0.000000000000000000e+00 0.000000000000000000e+00
1.500000000000000000e+04 5.999974467302227055e-02 0.000000000000000000e+00 1.000000000000000000e+00 0.000000000000000000e+00 0.000000000000000000e+00 0.000000000000000000e+00
1.750000000000000000e+04 6.999970211852590829e-02 3.413746017296313199e-04 9.996586253982703285e-01 0.000000000000000000e+00 0.000000000000000000e+00 0.000000000000000000e+00
2.000000000000000000e+04 7.999965956402976808e-02 7.965407373691396923e-04 9.992034592626308775e-01 0.000000000000000000e+00 0.000000000000000000e+00 0.000000000000000000e+00
2.250000000000000000e+04 8.999961700953340582e-02 9.103322712790168532e-04 9.990896677287209870e-01 0.000000000000000000e+00 0.000000000000000000e+00 0.000000000000000000e+00
2.500000000000000000e+04 9.999957445503704356e-02 2.958579881656804664e-03 9.969276285844332897e-01 0.000000000000000000e+00 1.137915339098771066e-04 0.000000000000000000e+00
2.750000000000000000e+04 1.099995319005409034e-01 1.202776513427400995e-01 6.065088757396449592e-01 0.000000000000000000e+00 2.732134729176149412e-01 0.000000000000000000e+00
3.000000000000000000e+04 1.199994893460445411e-01 5.598543468365953235e-02 7.666135639508420141e-01 1.744424214838415921e-01 2.958579881656804664e-03 0.000000000000000000e+00
3.250000000000000000e+04 1.299994467915481788e-01 5.587164314974965573e-02 7.657032316795630011e-01 1.746700045516613453e-01 3.755120619025944465e-03 0.000000000000000000e+00
3.500000000000000000e+04 1.399994042370520386e-01 5.871643149749658508e-02 7.639963586709148657e-01 1.731907146108329631e-01 4.096495220755575623e-03 0.000000000000000000e+00
3.750000000000000000e+04 1.499993616825556764e-01 5.939918070095585173e-02 7.631998179335457433e-01 1.736458807464724696e-01 3.755120619025944465e-03 0.000000000000000000e+00
4.000000000000000000e+04 1.599993191280593141e-01 1.093536640873919025e-01 6.909421939007738267e-01 1.958352298588985074e-01 3.868912152935821518e-03 0.000000000000000000e+00
4.250000000000000000e+04 1.699992765735631739e-01 6.884387801547564578e-02 7.576240327719617751e-01 1.719390077378243065e-01 1.593081474738279385e-03 0.000000000000000000e+00
4.500000000000000000e+04 1.799992340190668116e-01 7.203004096495220498e-02 7.554619936276740777e-01 1.712562585343650468e-01 1.251706873008648227e-03 0.000000000000000000e+00
4.750000000000000000e+04 1.899991914645704494e-01 7.430587164314975124e-02 7.532999544833864913e-01 1.697769685935366368e-01 2.617205279927173507e-03 0.000000000000000000e+00
5.000000000000000000e+04 1.999991489100743092e-01 7.680928538916705073e-02 7.521620391442876974e-01 1.701183431952662806e-01 9.103322712790168532e-04 0.000000000000000000e+00
5.250000000000000000e+04 2.099991063555779469e-01 7.646791078743742087e-02 7.501137915339098905e-01 1.708010923987255403e-01 2.617205279927173507e-03 0.000000000000000000e+00
5.500000000000000000e+04 2.199990638010815847e-01 1.013882567137004975e-01 6.735320892125625791e-01 2.231451979972690070e-01 1.934456076467910759e-03 0.000000000000000000e+00
5.750000000000000000e+04 2.299990212465854444e-01 9.956759217114247162e-02 6.873008648156576639e-01 2.077833409194355940e-01 5.348202093764223633e-03 0.000000000000000000e+00
6.000000000000000000e+04 2.399989786920890822e-01 1.033227127901684139e-01 6.800182066454255603e-01 2.130177514792899462e-01 3.641329085116067413e-03 0.000000000000000000e+00
6.250000000000000000e+04 2.499989361375927199e-01 1.199362767410104696e-01 6.002503413746017591e-01 2.740100136549840637e-01 5.803368229403732710e-03 0.000000000000000000e+00
6.500000000000000000e+04 2.599988935830965797e-01 1.426945835229858905e-01 5.202548930359581769e-01 3.264679107874374209e-01 1.058261265361857065e-02 0.000000000000000000e+00
6.750000000000000000e+04 2.699988510286002175e-01 1.739872553482020856e-01 4.640418752844788219e-01 3.512744651797906070e-01 1.069640418752844727e-02 0.000000000000000000e+00
7.000000000000000000e+04 2.799988084741038552e-01 1.742148384160218388e-01 4.336595357305416676e-01 3.888256713700500855e-01 3.299954483386436255e-03 0.000000000000000000e+00
7.250000000000000000e+04 2.899987659196077150e-01 1.837733272644515303e-01 4.160218479745106945e-01 3.942876649977241632e-01 5.917159763313609329e-03 0.000000000000000000e+00
7.500000000000000000e+04 2.999987233651113527e-01 1.911697769685935244e-01 4.081702321347291940e-01 3.932635411925352598e-01 7.396449704142011444e-03 0.000000000000000000e+00
7.750000000000000000e+04 3.099986808106149905e-01 1.978834774692762866e-01 4.043013199817933612e-01 3.898497951752389890e-01 7.965407373691398007e-03 0.000000000000000000e+00
8.000000000000000000e+04 3.199986382561188503e-01 2.218934911242603503e-01 3.855257168866636497e-01 3.802913063268092975e-01 1.228948566226672687e-02 0.000000000000000000e+00
8.250000000000000000e+04 3.299985957016224880e-01 1.655666818388711881e-01 5.005689576695493415e-01 3.263541192535275304e-01 7.510241238051888930e-03 0.000000000000000000e+00
8.500000000000000000e+04 3.399985531471261258e-01 1.565771506599908935e-01 5.516613563950841792e-01 2.888029130632681074e-01 2.958579881656804664e-03 0.000000000000000000e+00
8.750000000000000000e+04 3.499985105926299855e-01 1.531634046426945950e-01 5.612198452435138707e-01 2.817478379608557293e-01 3.868912152935821518e-03 0.000000000000000000e+00
9.000000000000000000e+04 3.599984680381336233e-01 1.631770596267637652e-01 5.574647246244879284e-01 2.762858443331815961e-01 3.072371415566681717e-03 0.000000000000000000e+00
9.250000000000000000e+04 3.699984254836372610e-01 1.657942649066909413e-01 6.332498862084661173e-01 1.983386436049157930e-01 2.617205279927173507e-03 0.000000000000000000e+00
9.500000000000000000e+04 3.799983829291411208e-01 1.459945380063723264e-01 7.363450159308146947e-01 1.125398270368684617e-01 5.120619025944469528e-03 0.000000000000000000e+00
9.750000000000000000e+04 3.899983403746447586e-01 1.491807009558488717e-01 7.295175238962221531e-01 1.172052799271734169e-01 4.096495220755575623e-03 0.000000000000000000e+00
1.000000000000000000e+05 3.999982978201486183e-01 1.475876194811105990e-01 7.274692762858443462e-01 1.215293582157487423e-01 3.413746017296313308e-03 0.000000000000000000e+00
1.025000000000000000e+05 4.099982552656522561e-01 1.510013654984069253e-01 7.263313609467455523e-01 1.189121529358215801e-01 3.755120619025944465e-03 0.000000000000000000e+00
1.050000000000000000e+05 4.199982127111556718e-01 1.512289485662266786e-01 7.229176149294492815e-01 1.227810650887573990e-01 3.072371415566681717e-03 0.000000000000000000e+00
1.075000000000000000e+05 4.299981701566595316e-01 1.533909877105143482e-01 7.230314064633591720e-01 1.205052344105598527e-01 3.072371415566681717e-03 0.000000000000000000e+00
1.100000000000000000e+05 4.399981276021633914e-01 1.583978152025489194e-01 7.184797451069639962e-01 1.189121529358215801e-01 4.210286754665453109e-03 0.000000000000000000e+00
1.125000000000000000e+05 4.499980850476670291e-01 1.672735548475193512e-01 7.106281292671825511e-01 1.192535275375512099e-01 2.844788347746927612e-03 0.000000000000000000e+00
1.150000000000000000e+05 4.599980424931704448e-01 2.006144742831133254e-01 6.116294947655894765e-01 1.850250341374601593e-01 2.730996813837050560e-03 0.000000000000000000e+00
1.175000000000000000e+05 4.699979999386745266e-01 1.510013654984069253e-01 6.895766954938552518e-01 1.580564406008193035e-01 1.365498406918525280e-03 0.000000000000000000e+00
1.200000000000000000e+05 4.799979573841783864e-01 1.463359126081019701e-01 6.920801092398725096e-01 1.590805644060081792e-01 2.503413746017296455e-03 0.000000000000000000e+00
1.225000000000000000e+05 4.899979148296818021e-01 1.478152025489303523e-01 6.919663177059627301e-01 1.582840236686390567e-01 1.934456076467910759e-03 0.000000000000000000e+00
1.250000000000000000e+05 4.999978722751854399e-01 1.482703686845698587e-01 6.923076923076922906e-01 1.574874829312699065e-01 1.934456076467910759e-03 0.000000000000000000e+00
1.275000000000000000e+05 5.099978297206892996e-01 1.768320436959490149e-01 6.484979517523896675e-01 1.708010923987255403e-01 3.868912152935821518e-03 0.000000000000000000e+00
1.300000000000000000e+05 5.199977871661931594e-01 1.710286754665452935e-01 6.873008648156576639e-01 1.390532544378698110e-01 2.617205279927173507e-03 0.000000000000000000e+00
1.325000000000000000e+05 5.299977446116965751e-01 1.613563950842057393e-01 7.322485207100591920e-01 1.017296313154301274e-01 4.665452890304961318e-03 0.000000000000000000e+00
1.350000000000000000e+05 5.399977020572002129e-01 1.280154756486117373e-01 7.787892580791988539e-01 9.103322712790168358e-02 2.162039144287664864e-03 0.000000000000000000e+00
1.375000000000000000e+05 5.499976595027040727e-01 1.281292671825216278e-01 7.771961766044606090e-01 9.182976786527081992e-02 2.844788347746927612e-03 0.000000000000000000e+00
1.400000000000000000e+05 5.599976169482079325e-01 1.275603095129722309e-01 7.785616750113791840e-01 9.126081019572143682e-02 2.617205279927173507e-03 0.000000000000000000e+00
1.425000000000000000e+05 5.699975743937115702e-01 1.273327264451524776e-01 7.782203004096495125e-01 9.171597633136094330e-02 2.730996813837050560e-03 0.000000000000000000e+00
1.450000000000000000e+05 5.799975318392149859e-01 1.257396449704142050e-01 7.808375056895766608e-01 9.114701866181156020e-02 2.275830678197541916e-03 0.000000000000000000e+00
1.475000000000000000e+05 5.899974892847188457e-01 1.307464724624488039e-01 7.770823850705507185e-01 9.080564406008193035e-02 1.365498406918525280e-03 0.000000000000000000e+00
1.500000000000000000e+05 5.999974467302227055e-01 1.643149749658625314e-01 7.602412380518889234e-01 7.396449704142012138e-02 1.479289940828402332e-03 0.000000000000000000e+00
1.525000000000000000e+05 6.099974041757263432e-01 1.667045971779699542e-01 7.571688666363222131e-01 7.510241238051888757e-02 1.024123805188893906e-03 0.000000000000000000e+00
1.550000000000000000e+05 6.199973616212299810e-01 1.653390987710514348e-01 7.591033227127901295e-01 7.430587164314975124e-02 1.251706873008648227e-03 0.000000000000000000e+00
1.575000000000000000e+05 6.299973190667338407e-01 1.652253072371415443e-01 7.576240327719617751e-01 7.567137005006827066e-02 1.479289940828402332e-03 0.000000000000000000e+00
1.600000000000000000e+05 6.399972765122377005e-01 1.956076467910787542e-01 7.031178880291306665e-01 1.001365498406918547e-01 1.137915339098770958e-03 0.000000000000000000e+00
1.625000000000000000e+05 6.499972339577411162e-01 1.726217569412835662e-01 7.248520710059171979e-01 1.022985889849795244e-01 2.275830678197542133e-04 0.000000000000000000e+00
1.650000000000000000e+05 6.599971914032447540e-01 1.695493855257168836e-01 7.279244424214837972e-01 1.021847974510696339e-01 3.413746017296313199e-04 0.000000000000000000e+00
1.675000000000000000e+05 6.699971488487486138e-01 1.720527992717341692e-01 7.273554847519344557e-01 9.990896677287210148e-02 6.827492034592626399e-04 0.000000000000000000e+00
1.700000000000000000e+05 6.799971062942524735e-01 1.706873008648156498e-01 7.294037323623122626e-01 9.934000910332271839e-02 5.689576695493854790e-04 0.000000000000000000e+00
1.725000000000000000e+05 6.899970637397561113e-01 1.906008192990441552e-01 7.050523441055985829e-01 1.017296313154301274e-01 2.617205279927173507e-03 0.000000000000000000e+00
1.750000000000000000e+05 6.999970211852595270e-01 1.620391442876649990e-01 8.004096495220756058e-01 3.755120619025944378e-02 0.000000000000000000e+00 0.000000000000000000e+00
1.775000000000000000e+05 7.099969786307633868e-01 1.620391442876649990e-01 7.999544833864360438e-01 3.777878925807919702e-02 2.275830678197542133e-04 0.000000000000000000e+00
1.800000000000000000e+05 7.199969360762672466e-01 1.616977696859353553e-01 8.015475648611742887e-01 3.675466545289030745e-02 0.000000000000000000e+00 0.000000000000000000e+00
1.825000000000000000e+05 7.299968935217708843e-01 1.621529358215748617e-01 8.000682749203459343e-01 3.755120619025944378e-02 2.275830678197542133e-04 0.000000000000000000e+00
1.850000000000000000e+05 7.399968509672745220e-01 1.620391442876649990e-01 8.007510241238051663e-01 3.709604005461993731e-02 1.137915339098771066e-04 0.000000000000000000e+00
1.875000000000000000e+05 7.499968084127783818e-01 1.624943104233045055e-01 7.997269003186162628e-01 3.777878925807919702e-02 0.000000000000000000e+00 0.000000000000000000e+00
1.900000000000000000e+05 7.599967658582822416e-01 1.646563495675921751e-01 7.967683204369594430e-01 3.812016385980882688e-02 4.551661356395084266e-04 0.000000000000000000e+00
1.925000000000000000e+05 7.699967233037856573e-01 2.177969959035047920e-01 6.087847064178425471e-01 1.721665908056440597e-01 1.251706873008648227e-03 0.000000000000000000e+00
1.950000000000000000e+05 7.799966807492892951e-01 2.218934911242603503e-01 5.913746017296312996e-01 1.849112426035502965e-01 1.820664542558033706e-03 0.000000000000000000e+00
1.975000000000000000e+05 7.899966381947931549e-01 2.263313609467455523e-01 5.857988165680473314e-01 1.853664087391898030e-01 2.503413746017296455e-03 0.000000000000000000e+00
2.000000000000000000e+05 7.999965956402970146e-01 2.137005006827492060e-01 6.669321802457897075e-01 1.166363222576240338e-01 2.730996813837050560e-03 0.000000000000000000e+00
2.025000000000000000e+05 8.099965530858006524e-01 2.041420118343195145e-01 6.681838871187983919e-01 1.266499772416932179e-01 1.024123805188893906e-03 0.000000000000000000e+00
2.050000000000000000e+05 8.199965105313040681e-01 1.958352298588985074e-01 6.705735093309057593e-01 1.317705962676376796e-01 1.820664542558033706e-03 0.000000000000000000e+00
2.075000000000000000e+05 8.299964679768079279e-01 1.986800182066454368e-01 6.654528903049613531e-01 1.346153846153846090e-01 1.251706873008648227e-03 0.000000000000000000e+00
2.100000000000000000e+05 8.399964254223117877e-01 2.159763313609467383e-01 5.925125170687300935e-01 1.904870277651342647e-01 1.024123805188893906e-03 0.000000000000000000e+00
2.125000000000000000e+05 8.499963828678154254e-01 2.100591715976331264e-01 5.875056895766954668e-01 2.006144742831133254e-01 1.820664542558033706e-03 0.000000000000000000e+00
2.150000000000000000e+05 8.599963403133190631e-01 2.141556668183887124e-01 6.124260355029585989e-01 1.721665908056440597e-01 1.251706873008648227e-03 0.000000000000000000e+00
2.175000000000000000e+05 8.699962977588229229e-01 2.125625853436504398e-01 6.176604460628128956e-01 1.681838871187983642e-01 1.593081474738279385e-03 0.000000000000000000e+00
2.200000000000000000e+05 8.799962552043267827e-01 2.123350022758306865e-01 6.137915339098770628e-01 1.720527992717341692e-01 1.820664542558033706e-03 0.000000000000000000e+00
2.225000000000000000e+05 8.899962126498301984e-01 2.300864815657714946e-01 5.677059626763768518e-01 2.002730996813837094e-01 1.934456076467910759e-03 0.000000000000000000e+00
2.250000000000000000e+05 8.999961700953338362e-01 2.232589895311788697e-01 5.830678197542102925e-01 1.916249431042330587e-01 2.048247610377787811e-03 0.000000000000000000e+00
2.275000000000000000e+05 9.099961275408376959e-01 2.345243513882567243e-01 5.754437869822485174e-01 1.880974055530268418e-01 1.934456076467910759e-03 0.000000000000000000e+00
2.300000000000000000e+05 9.199960849863415557e-01 2.323623122439690547e-01 6.046882111970869333e-01 1.604460628129267263e-01 2.503413746017296455e-03 0.000000000000000000e+00
2.325000000000000000e+05 9.299960424318451935e-01 2.420345926263086089e-01 5.615612198452435422e-01 1.937869822485207005e-01 2.617205279927173507e-03 0.000000000000000000e+00
2.350000000000000000e+05 9.399959998773486092e-01 2.389622212107419263e-01 5.639508420573509095e-01 1.951524806554392477e-01 1.934456076467910759e-03 0.000000000000000000e+00
2.375000000000000000e+05 9.499959573228524690e-01 2.388484296768320359e-01 6.299499317250796260e-01 1.288120163859808875e-01 2.389622212107419402e-03 0.000000000000000000e+00
2.400000000000000000e+05 9.599959147683563288e-01 2.300864815657714946e-01 6.457669549385525176e-01 1.232362312243969055e-01 9.103322712790168532e-04 0.000000000000000000e+00
2.425000000000000000e+05 9.699958722138599665e-01 2.297451069640418786e-01 6.433773327264451503e-01 1.255120619025944517e-01 1.365498406918525280e-03 0.000000000000000000e+00
2.450000000000000000e+05 9.799958296593636042e-01 2.365725989986345035e-01 6.511151570323168158e-01 1.108329540282202985e-01 1.479289940828402332e-03 0.000000000000000000e+00
2.475000000000000000e+05 9.899957871048674640e-01 2.299726900318616318e-01 6.326809285389166648e-01 1.341602184797451025e-01 3.186162949476558769e-03 0.000000000000000000e+00
2.500000000000000000e+05 9.999957445503713238e-01 2.323623122439690547e-01 5.440373236231224041e-01 2.217796995903504875e-01 1.820664542558033706e-03 0.000000000000000000e+00
