# itime ezz other fcc hcp bcc ico
0.000000000000000000e+00 0.000000000000000000e+00 0.000000000000000000e+00 1.000000000000000000e+00 0.000000000000000000e+00 0.000000000000000000e+00 0.000000000000000000e+00
2.500000000000000000e+03 9.999965920923559182e-03 0.000000000000000000e+00 1.000000000000000000e+00 0.000000000000000000e+00 0.000000000000000000e+00 0.000000000000000000e+00
5.000000000000000000e+03 1.999993184184711836e-02 0.000000000000000000e+00 1.000000000000000000e+00 0.000000000000000000e+00 0.000000000000000000e+00 0.000000000000000000e+00
7.500000000000000000e+03 2.999989776277089959e-02 0.000000000000000000e+00 1.000000000000000000e+00 0.000000000000000000e+00 0.000000000000000000e+00 0.000000000000000000e+00
1.000000000000000000e+04 3.999986368369445877e-02 0.000000000000000000e+00 1.000000000000000000e+00 0.000000000000000000e+00 0.000000000000000000e+00 0.000000000000000000e+00
1.250000000000000000e+04 4.999982960461801795e-02 0.000000000000000000e+00 1.000000000000000000e+00 0.000000000000000000e+00 0.000000000000000000e+00 0.000000000000000000e+00
1.500000000000000000e+04 5.999979552554157713e-02 0.000000000000000000e+00 1.000000000000000000e+00 0.000000000000000000e+00 0.000000000000000000e+00 0.000000000000000000e+00
1.750000000000000000e+04 6.999976144646513632e-02 4.551661356395084266e-04 9.995448338643604380e-01 0.000000000000000000e+00 0.000000000000000000e+00 0.000000000000000000e+00
2.000000000000000000e+04 7.999972736738891754e-02 1.137915339098771066e-04 9.998862084660901095e-01 0.000000000000000000e+00 0.000000000000000000e+00 0.000000000000000000e+00
2.250000000000000000e+04 8.999969328831247672e-02 1.479289940828402332e-03 9.984069185252617551e-01 0.000000000000000000e+00 1.137915339098771066e-04 0.000000000000000000e+00
2.500000000000000000e+04 9.999965920923603591e-02 2.162039144287664864e-03 9.977241693218024121e-01 0.000000000000000000e+00 1.137915339098771066e-04 0.000000000000000000e+00
2.750000000000000000e+04 1.099996251301595951e-01 2.617205279927173334e-02 9.658625398270368478e-01 0.000000000000000000e+00 7.965407373691398007e-03 0.000000000000000000e+00
3.000000000000000000e+04 1.199995910510831543e-01 8.204369594902138907e-02 7.532999544833864913e-01 1.638598088302230249e-01 7.965407373691396923e-04 0.000000000000000000e+00
3.250000000000000000e+04 1.299995569720067135e-01 8.170232134729175921e-02 7.525034137460172579e-01 1.642011834319526686e-01 1.593081474738279385e-03 0.000000000000000000e+00
3.500000000000000000e+04 1.399995228929304947e-01 8.227127901684114231e-02 7.529585798816568198e-01 1.638598088302230249e-01 9.103322712790168532e-04 0.000000000000000000e+00
3.750000000000000000e+04 1.499994888138540539e-01 7.669549385525717411e-02 7.925580336822940497e-01 1.286982248520709970e-01 2.048247610377787811e-03 0.000000000000000000e+00
4.000000000000000000e+04 1.599994547347776130e-01 7.134729176149294527e-02 8.092853891670459543e-01 1.182294037323623065e-01 1.137915339098770958e-03 0.000000000000000000e+00
4.250000000000000000e+04 1.699994206557011722e-01 7.498862084660901095e-02 8.053026854802002310e-01 1.182294037323623065e-01 1.479289940828402332e-03 0.000000000000000000e+00
4.500000000000000000e+04 1.799993865766247314e-01 8.079198907601274626e-02 7.853891670459717256e-01 1.313154301319981732e-01 2.503413746017296455e-03 0.000000000000000000e+00
4.750000000000000000e+04 1.899993524975485126e-01 9.478834774692762588e-02 8.470641784251251583e-01 5.598543468365953235e-02 2.162039144287664864e-03 0.000000000000000000e+00
5.000000000000000000e+04 1.999993184184720718e-01 9.148839326354119006e-02 8.516158397815202230e-01 5.393718707328174627e-02 2.958579881656804664e-03 0.000000000000000000e+00
5.250000000000000000e+04 2.099992843393956310e-01 9.069185252617205373e-02 8.579881656804734247e-01 4.938552571688666071e-02 1.934456076467910759e-03 0.000000000000000000e+00
5.500000000000000000e+04 2.199992502603191902e-01 9.239872553482020301e-02 8.627674101046881594e-01 4.380974055530268557e-02 1.024123805188893906e-03 0.000000000000000000e+00
5.750000000000000000e+04 2.299992161812427494e-01 9.228493400091032639e-02 8.668639053254437732e-01 4.005461993627674328e-02 7.965407373691396923e-04 0.000000000000000000e+00
6.000000000000000000e+04 2.399991821021665306e-01 1.067364588074647264e-01 8.033682294037323146e-01 8.659535730541648157e-02 3.299954483386436255e-03 0.000000000000000000e+00
6.250000000000000000e+04 2.499991480230900898e-01 9.854346836595356818e-02 8.405780609922621771e-01 5.769230769230769551e-02 3.186162949476558769e-03 0.000000000000000000e+00
6.500000000000000000e+04 2.599991139440136489e-01 1.195949021392808398e-01 7.212107419208011461e-01 1.574874829312699065e-01 1.706873008648156654e-03 0.000000000000000000e+00
6.750000000000000000e+04 2.699990798649372081e-01 1.223258989531178925e-01 8.502503413746017591e-01 2.309968138370505075e-02 4.324078288575329727e-03 0.000000000000000000e+00
7.000000000000000000e+04 2.799990457858607673e-01 8.306781975421029252e-02 9.032771961766045132e-01 1.149294492489758707e-02 2.162039144287664864e-03 0.000000000000000000e+00
7.250000000000000000e+04 2.899990117067845485e-01 8.090578060992262288e-02 9.070323167956304555e-01 9.330905780609922637e-03 2.730996813837050560e-03 0.000000000000000000e+00
7.500000000000000000e+04 2.999989776277081077e-01 8.215748748293126569e-02 9.053254437869822091e-01 1.012744651797906244e-02 2.389622212107419402e-03 0.000000000000000000e+00
7.750000000000000000e+04 3.099989435486316669e-01 8.045061447428311641e-02 9.027082385070550608e-01 1.285844333181611343e-02 3.982703686845699004e-03 0.000000000000000000e+00
8.000000000000000000e+04 3.199989094695552261e-01 8.295402822030041590e-02 9.011151570323168158e-01 1.172052799271734204e-02 4.210286754665453109e-03 0.000000000000000000e+00
8.250000000000000000e+04 3.299988753904787853e-01 8.431952662721893532e-02 8.951979972690031762e-01 1.786527082385070547e-02 2.617205279927173507e-03 0.000000000000000000e+00
8.500000000000000000e+04 3.399988413114023444e-01 8.648156577150660496e-02 8.912152935821574529e-01 1.866181156121984527e-02 3.641329085116067413e-03 0.000000000000000000e+00
8.750000000000000000e+04 3.499988072323261257e-01 9.069185252617205373e-02 8.845015930814746907e-01 2.014110150204824826e-02 4.665452890304961318e-03 0.000000000000000000e+00
9.000000000000000000e+04 3.599987731532496849e-01 9.979517523896222486e-02 8.596950386891215601e-01 3.174783796085571541e-02 8.761948111060537808e-03 0.000000000000000000e+00
9.250000000000000000e+04 3.699987390741732440e-01 1.111743286299499284e-01 7.803823395539372099e-01 1.009330905780609910e-01 7.510241238051888930e-03 0.000000000000000000e+00
9.500000000000000000e+04 3.799987049950968032e-01 1.176604460628129234e-01 7.324761037778789730e-01 1.431497496586253970e-01 6.713700500682749130e-03 0.000000000000000000e+00
9.750000000000000000e+04 3.899986709160203624e-01 1.148156577150659940e-01 7.053937187073281434e-01 1.761492944924897552e-01 3.641329085116067413e-03 0.000000000000000000e+00
1.000000000000000000e+05 3.999986368369441436e-01 1.158397815202548975e-01 7.009558488848429691e-01 1.795630405097860816e-01 3.641329085116067413e-03 0.000000000000000000e+00
1.025000000000000000e+05 4.099986027578677028e-01 1.154984069185252676e-01 6.997041420118342847e-01 1.814974965862539702e-01 3.299954483386436255e-03 0.000000000000000000e+00
1.050000000000000000e+05 4.199985686787912620e-01 1.189121529358215801e-01 6.950386891215293295e-01 1.826354119253527641e-01 3.413746017296313308e-03 0.000000000000000000e+00
1.075000000000000000e+05 4.299985345997148212e-01 1.284706417842512438e-01 6.894629039599453613e-01 1.772872098315885214e-01 4.779244424214838804e-03 0.000000000000000000e+00
1.100000000000000000e+05 4.399985005206383804e-01 1.480427856167501055e-01 6.185707783340919086e-01 2.264451524806554428e-01 6.941283568502503235e-03 0.000000000000000000e+00
1.125000000000000000e+05 4.499984664415621616e-01 1.629494765589440120e-01 6.046882111970869333e-01 2.231451979972690070e-01 9.217114246700046018e-03 0.000000000000000000e+00
1.150000000000000000e+05 4.599984323624857208e-01 1.573736913973600438e-01 6.126536185707783799e-01 2.215521165225307343e-01 8.420573509330906217e-03 0.000000000000000000e+00
1.175000000000000000e+05 4.699983982834092799e-01 1.576012744651797970e-01 6.166363222576239922e-01 2.203004096495220776e-01 5.461993627674101119e-03 0.000000000000000000e+00
1.200000000000000000e+05 4.799983642043328391e-01 1.595357305416477134e-01 6.082157487482930946e-01 2.257624032771961831e-01 6.486117432862995025e-03 0.000000000000000000e+00
1.225000000000000000e+05 4.899983301252563983e-01 1.667045971779699542e-01 6.045744196631770428e-01 2.231451979972690070e-01 5.575785161583977738e-03 0.000000000000000000e+00
1.250000000000000000e+05 4.999982960461801795e-01 1.733045061447428259e-01 5.963814292216659263e-01 2.249658625398270329e-01 5.348202093764223633e-03 0.000000000000000000e+00
1.275000000000000000e+05 5.099982619671037387e-01 1.826354119253527641e-01 6.125398270368684894e-01 1.995903504779244497e-01 5.234410559854347014e-03 0.000000000000000000e+00
1.300000000000000000e+05 5.199982278880272979e-01 1.759217114246700020e-01 6.593081474738279324e-01 1.590805644060081792e-01 5.689576695493855224e-03 0.000000000000000000e+00
1.325000000000000000e+05 5.299981938089508571e-01 1.751251706873008518e-01 6.565771506599908935e-01 1.612426035502958488e-01 7.055075102412380721e-03 0.000000000000000000e+00
1.350000000000000000e+05 5.399981597298744163e-01 1.778561675011379184e-01 6.837733272644515026e-01 1.323395539371870766e-01 6.030951297223486815e-03 0.000000000000000000e+00
1.375000000000000000e+05 5.499981256507981975e-01 1.180018206645425533e-01 8.142922166590805810e-01 6.167501137915339104e-02 6.030951297223486815e-03 0.000000000000000000e+00
1.400000000000000000e+05 5.599980915717217567e-01 1.081019572143832458e-01 8.701638598088302645e-01 1.979972690031861493e-02 1.934456076467910759e-03 0.000000000000000000e+00
1.425000000000000000e+05 5.699980574926453158e-01 1.074192080109239861e-01 8.711879836140191680e-01 1.809285389167045871e-02 3.299954483386436255e-03 0.000000000000000000e+00
1.450000000000000000e+05 5.799980234135688750e-01 1.088984979517523960e-01 8.635639508420573929e-01 2.309968138370505075e-02 4.437869822485207214e-03 0.000000000000000000e+00
1.475000000000000000e+05 5.899979893344924342e-01 1.114019116977696816e-01 8.538916704597178109e-01 3.345471096950387163e-02 1.251706873008648227e-03 0.000000000000000000e+00
1.500000000000000000e+05 5.999979552554159934e-01 1.088984979517523960e-01 8.558261265361857273e-01 3.504779244424215123e-02 2.275830678197542133e-04 0.000000000000000000e+00
1.525000000000000000e+05 6.099979211763397746e-01 1.077605826126536159e-01 8.583295402822029851e-01 3.368229403732362487e-02 2.275830678197542133e-04 0.000000000000000000e+00
1.550000000000000000e+05 6.199978870972633338e-01 1.090122894856622726e-01 8.579881656804734247e-01 3.299954483386435822e-02 0.000000000000000000e+00 0.000000000000000000e+00
1.575000000000000000e+05 6.299978530181868930e-01 1.118570778334091881e-01 8.599226217569412301e-01 2.810650887573964626e-02 1.137915339098771066e-04 0.000000000000000000e+00
1.600000000000000000e+05 6.399978189391104522e-01 1.136777423759672279e-01 8.598088302230314506e-01 2.605826126536185672e-02 4.551661356395084266e-04 0.000000000000000000e+00
1.625000000000000000e+05 6.499977848600340113e-01 1.140191169776968577e-01 8.636777423759672834e-01 2.218934911242603433e-02 1.137915339098771066e-04 0.000000000000000000e+00
1.650000000000000000e+05 6.599977507809577926e-01 1.145880746472462408e-01 8.629949931725079404e-01 2.218934911242603433e-02 2.275830678197542133e-04 0.000000000000000000e+00
1.675000000000000000e+05 6.699977167018813518e-01 1.154984069185252676e-01 8.625398270368684894e-01 2.184797451069640448e-02 1.137915339098771066e-04 0.000000000000000000e+00
1.700000000000000000e+05 6.799976826228049109e-01 1.153846153846153910e-01 8.623122439690487084e-01 2.162039144287665124e-02 6.827492034592626399e-04 0.000000000000000000e+00
1.725000000000000000e+05 6.899976485437284701e-01 1.185707783340919502e-01 8.611743286299499145e-01 1.934456076467910846e-02 9.103322712790168532e-04 0.000000000000000000e+00
1.750000000000000000e+05 6.999976144646520293e-01 1.471324533454710926e-01 8.006372325898952758e-01 4.893035958124715423e-02 3.299954483386436255e-03 0.000000000000000000e+00
1.775000000000000000e+05 7.099975803855758105e-01 1.189121529358215801e-01 8.672052799271734447e-01 1.308602639963586667e-02 7.965407373691396923e-04 0.000000000000000000e+00
1.800000000000000000e+05 7.199975463064993697e-01 1.184569868001820597e-01 8.695949021392808120e-01 1.137915339098771045e-02 5.689576695493854790e-04 0.000000000000000000e+00
1.825000000000000000e+05 7.299975122274229289e-01 1.173190714610832935e-01 8.676604460628128956e-01 1.411015020482476144e-02 9.103322712790168532e-04 0.000000000000000000e+00
1.850000000000000000e+05 7.399974781483464881e-01 1.178880291306326766e-01 8.643604915794265153e-01 1.649977241693217911e-02 1.251706873008648227e-03 0.000000000000000000e+00
1.875000000000000000e+05 7.499974440692700473e-01 1.421256258534364936e-01 7.210969503868912556e-01 1.321119708693673234e-01 4.665452890304961318e-03 0.000000000000000000e+00
1.900000000000000000e+05 7.599974099901938285e-01 1.484979517523896120e-01 7.164314974965863003e-01 1.283568502503413811e-01 6.713700500682749130e-03 0.000000000000000000e+00
1.925000000000000000e+05 7.699973759111173877e-01 1.137915339098771045e-01 8.791533909877105035e-01 6.486117432862995025e-03 5.689576695493854790e-04 0.000000000000000000e+00
1.950000000000000000e+05 7.799973418320409468e-01 1.135639508420573512e-01 8.813154301319982009e-01 4.551661356395083832e-03 5.689576695493854790e-04 0.000000000000000000e+00
1.975000000000000000e+05 7.899973077529645060e-01 1.119708693673190647e-01 8.843878015475649113e-01 3.413746017296313308e-03 2.275830678197542133e-04 0.000000000000000000e+00
2.000000000000000000e+05 7.999972736738880652e-01 1.094674556213017791e-01 8.866636322257623881e-01 3.755120619025944465e-03 1.137915339098771066e-04 0.000000000000000000e+00
2.025000000000000000e+05 8.099972395948116244e-01 1.100364132908511622e-01 8.860946745562130467e-01 3.868912152935821518e-03 0.000000000000000000e+00 0.000000000000000000e+00
2.050000000000000000e+05 8.199972055157354056e-01 1.095812471552116557e-01 8.860946745562130467e-01 4.210286754665453109e-03 1.137915339098771066e-04 0.000000000000000000e+00
2.075000000000000000e+05 8.299971714366589648e-01 1.100364132908511622e-01 8.855257168866635942e-01 4.210286754665453109e-03 2.275830678197542133e-04 0.000000000000000000e+00
2.100000000000000000e+05 8.399971373575825240e-01 1.127674101046882149e-01 8.783568502503413811e-01 7.851615839781519654e-03 1.024123805188893906e-03 0.000000000000000000e+00
2.125000000000000000e+05 8.499971032785060832e-01 1.367774237596722786e-01 6.302913063268092975e-01 2.220072826581702408e-01 1.092398725534820224e-02 0.000000000000000000e+00
2.150000000000000000e+05 8.599970691994296423e-01 1.420118343195266308e-01 6.175466545289030051e-01 2.299726900318616318e-01 1.046882111970869403e-02 0.000000000000000000e+00
2.175000000000000000e+05 8.699970351203534236e-01 1.449704142011834229e-01 5.991124260355029651e-01 2.451069640418752915e-01 1.081019572143832562e-02 0.000000000000000000e+00
2.200000000000000000e+05 8.799970010412769827e-01 1.470186618115612298e-01 5.842057350933090865e-01 2.576240327719617751e-01 1.115157032316795548e-02 0.000000000000000000e+00
2.225000000000000000e+05 8.899969669622005419e-01 1.446290395994538069e-01 5.769230769230768718e-01 2.719617660446062568e-01 6.486117432862995025e-03 0.000000000000000000e+00
2.250000000000000000e+05 8.999969328831241011e-01 1.411015020482476179e-01 7.090350477924441952e-01 1.483841602184797492e-01 1.479289940828402332e-03 0.000000000000000000e+00
2.275000000000000000e+05 9.099968988040476603e-01 1.418980427856167403e-01 7.043695949021392400e-01 1.517979062357760478e-01 1.934456076467910759e-03 0.000000000000000000e+00
2.300000000000000000e+05 9.199968647249714415e-01 1.416704597177969871e-01 6.945835229858898785e-01 1.609012289485662328e-01 2.844788347746927612e-03 0.000000000000000000e+00
2.325000000000000000e+05 9.299968306458950007e-01 1.422394173873463841e-01 6.191397360036413611e-01 2.283796085571233592e-01 1.024123805188893906e-02 0.000000000000000000e+00
2.350000000000000000e+05 9.399967965668185599e-01 1.417842512517068776e-01 5.803368229403732537e-01 2.727583067819754348e-01 5.120619025944469528e-03 0.000000000000000000e+00
2.375000000000000000e+05 9.499967624877421191e-01 1.396222121074192080e-01 5.796540737369140217e-01 2.767410104688211026e-01 3.982703686845699004e-03 0.000000000000000000e+00
2.400000000000000000e+05 9.599967284086656782e-01 1.397360036413290985e-01 5.738507055075102725e-01 2.848202093764223841e-01 1.593081474738279385e-03 0.000000000000000000e+00
2.425000000000000000e+05 9.699966943295894595e-01 1.389394629039599482e-01 5.777196176604461053e-01 2.806099226217569353e-01 2.730996813837050560e-03 0.000000000000000000e+00
2.450000000000000000e+05 9.799966602505130187e-01 1.412152935821574806e-01 5.770368684569867623e-01 2.801547564861174289e-01 1.593081474738279385e-03 0.000000000000000000e+00
2.475000000000000000e+05 9.899966261714365778e-01 1.422394173873463841e-01 5.769230769230768718e-01 2.790168411470186349e-01 1.820664542558033706e-03 0.000000000000000000e+00
2.500000000000000000e+05 9.999965920923601370e-01 1.446290395994538069e-01 5.724852071005916976e-01 2.804961310878470448e-01 2.389622212107419402e-03 0.000000000000000000e+00
