# itime ezz other fcc hcp bcc ico
0.000000000000000000e+00 0.000000000000000000e+00 0.000000000000000000e+00 1.000000000000000000e+00 0.000000000000000000e+00 0.000000000000000000e+00 0.000000000000000000e+00
5.000000000000000000e+02 1.999976740345577042e-03 0.000000000000000000e+00 1.000000000000000000e+00 0.000000000000000000e+00 0.000000000000000000e+00 0.000000000000000000e+00
1.000000000000000000e+03 3.999953480691376129e-03 0.000000000000000000e+00 1.000000000000000000e+00 0.000000000000000000e+00 0.000000000000000000e+00 0.000000000000000000e+00
1.500000000000000000e+03 5.999930221036953171e-03 0.000000000000000000e+00 1.000000000000000000e+00 0.000000000000000000e+00 0.000000000000000000e+00 0.000000000000000000e+00
2.000000000000000000e+03 7.999906961382752257e-03 0.000000000000000000e+00 1.000000000000000000e+00 0.000000000000000000e+00 0.000000000000000000e+00 0.000000000000000000e+00
2.500000000000000000e+03 9.999883701728329299e-03 0.000000000000000000e+00 1.000000000000000000e+00 0.000000000000000000e+00 0.000000000000000000e+00 0.000000000000000000e+00
3.000000000000000000e+03 1.199986044207412839e-02 0.000000000000000000e+00 1.000000000000000000e+00 0.000000000000000000e+00 0.000000000000000000e+00 0.000000000000000000e+00
3.500000000000000000e+03 1.399983718241970543e-02 0.000000000000000000e+00 1.000000000000000000e+00 0.000000000000000000e+00 0.000000000000000000e+00 0.000000000000000000e+00
4.000000000000000000e+03 1.599981392276550451e-02 0.000000000000000000e+00 1.000000000000000000e+00 0.000000000000000000e+00 0.000000000000000000e+00 0.000000000000000000e+00
4.500000000000000000e+03 1.799979066311108156e-02 0.000000000000000000e+00 1.000000000000000000e+00 0.000000000000000000e+00 0.000000000000000000e+00 0.000000000000000000e+00
5.000000000000000000e+03 1.999976740345688064e-02 0.000000000000000000e+00 1.000000000000000000e+00 0.000000000000000000e+00 0.000000000000000000e+00 0.000000000000000000e+00
5.500000000000000000e+03 2.199974414380245769e-02 0.000000000000000000e+00 1.000000000000000000e+00 0.000000000000000000e+00 0.000000000000000000e+00 0.000000000000000000e+00
6.000000000000000000e+03 2.399972088414803473e-02 0.000000000000000000e+00 1.000000000000000000e+00 0.000000000000000000e+00 0.000000000000000000e+00 0.000000000000000000e+00
6.500000000000000000e+03 2.599969762449383381e-02 0.000000000000000000e+00 1.000000000000000000e+00 0.000000000000000000e+00 0.000000000000000000e+00 0.000000000000000000e+00
7.000000000000000000e+03 2.799967436483941086e-02 0.000000000000000000e+00 1.000000000000000000e+00 0.000000000000000000e+00 0.000000000000000000e+00 0.000000000000000000e+00
7.500000000000000000e+03 2.999965110518520994e-02 0.000000000000000000e+00 1.000000000000000000e+00 0.000000000000000000e+00 0.000000000000000000e+00 0.000000000000000000e+00
8.000000000000000000e+03 3.199962784553078698e-02 0.000000000000000000e+00 1.000000000000000000e+00 0.000000000000000000e+00 0.000000000000000000e+00 0.000000000000000000e+00
8.500000000000000000e+03 3.399960458587658607e-02 0.000000000000000000e+00 1.000000000000000000e+00 0.000000000000000000e+00 0.000000000000000000e+00 0.000000000000000000e+00
9.000000000000000000e+03 3.599958132622216311e-02 0.000000000000000000e+00 1.000000000000000000e+00 0.000000000000000000e+00 0.000000000000000000e+00 0.000000000000000000e+00
9.500000000000000000e+03 3.799955806656796220e-02 0.000000000000000000e+00 1.000000000000000000e+00 0.000000000000000000e+00 0.000000000000000000e+00 0.000000000000000000e+00
1.000000000000000000e+04 3.999953480691353924e-02 0.000000000000000000e+00 1.000000000000000000e+00 0.000000000000000000e+00 0.000000000000000000e+00 0.000000000000000000e+00
1.050000000000000000e+04 4.199951154725911628e-02 0.000000000000000000e+00 1.000000000000000000e+00 0.000000000000000000e+00 0.000000000000000000e+00 0.000000000000000000e+00
1.100000000000000000e+04 4.399948828760491537e-02 0.000000000000000000e+00 1.000000000000000000e+00 0.000000000000000000e+00 0.000000000000000000e+00 0.000000000000000000e+00
1.150000000000000000e+04 4.599946502795049241e-02 0.000000000000000000e+00 1.000000000000000000e+00 0.000000000000000000e+00 0.000000000000000000e+00 0.000000000000000000e+00
1.200000000000000000e+04 4.799944176829629150e-02 0.000000000000000000e+00 1.000000000000000000e+00 0.000000000000000000e+00 0.000000000000000000e+00 0.000000000000000000e+00
1.250000000000000000e+04 4.999941850864186854e-02 0.000000000000000000e+00 1.000000000000000000e+00 0.000000000000000000e+00 0.000000000000000000e+00 0.000000000000000000e+00
1.300000000000000000e+04 5.199939524898766763e-02 0.000000000000000000e+00 1.000000000000000000e+00 0.000000000000000000e+00 0.000000000000000000e+00 0.000000000000000000e+00
1.350000000000000000e+04 5.399937198933324467e-02 0.000000000000000000e+00 1.000000000000000000e+00 0.000000000000000000e+00 0.000000000000000000e+00 0.000000000000000000e+00
1.400000000000000000e+04 5.599934872967904376e-02 0.000000000000000000e+00 1.000000000000000000e+00 0.000000000000000000e+00 0.000000000000000000e+00 0.000000000000000000e+00
1.450000000000000000e+04 5.799932547002462080e-02 3.413746017296313199e-04 9.996586253982703285e-01 0.000000000000000000e+00 0.000000000000000000e+00 0.000000000000000000e+00
1.500000000000000000e+04 5.999930221037041989e-02 0.000000000000000000e+00 1.000000000000000000e+00 0.000000000000000000e+00 0.000000000000000000e+00 0.000000000000000000e+00
1.550000000000000000e+04 6.199927895071599693e-02 0.000000000000000000e+00 1.000000000000000000e+00 0.000000000000000000e+00 0.000000000000000000e+00 0.000000000000000000e+00
1.600000000000000000e+04 6.399925569106157397e-02 0.000000000000000000e+00 1.000000000000000000e+00 0.000000000000000000e+00 0.000000000000000000e+00 0.000000000000000000e+00
1.650000000000000000e+04 6.599923243140737306e-02 0.000000000000000000e+00 1.000000000000000000e+00 0.000000000000000000e+00 0.000000000000000000e+00 0.000000000000000000e+00
1.700000000000000000e+04 6.799920917175295010e-02 0.000000000000000000e+00 1.000000000000000000e+00 0.000000000000000000e+00 0.000000000000000000e+00 0.000000000000000000e+00
1.750000000000000000e+04 6.999918591209874918e-02 3.413746017296313199e-04 9.996586253982703285e-01 0.000000000000000000e+00 0.000000000000000000e+00 0.000000000000000000e+00
1.800000000000000000e+04 7.199916265244432623e-02 0.000000000000000000e+00 1.000000000000000000e+00 0.000000000000000000e+00 0.000000000000000000e+00 0.000000000000000000e+00
1.850000000000000000e+04 7.399913939279012531e-02 0.000000000000000000e+00 1.000000000000000000e+00 0.000000000000000000e+00 0.000000000000000000e+00 0.000000000000000000e+00
1.900000000000000000e+04 7.599911613313570236e-02 0.000000000000000000e+00 1.000000000000000000e+00 0.000000000000000000e+00 0.000000000000000000e+00 0.000000000000000000e+00
1.950000000000000000e+04 7.799909287348150144e-02 3.413746017296313199e-04 9.995448338643604380e-01 0.000000000000000000e+00 1.137915339098771066e-04 0.000000000000000000e+00
2.000000000000000000e+04 7.999906961382707848e-02 7.965407373691396923e-04 9.992034592626308775e-01 0.000000000000000000e+00 0.000000000000000000e+00 0.000000000000000000e+00
2.050000000000000000e+04 8.199904635417265553e-02 7.965407373691396923e-04 9.992034592626308775e-01 0.000000000000000000e+00 0.000000000000000000e+00 0.000000000000000000e+00
2.100000000000000000e+04 8.399902309451845461e-02 1.137915339098771066e-04 9.998862084660901095e-01 0.000000000000000000e+00 0.000000000000000000e+00 0.000000000000000000e+00
2.150000000000000000e+04 8.599899983486403166e-02 0.000000000000000000e+00 1.000000000000000000e+00 0.000000000000000000e+00 0.000000000000000000e+00 0.000000000000000000e+00
2.200000000000000000e+04 8.799897657520983074e-02 1.137915339098770958e-03 9.988620846609012061e-01 0.000000000000000000e+00 0.000000000000000000e+00 0.000000000000000000e+00
2.250000000000000000e+04 8.999895331555540778e-02 9.103322712790168532e-04 9.990896677287209870e-01 0.000000000000000000e+00 0.000000000000000000e+00 0.000000000000000000e+00
2.300000000000000000e+04 9.199893005590120687e-02 7.965407373691396923e-04 9.992034592626308775e-01 0.000000000000000000e+00 0.000000000000000000e+00 0.000000000000000000e+00
2.350000000000000000e+04 9.399890679624678391e-02 2.617205279927173507e-03 9.972690031861629611e-01 0.000000000000000000e+00 1.137915339098771066e-04 0.000000000000000000e+00
2.400000000000000000e+04 9.599888353659258300e-02 5.689576695493854790e-04 9.994310423304506585e-01 0.000000000000000000e+00 0.000000000000000000e+00 0.000000000000000000e+00
2.450000000000000000e+04 9.799886027693816004e-02 2.958579881656804664e-03 9.968138370505233992e-01 0.000000000000000000e+00 2.275830678197542133e-04 0.000000000000000000e+00
2.500000000000000000e+04 9.999883701728395913e-02 2.958579881656804664e-03 9.969276285844332897e-01 0.000000000000000000e+00 1.137915339098771066e-04 0.000000000000000000e+00
2.550000000000000000e+04 1.019988137576295362e-01 1.706873008648156654e-03 9.979517523896221931e-01 0.000000000000000000e+00 3.413746017296313199e-04 0.000000000000000000e+00
2.600000000000000000e+04 1.039987904979751132e-01 6.372325898953117539e-03 9.930587164314974569e-01 0.000000000000000000e+00 5.689576695493854790e-04 0.000000000000000000e+00
2.650000000000000000e+04 1.059987672383209123e-01 1.012744651797906244e-02 9.893035958124715146e-01 0.000000000000000000e+00 5.689576695493854790e-04 0.000000000000000000e+00
2.700000000000000000e+04 1.079987439786664893e-01 1.331360946745562164e-02 9.855484751934455723e-01 0.000000000000000000e+00 1.137915339098770958e-03 0.000000000000000000e+00
2.750000000000000000e+04 1.099987207190122884e-01 1.202776513427400995e-01 6.065088757396449592e-01 0.000000000000000000e+00 2.732134729176149412e-01 0.000000000000000000e+00
2.800000000000000000e+04 1.119986974593578655e-01 2.300864815657714946e-01 4.307009558488848477e-01 2.843650432407828776e-01 5.484751934456076616e-02 0.000000000000000000e+00
2.850000000000000000e+04 1.139986741997036646e-01 2.340691852526172179e-01 4.451524806554392200e-01 2.837960855712334807e-01 3.698224852071006069e-02 0.000000000000000000e+00
2.900000000000000000e+04 1.159986509400492416e-01 9.467455621301774926e-02 7.195038689121528996e-01 1.784251251706872876e-01 7.396449704142011444e-03 0.000000000000000000e+00
2.950000000000000000e+04 1.179986276803950407e-01 5.541647701411014926e-02 7.664997724169322346e-01 1.755803368229403860e-01 2.503413746017296455e-03 0.000000000000000000e+00
3.000000000000000000e+04 1.199986044207406177e-01 5.598543468365953235e-02 7.666135639508420141e-01 1.744424214838415921e-01 2.958579881656804664e-03 0.000000000000000000e+00
3.050000000000000000e+04 1.219985811610861948e-01 5.644060081929904577e-02 7.662721893491124536e-01 1.743286299499317293e-01 2.958579881656804664e-03 0.000000000000000000e+00
3.100000000000000000e+04 1.239985579014319939e-01 5.769230769230769551e-02 7.653618570778334407e-01 1.742148384160218388e-01 2.730996813837050560e-03 0.000000000000000000e+00
3.150000000000000000e+04 1.259985346417775709e-01 5.712335002275830548e-02 7.657032316795630011e-01 1.737596722803823324e-01 3.413746017296313308e-03 0.000000000000000000e+00
3.200000000000000000e+04 1.279985113821233700e-01 5.530268548020027264e-02 7.662721893491124536e-01 1.733045061447428259e-01 5.120619025944469528e-03 0.000000000000000000e+00
3.250000000000000000e+04 1.299984881224689470e-01 5.587164314974965573e-02 7.657032316795630011e-01 1.746700045516613453e-01 3.755120619025944465e-03 0.000000000000000000e+00
3.300000000000000000e+04 1.319984648628147461e-01 5.894401456531633832e-02 7.652480655439235502e-01 1.728493400091033194e-01 2.958579881656804664e-03 0.000000000000000000e+00
3.350000000000000000e+04 1.339984416031603232e-01 5.985434683659535821e-02 7.636549840691853053e-01 1.725079654073737034e-01 3.982703686845699004e-03 0.000000000000000000e+00
3.400000000000000000e+04 1.359984183435061222e-01 5.905780609922621494e-02 7.641101502048247562e-01 1.725079654073737034e-01 4.324078288575329727e-03 0.000000000000000000e+00
3.450000000000000000e+04 1.379983950838516993e-01 5.712335002275830548e-02 7.652480655439235502e-01 1.730769230769230727e-01 4.551661356395083832e-03 0.000000000000000000e+00
3.500000000000000000e+04 1.399983718241974984e-01 5.871643149749658508e-02 7.639963586709148657e-01 1.731907146108329631e-01 4.096495220755575623e-03 0.000000000000000000e+00
3.550000000000000000e+04 1.419983485645430754e-01 5.939918070095585173e-02 7.643377332726445372e-01 1.727355484751934567e-01 3.527537551206190360e-03 0.000000000000000000e+00
3.600000000000000000e+04 1.439983253048886525e-01 6.121984524351388457e-02 7.629722348657259623e-01 1.717114246700045532e-01 4.096495220755575623e-03 0.000000000000000000e+00
3.650000000000000000e+04 1.459983020452344515e-01 6.099226217569413133e-02 7.627446517979061813e-01 1.721665908056440597e-01 4.096495220755575623e-03 0.000000000000000000e+00
3.700000000000000000e+04 1.479982787855800286e-01 6.121984524351388457e-02 7.626308602639964018e-01 1.717114246700045532e-01 4.437869822485207214e-03 0.000000000000000000e+00
3.750000000000000000e+04 1.499982555259258277e-01 5.939918070095585173e-02 7.631998179335457433e-01 1.736458807464724696e-01 3.755120619025944465e-03 0.000000000000000000e+00
3.800000000000000000e+04 1.519982322662714047e-01 6.110605370960400795e-02 7.618343195266271684e-01 1.721665908056440597e-01 4.893035958124715423e-03 0.000000000000000000e+00
3.850000000000000000e+04 1.539982090066172038e-01 6.372325898953118406e-02 7.608101957214383759e-01 1.712562585343650468e-01 4.210286754665453109e-03 0.000000000000000000e+00
3.900000000000000000e+04 1.559981857469627808e-01 6.554392353208920996e-02 7.581929904415111166e-01 1.711424670004551563e-01 5.120619025944469528e-03 0.000000000000000000e+00
3.950000000000000000e+04 1.579981624873085799e-01 7.077833409194356218e-02 7.527309968138370389e-01 1.719390077378243065e-01 4.551661356395083832e-03 0.000000000000000000e+00
4.000000000000000000e+04 1.599981392276541570e-01 1.093536640873919025e-01 6.909421939007738267e-01 1.958352298588985074e-01 3.868912152935821518e-03 0.000000000000000000e+00
4.050000000000000000e+04 1.619981159679997340e-01 8.079198907601274626e-02 7.510241238051889034e-01 1.649977241693217911e-01 3.186162949476558769e-03 0.000000000000000000e+00
4.100000000000000000e+04 1.639980927083455331e-01 7.316795630405098505e-02 7.535275375512061613e-01 1.711424670004551563e-01 2.162039144287664864e-03 0.000000000000000000e+00
4.150000000000000000e+04 1.659980694486911101e-01 6.827492034592626269e-02 7.572826581702321036e-01 1.727355484751934567e-01 1.706873008648156654e-03 0.000000000000000000e+00
4.200000000000000000e+04 1.679980461890369092e-01 7.020937642239417908e-02 7.568274920345926526e-01 1.705735093309057870e-01 2.389622212107419402e-03 0.000000000000000000e+00
4.250000000000000000e+04 1.699980229293824863e-01 6.884387801547564578e-02 7.576240327719617751e-01 1.719390077378243065e-01 1.593081474738279385e-03 0.000000000000000000e+00
4.300000000000000000e+04 1.719979996697282854e-01 6.770596267637687959e-02 7.573964497041419941e-01 1.729631315430132099e-01 1.934456076467910759e-03 0.000000000000000000e+00
4.350000000000000000e+04 1.739979764100738624e-01 7.009558488848430247e-02 7.564861174328629811e-01 1.705735093309057870e-01 2.844788347746927612e-03 0.000000000000000000e+00
4.400000000000000000e+04 1.759979531504196615e-01 7.157487482931269851e-02 7.564861174328629811e-01 1.704597177969958965e-01 1.479289940828402332e-03 0.000000000000000000e+00
4.450000000000000000e+04 1.779979298907652385e-01 7.146108329540282189e-02 7.555757851615839682e-01 1.711424670004551563e-01 1.820664542558033706e-03 0.000000000000000000e+00
4.500000000000000000e+04 1.799979066311110376e-01 7.203004096495220498e-02 7.554619936276740777e-01 1.712562585343650468e-01 1.251706873008648227e-03 0.000000000000000000e+00
4.550000000000000000e+04 1.819978833714566147e-01 7.259899863450158808e-02 7.548930359581247362e-01 1.696631770596267741e-01 2.844788347746927612e-03 0.000000000000000000e+00
4.600000000000000000e+04 1.839978601118021917e-01 7.180245789713245175e-02 7.550068274920346267e-01 1.700045516613563901e-01 3.186162949476558769e-03 0.000000000000000000e+00
4.650000000000000000e+04 1.859978368521479908e-01 7.237141556668183484e-02 7.547792444242148457e-01 1.701183431952662806e-01 2.730996813837050560e-03 0.000000000000000000e+00
4.700000000000000000e+04 1.879978135924935678e-01 7.180245789713245175e-02 7.545516613563950648e-01 1.709148839326354030e-01 2.730996813837050560e-03 0.000000000000000000e+00
4.750000000000000000e+04 1.899977903328393669e-01 7.430587164314975124e-02 7.532999544833864913e-01 1.697769685935366368e-01 2.617205279927173507e-03 0.000000000000000000e+00
4.800000000000000000e+04 1.919977670731849440e-01 7.498862084660901095e-02 7.523896222121073674e-01 1.700045516613563901e-01 2.617205279927173507e-03 0.000000000000000000e+00
4.850000000000000000e+04 1.939977438135307430e-01 7.544378698224851743e-02 7.523896222121073674e-01 1.704597177969958965e-01 1.706873008648156654e-03 0.000000000000000000e+00
4.900000000000000000e+04 1.959977205538763201e-01 7.737824305871643382e-02 7.511379153390987939e-01 1.700045516613563901e-01 1.479289940828402332e-03 0.000000000000000000e+00
4.950000000000000000e+04 1.979976972942221192e-01 7.612653618570777714e-02 7.527309968138370389e-01 1.701183431952662806e-01 1.024123805188893906e-03 0.000000000000000000e+00
5.000000000000000000e+04 1.999976740345676962e-01 7.680928538916705073e-02 7.521620391442876974e-01 1.701183431952662806e-01 9.103322712790168532e-04 0.000000000000000000e+00
5.050000000000000000e+04 2.019976507749132733e-01 7.771961766044606368e-02 7.507965407373691225e-01 1.701183431952662806e-01 1.365498406918525280e-03 0.000000000000000000e+00
5.100000000000000000e+04 2.039976275152590723e-01 7.624032771961765376e-02 7.514792899408283544e-01 1.710286754665452935e-01 1.251706873008648227e-03 0.000000000000000000e+00
5.150000000000000000e+04 2.059976042556046494e-01 7.635411925352754425e-02 7.506827492034592320e-01 1.717114246700045532e-01 1.251706873008648227e-03 0.000000000000000000e+00
5.200000000000000000e+04 2.079975809959504485e-01 7.646791078743742087e-02 7.515930814747382449e-01 1.705735093309057870e-01 1.365498406918525280e-03 0.000000000000000000e+00
5.250000000000000000e+04 2.099975577362960255e-01 7.646791078743742087e-02 7.501137915339098905e-01 1.708010923987255403e-01 2.617205279927173507e-03 0.000000000000000000e+00
5.300000000000000000e+04 2.119975344766418246e-01 8.386436049157942885e-02 7.314519799726900695e-01 1.821802457897132577e-01 2.503413746017296455e-03 0.000000000000000000e+00
5.350000000000000000e+04 2.139975112169874016e-01 8.306781975421029252e-02 7.066454255803368278e-01 2.090350477924442507e-01 1.251706873008648227e-03 0.000000000000000000e+00
5.400000000000000000e+04 2.159974879573332007e-01 9.660901228948566566e-02 6.792216659080564378e-01 2.213245334547109811e-01 2.844788347746927612e-03 0.000000000000000000e+00
5.450000000000000000e+04 2.179974646976787778e-01 9.831588529813381494e-02 6.787664997724169869e-01 2.213245334547109811e-01 1.593081474738279385e-03 0.000000000000000000e+00
5.500000000000000000e+04 2.199974414380245769e-01 1.013882567137004975e-01 6.735320892125625791e-01 2.231451979972690070e-01 1.934456076467910759e-03 0.000000000000000000e+00
5.550000000000000000e+04 2.219974181783701539e-01 1.170914883932635403e-01 6.467910787437414211e-01 2.329312699135184239e-01 3.186162949476558769e-03 0.000000000000000000e+00
5.600000000000000000e+04 2.239973949187157309e-01 1.514565316340464318e-01 5.898953117888029452e-01 2.532999544833864358e-01 5.348202093764223633e-03 0.000000000000000000e+00
5.650000000000000000e+04 2.259973716590615300e-01 1.116294947655894348e-01 6.604460628129267263e-01 2.193900773782430647e-01 8.534365043240782836e-03 0.000000000000000000e+00
5.700000000000000000e+04 2.279973483994071071e-01 1.026399635867091542e-01 6.907146108329540457e-01 2.031178880291306388e-01 3.527537551206190360e-03 0.000000000000000000e+00
5.750000000000000000e+04 2.299973251397529062e-01 9.956759217114247162e-02 6.873008648156576639e-01 2.077833409194355940e-01 5.348202093764223633e-03 0.000000000000000000e+00
5.800000000000000000e+04 2.319973018800984832e-01 9.854346836595356818e-02 6.894629039599453613e-01 2.073281747837960876e-01 4.665452890304961318e-03 0.000000000000000000e+00
5.850000000000000000e+04 2.339972786204442823e-01 9.979517523896222486e-02 6.908284023668639362e-01 2.042558033682294050e-01 5.120619025944469528e-03 0.000000000000000000e+00
5.900000000000000000e+04 2.359972553607898593e-01 1.040054619936276736e-01 6.851388256713700775e-01 2.069868001820664438e-01 3.868912152935821518e-03 0.000000000000000000e+00
5.950000000000000000e+04 2.379972321011356584e-01 1.021847974510696339e-01 6.828629949931724896e-01 2.098315885298133732e-01 5.120619025944469528e-03 0.000000000000000000e+00
6.000000000000000000e+04 2.399972088414812355e-01 1.033227127901684139e-01 6.800182066454255603e-01 2.130177514792899462e-01 3.641329085116067413e-03 0.000000000000000000e+00
6.050000000000000000e+04 2.419971855818268125e-01 1.044606281292671801e-01 6.705735093309057593e-01 2.213245334547109811e-01 3.641329085116067413e-03 0.000000000000000000e+00
6.100000000000000000e+04 2.439971623221726116e-01 1.087847064178425194e-01 6.470186618115612021e-01 2.412380518889394587e-01 2.958579881656804664e-03 0.000000000000000000e+00
6.150000000000000000e+04 2.459971390625181886e-01 1.074192080109239861e-01 6.497496586253982409e-01 2.394173873463814328e-01 3.413746017296313308e-03 0.000000000000000000e+00
6.200000000000000000e+04 2.479971158028639877e-01 1.136777423759672279e-01 6.264223941738734647e-01 2.563723258989530907e-01 3.527537551206190360e-03 0.000000000000000000e+00
6.250000000000000000e+04 2.499970925432095648e-01 1.199362767410104696e-01 6.002503413746017591e-01 2.740100136549840637e-01 5.803368229403732710e-03 0.000000000000000000e+00
6.300000000000000000e+04 2.519970692835553638e-01 1.220983158852981393e-01 5.918297678652708615e-01 2.801547564861174289e-01 5.917159763313609329e-03 0.000000000000000000e+00
6.350000000000000000e+04 2.539970460239009409e-01 1.276741010468821214e-01 5.801092398725534727e-01 2.833409194355939742e-01 8.875739644970414427e-03 0.000000000000000000e+00
6.400000000000000000e+04 2.559970227642467400e-01 1.297223486572599005e-01 5.819299044151114986e-01 2.808375056895767163e-01 7.510241238051888930e-03 0.000000000000000000e+00
6.450000000000000000e+04 2.579969995045923170e-01 1.310878470641784199e-01 5.674783796085570708e-01 2.915339098771051463e-01 9.899863450159307465e-03 0.000000000000000000e+00
6.500000000000000000e+04 2.599969762449381161e-01 1.426945835229858905e-01 5.202548930359581769e-01 3.264679107874374209e-01 1.058261265361857065e-02 0.000000000000000000e+00
6.550000000000000000e+04 2.619969529852836931e-01 1.471324533454710926e-01 5.329995448338643582e-01 3.107646791078743642e-01 9.103322712790167665e-03 0.000000000000000000e+00
6.600000000000000000e+04 2.639969297256292702e-01 1.549840691852526209e-01 5.236686390532544477e-01 3.091715976331361193e-01 1.217569412835685025e-02 0.000000000000000000e+00
6.650000000000000000e+04 2.659969064659750693e-01 1.725079654073737034e-01 4.961310878470641672e-01 3.185025034137460298e-01 1.285844333181611343e-02 0.000000000000000000e+00
6.700000000000000000e+04 2.679968832063206463e-01 1.761492944924897552e-01 4.854346836595357373e-01 3.277196176604460498e-01 1.069640418752844727e-02 0.000000000000000000e+00
6.750000000000000000e+04 2.699968599466664454e-01 1.739872553482020856e-01 4.640418752844788219e-01 3.512744651797906070e-01 1.069640418752844727e-02 0.000000000000000000e+00
6.800000000000000000e+04 2.719968366870120224e-01 1.665908056440600915e-01 4.615384615384615641e-01 3.644742831133363503e-01 7.396449704142011444e-03 0.000000000000000000e+00
6.850000000000000000e+04 2.739968134273578215e-01 1.651115157032316816e-01 4.578971324533454568e-01 3.693673190714610866e-01 7.624032771961766417e-03 0.000000000000000000e+00
6.900000000000000000e+04 2.759967901677033986e-01 1.711424670004551563e-01 4.413973600364132777e-01 3.823395539371870488e-01 5.120619025944469528e-03 0.000000000000000000e+00
6.950000000000000000e+04 2.779967669080491977e-01 1.744424214838415921e-01 4.334319526627218866e-01 3.867774237596722786e-01 5.348202093764223633e-03 0.000000000000000000e+00
7.000000000000000000e+04 2.799967436483947747e-01 1.742148384160218388e-01 4.336595357305416676e-01 3.888256713700500855e-01 3.299954483386436255e-03 0.000000000000000000e+00
7.050000000000000000e+04 2.819967203887405738e-01 1.729631315430132099e-01 4.312699135184342447e-01 3.906463359126081114e-01 5.120619025944469528e-03 0.000000000000000000e+00
7.100000000000000000e+04 2.839966971290861508e-01 1.758079198907601393e-01 4.313837050523440797e-01 3.899635867091488239e-01 2.844788347746927612e-03 0.000000000000000000e+00
7.150000000000000000e+04 2.859966738694317279e-01 1.816112881201638607e-01 4.210286754665452658e-01 3.934911242603550408e-01 3.868912152935821518e-03 0.000000000000000000e+00
7.200000000000000000e+04 2.879966506097775270e-01 1.813837050523441075e-01 4.193218024578971304e-01 3.951979972690031762e-01 4.096495220755575623e-03 0.000000000000000000e+00
7.250000000000000000e+04 2.899966273501231040e-01 1.837733272644515303e-01 4.160218479745106945e-01 3.942876649977241632e-01 5.917159763313609329e-03 0.000000000000000000e+00
7.300000000000000000e+04 2.919966040904689031e-01 1.829767865270823801e-01 4.154528903049612976e-01 3.961083295402821891e-01 5.461993627674101119e-03 0.000000000000000000e+00
7.350000000000000000e+04 2.939965808308144801e-01 1.874146563495675821e-01 4.128356850250341492e-01 3.947428311333636697e-01 5.006827492034592909e-03 0.000000000000000000e+00
7.400000000000000000e+04 2.959965575711602792e-01 1.875284478834774726e-01 4.130632680928538747e-01 3.947428311333636697e-01 4.665452890304961318e-03 0.000000000000000000e+00
7.450000000000000000e+04 2.979965343115058563e-01 1.863905325443787064e-01 4.127218934911242587e-01 3.956531634046426826e-01 5.234410559854347014e-03 0.000000000000000000e+00
7.500000000000000000e+04 2.999965110518516553e-01 1.911697769685935244e-01 4.081702321347291940e-01 3.932635411925352598e-01 7.396449704142011444e-03 0.000000000000000000e+00
7.550000000000000000e+04 3.019964877921972324e-01 1.900318616294947582e-01 4.062357760582612776e-01 3.948566226672735602e-01 8.875739644970414427e-03 0.000000000000000000e+00
7.600000000000000000e+04 3.039964645325428094e-01 1.884387801547564856e-01 4.102184797451069453e-01 3.941738734638142727e-01 7.168866636322257339e-03 0.000000000000000000e+00
7.650000000000000000e+04 3.059964412728886085e-01 1.935593991807009473e-01 4.053254437869822646e-01 3.928083750568957533e-01 8.306781975421027864e-03 0.000000000000000000e+00
7.700000000000000000e+04 3.079964180132341856e-01 1.934456076467910846e-01 4.072598998634501810e-01 3.915566681838871244e-01 7.737824305871643035e-03 0.000000000000000000e+00
7.750000000000000000e+04 3.099963947535799846e-01 1.978834774692762866e-01 4.043013199817933612e-01 3.898497951752389890e-01 7.965407373691398007e-03 0.000000000000000000e+00
7.800000000000000000e+04 3.119963714939255617e-01 1.976558944014565333e-01 4.028220300409649512e-01 3.903049613108784954e-01 9.217114246700046018e-03 0.000000000000000000e+00
7.850000000000000000e+04 3.139963482342713608e-01 2.233727810650887602e-01 3.921256258534365213e-01 3.687983614019116896e-01 1.570323167956303931e-02 0.000000000000000000e+00
7.900000000000000000e+04 3.159963249746169378e-01 2.218934911242603503e-01 3.722121074192080159e-01 3.922394173873463563e-01 1.365498406918525323e-02 0.000000000000000000e+00
7.950000000000000000e+04 3.179963017149627369e-01 2.215521165225307343e-01 3.940600819299044377e-01 3.774465179790623681e-01 6.941283568502503235e-03 0.000000000000000000e+00
8.000000000000000000e+04 3.199962784553083139e-01 2.218934911242603503e-01 3.855257168866636497e-01 3.802913063268092975e-01 1.228948566226672687e-02 0.000000000000000000e+00
8.050000000000000000e+04 3.219962551956541130e-01 2.236003641329085134e-01 3.788120163859808875e-01 3.864360491579426626e-01 1.115157032316795548e-02 0.000000000000000000e+00
8.100000000000000000e+04 3.239962319359996901e-01 2.348657259899863403e-01 3.782430587164314906e-01 3.668639053254437732e-01 2.002730996813837164e-02 0.000000000000000000e+00
8.150000000000000000e+04 3.259962086763452671e-01 1.882111970869367323e-01 4.780382339553937432e-01 3.205507510241237812e-01 1.319981793354574502e-02 0.000000000000000000e+00
8.200000000000000000e+04 3.279961854166910662e-01 1.715976331360946627e-01 4.899863450159308020e-01 3.320436959490213891e-01 6.372325898953117539e-03 0.000000000000000000e+00
8.250000000000000000e+04 3.299961621570366432e-01 1.655666818388711881e-01 5.005689576695493415e-01 3.263541192535275304e-01 7.510241238051888930e-03 0.000000000000000000e+00
8.300000000000000000e+04 3.319961388973824423e-01 1.623805188893946427e-01 4.990896677287209870e-01 3.321574874829312796e-01 6.372325898953117539e-03 0.000000000000000000e+00
8.350000000000000000e+04 3.339961156377280194e-01 1.652253072371415443e-01 5.046654528903049552e-01 3.225989986345015881e-01 7.510241238051888930e-03 0.000000000000000000e+00
8.400000000000000000e+04 3.359960923780738185e-01 1.640873918980427781e-01 5.209376422394174089e-01 3.109922621756941452e-01 3.982703686845699004e-03 0.000000000000000000e+00
8.450000000000000000e+04 3.379960691184193955e-01 1.582840236686390567e-01 5.472234865725990050e-01 2.911925352753755303e-01 3.299954483386436255e-03 0.000000000000000000e+00
8.500000000000000000e+04 3.399960458587651946e-01 1.565771506599908935e-01 5.516613563950841792e-01 2.888029130632681074e-01 2.958579881656804664e-03 0.000000000000000000e+00
8.550000000000000000e+04 3.419960225991107716e-01 1.566909421939007840e-01 5.557578516158397930e-01 2.837960855712334807e-01 3.755120619025944465e-03 0.000000000000000000e+00
8.600000000000000000e+04 3.439959993394563487e-01 1.510013654984069253e-01 5.646335912608101415e-01 2.803823395539372099e-01 3.982703686845699004e-03 0.000000000000000000e+00
8.650000000000000000e+04 3.459959760798021478e-01 1.532771961766044577e-01 5.597405553026855163e-01 2.832271279016841392e-01 3.755120619025944465e-03 0.000000000000000000e+00
8.700000000000000000e+04 3.479959528201477248e-01 1.538461538461538547e-01 5.575785161583978189e-01 2.843650432407828776e-01 4.210286754665453109e-03 0.000000000000000000e+00
8.750000000000000000e+04 3.499959295604935239e-01 1.531634046426945950e-01 5.612198452435138707e-01 2.817478379608557293e-01 3.868912152935821518e-03 0.000000000000000000e+00
8.800000000000000000e+04 3.519959063008391009e-01 1.524806554392353075e-01 5.603095129722348577e-01 2.840236686390532617e-01 3.186162949476558769e-03 0.000000000000000000e+00
8.850000000000000000e+04 3.539958830411849000e-01 1.547564861174328676e-01 5.572371415566681474e-01 2.844788347746927681e-01 3.527537551206190360e-03 0.000000000000000000e+00
8.900000000000000000e+04 3.559958597815304771e-01 1.598771051433773294e-01 5.597405553026855163e-01 2.757168866636321991e-01 4.665452890304961318e-03 0.000000000000000000e+00
8.950000000000000000e+04 3.579958365218762761e-01 1.607874374146563423e-01 5.573509330905780379e-01 2.778789258079198965e-01 3.982703686845699004e-03 0.000000000000000000e+00
9.000000000000000000e+04 3.599958132622218532e-01 1.631770596267637652e-01 5.574647246244879284e-01 2.762858443331815961e-01 3.072371415566681717e-03 0.000000000000000000e+00
9.050000000000000000e+04 3.619957900025676523e-01 1.644287664997724219e-01 5.538233955393718766e-01 2.776513427401001155e-01 4.096495220755575623e-03 0.000000000000000000e+00
9.100000000000000000e+04 3.639957667429132293e-01 1.702321347291761433e-01 5.566681838871188059e-01 2.686618115612198210e-01 4.437869822485207214e-03 0.000000000000000000e+00
9.150000000000000000e+04 3.659957434832588064e-01 1.578288575329995502e-01 6.116294947655894765e-01 2.270141101502048120e-01 3.527537551206190360e-03 0.000000000000000000e+00
9.200000000000000000e+04 3.679957202236046054e-01 1.622667273554847522e-01 6.167501137915338827e-01 2.172280382339553950e-01 3.755120619025944465e-03 0.000000000000000000e+00
9.250000000000000000e+04 3.699956969639501825e-01 1.657942649066909413e-01 6.332498862084661173e-01 1.983386436049157930e-01 2.617205279927173507e-03 0.000000000000000000e+00
9.300000000000000000e+04 3.719956737042959816e-01 1.643149749658625314e-01 6.901456531634045932e-01 1.418980427856167403e-01 3.641329085116067413e-03 0.000000000000000000e+00
9.350000000000000000e+04 3.739956504446415586e-01 1.582840236686390567e-01 7.172280382339554228e-01 1.198224852071005930e-01 4.665452890304961318e-03 0.000000000000000000e+00
9.400000000000000000e+04 3.759956271849873577e-01 1.547564861174328676e-01 7.276968593536641272e-01 1.151570323167956239e-01 2.389622212107419402e-03 0.000000000000000000e+00
9.450000000000000000e+04 3.779956039253329347e-01 1.496358670914884059e-01 7.374829312699134887e-01 1.101502048247610388e-01 2.730996813837050560e-03 0.000000000000000000e+00
9.500000000000000000e+04 3.799955806656787338e-01 1.459945380063723264e-01 7.363450159308146947e-01 1.125398270368684617e-01 5.120619025944469528e-03 0.000000000000000000e+00
9.550000000000000000e+04 3.819955574060243109e-01 1.494082840236686527e-01 7.363450159308146947e-01 1.111743286299499284e-01 3.072371415566681717e-03 0.000000000000000000e+00
9.600000000000000000e+04 3.839955341463698879e-01 1.498634501593081592e-01 7.354346836595356818e-01 1.107191624943104219e-01 3.982703686845699004e-03 0.000000000000000000e+00
9.650000000000000000e+04 3.859955108867156870e-01 1.506599908966772816e-01 7.344105598543468894e-01 1.119708693673190647e-01 2.958579881656804664e-03 0.000000000000000000e+00
9.700000000000000000e+04 3.879954876270612640e-01 1.522530723714155543e-01 7.287209831588530307e-01 1.167501137915339104e-01 2.275830678197541916e-03 0.000000000000000000e+00
9.750000000000000000e+04 3.899954643674068411e-01 1.491807009558488717e-01 7.295175238962221531e-01 1.172052799271734169e-01 4.096495220755575623e-03 0.000000000000000000e+00
9.800000000000000000e+04 3.919954411077528622e-01 1.499772416932180219e-01 7.258761948111061013e-01 1.206190259444697294e-01 3.527537551206190360e-03 0.000000000000000000e+00
9.850000000000000000e+04 3.939954178480982172e-01 1.498634501593081592e-01 7.261037778789257713e-01 1.205052344105598527e-01 3.527537551206190360e-03 0.000000000000000000e+00
9.900000000000000000e+04 3.959953945884442383e-01 1.477014110150204895e-01 7.257624032771962108e-01 1.223258989531178925e-01 4.210286754665453109e-03 0.000000000000000000e+00
9.950000000000000000e+04 3.979953713287895933e-01 1.527082385070550885e-01 7.257624032771962108e-01 1.193673190714610866e-01 2.162039144287664864e-03 0.000000000000000000e+00
1.000000000000000000e+05 3.999953480691356145e-01 1.475876194811105990e-01 7.274692762858443462e-01 1.215293582157487423e-01 3.413746017296313308e-03 0.000000000000000000e+00
1.005000000000000000e+05 4.019953248094809695e-01 1.498634501593081592e-01 7.249658625398270884e-01 1.224396904870277691e-01 2.730996813837050560e-03 0.000000000000000000e+00
1.010000000000000000e+05 4.039953015498269906e-01 1.497496586253982687e-01 7.250796540737368678e-01 1.225534820209376458e-01 2.617205279927173507e-03 0.000000000000000000e+00
1.015000000000000000e+05 4.059952782901723456e-01 1.516841147018661851e-01 7.247382794720073074e-01 1.201638598088302229e-01 3.413746017296313308e-03 0.000000000000000000e+00
1.020000000000000000e+05 4.079952550305183667e-01 1.494082840236686527e-01 7.254210286754665393e-01 1.219845243513882627e-01 3.186162949476558769e-03 0.000000000000000000e+00
1.025000000000000000e+05 4.099952317708637217e-01 1.510013654984069253e-01 7.263313609467455523e-01 1.189121529358215801e-01 3.755120619025944465e-03 0.000000000000000000e+00
1.030000000000000000e+05 4.119952085112095208e-01 1.510013654984069253e-01 7.249658625398270884e-01 1.208466090122894826e-01 3.186162949476558769e-03 0.000000000000000000e+00
1.035000000000000000e+05 4.139951852515550978e-01 1.483841602184797492e-01 7.255348202093764298e-01 1.216431497496586189e-01 4.437869822485207214e-03 0.000000000000000000e+00
1.040000000000000000e+05 4.159951619919008969e-01 1.511151570323167881e-01 7.270141101502047842e-01 1.187983614019117035e-01 3.072371415566681717e-03 0.000000000000000000e+00
1.045000000000000000e+05 4.179951387322462519e-01 1.492944924897587622e-01 7.245106964041875264e-01 1.220983158852981393e-01 4.096495220755575623e-03 0.000000000000000000e+00
1.050000000000000000e+05 4.199951154725922731e-01 1.512289485662266786e-01 7.229176149294492815e-01 1.227810650887573990e-01 3.072371415566681717e-03 0.000000000000000000e+00
1.055000000000000000e+05 4.219950922129376281e-01 1.536185707783341015e-01 7.210969503868912556e-01 1.220983158852981393e-01 3.186162949476558769e-03 0.000000000000000000e+00
1.060000000000000000e+05 4.239950689532836492e-01 1.517979062357760478e-01 7.225762403277196100e-01 1.226672735548475224e-01 2.958579881656804664e-03 0.000000000000000000e+00
1.065000000000000000e+05 4.259950456936290042e-01 1.538461538461538547e-01 7.210969503868912556e-01 1.214155666818388657e-01 3.641329085116067413e-03 0.000000000000000000e+00
1.070000000000000000e+05 4.279950224339750253e-01 1.536185707783341015e-01 7.231451979972689514e-01 1.195949021392808398e-01 3.641329085116067413e-03 0.000000000000000000e+00
1.075000000000000000e+05 4.299949991743203803e-01 1.533909877105143482e-01 7.230314064633591720e-01 1.205052344105598527e-01 3.072371415566681717e-03 0.000000000000000000e+00
1.080000000000000000e+05 4.319949759146664015e-01 1.523668639053254448e-01 7.212107419208011461e-01 1.228948566226672756e-01 3.527537551206190360e-03 0.000000000000000000e+00
1.085000000000000000e+05 4.339949526550117564e-01 1.555530268548019901e-01 7.198452435138825711e-01 1.202776513427400995e-01 4.324078288575329727e-03 0.000000000000000000e+00
1.090000000000000000e+05 4.359949293953577776e-01 1.571461083295402905e-01 7.184797451069639962e-01 1.198224852071005930e-01 4.551661356395083832e-03 0.000000000000000000e+00
1.095000000000000000e+05 4.379949061357031326e-01 1.594219390077378229e-01 7.162039144287665193e-01 1.205052344105598527e-01 3.868912152935821518e-03 0.000000000000000000e+00
1.100000000000000000e+05 4.399948828760491537e-01 1.583978152025489194e-01 7.184797451069639962e-01 1.189121529358215801e-01 4.210286754665453109e-03 0.000000000000000000e+00
1.105000000000000000e+05 4.419948596163945087e-01 1.599908966772872199e-01 7.162039144287665193e-01 1.195949021392808398e-01 4.210286754665453109e-03 0.000000000000000000e+00
1.110000000000000000e+05 4.439948363567405298e-01 1.635184342284934089e-01 7.138142922166590409e-01 1.178880291306326766e-01 4.779244424214838804e-03 0.000000000000000000e+00
1.115000000000000000e+05 4.459948130970858848e-01 1.638598088302230249e-01 7.111970869367318926e-01 1.216431497496586189e-01 3.299954483386436255e-03 0.000000000000000000e+00
1.120000000000000000e+05 4.479947898374319060e-01 1.640873918980427781e-01 7.123350022758306865e-01 1.202776513427400995e-01 3.299954483386436255e-03 0.000000000000000000e+00
1.125000000000000000e+05 4.499947665777772610e-01 1.672735548475193512e-01 7.106281292671825511e-01 1.192535275375512099e-01 2.844788347746927612e-03 0.000000000000000000e+00
1.130000000000000000e+05 4.519947433181230600e-01 2.231451979972690070e-01 6.101502048247610110e-01 1.629494765589440120e-01 3.755120619025944465e-03 0.000000000000000000e+00
1.135000000000000000e+05 4.539947200584686371e-01 2.115384615384615363e-01 6.019572143832498945e-01 1.832043695949021334e-01 3.299954483386436255e-03 0.000000000000000000e+00
