# itime ezz other fcc hcp bcc ico
0.000000000000000000e+00 0.000000000000000000e+00 1.137915339098770958e-03 9.988620846609012061e-01 0.000000000000000000e+00 0.000000000000000000e+00 0.000000000000000000e+00
3.000000000000000000e+01 1.200006769404327045e-02 2.730996813837050560e-03 9.971552116522530707e-01 0.000000000000000000e+00 1.137915339098771066e-04 0.000000000000000000e+00
6.000000000000000000e+01 2.400013538808676294e-02 2.617205279927173507e-03 9.973827947200728516e-01 0.000000000000000000e+00 0.000000000000000000e+00 0.000000000000000000e+00
9.000000000000000000e+01 3.600020308213003339e-02 5.575785161583977738e-03 9.943104233045061413e-01 0.000000000000000000e+00 1.137915339098771066e-04 0.000000000000000000e+00
1.200000000000000000e+02 4.800027077617352589e-02 1.035502958579881741e-02 9.894173873463814051e-01 0.000000000000000000e+00 2.275830678197542133e-04 0.000000000000000000e+00
1.500000000000000000e+02 6.000033847021679634e-02 1.809285389167045871e-02 9.817933545744196300e-01 0.000000000000000000e+00 1.137915339098771066e-04 0.000000000000000000e+00
1.800000000000000000e+02 7.200040616426028883e-02 4.324078288575330248e-02 9.544833864360491305e-01 0.000000000000000000e+00 2.275830678197541916e-03 0.000000000000000000e+00
2.100000000000000000e+02 8.400047385830355928e-02 8.306781975421029252e-02 9.115839781520255203e-01 0.000000000000000000e+00 5.348202093764223633e-03 0.000000000000000000e+00
2.400000000000000000e+02 9.600054155234705178e-02 1.281292671825216278e-01 8.624260355029585989e-01 0.000000000000000000e+00 9.444697314519799256e-03 0.000000000000000000e+00
2.700000000000000000e+02 1.080006092463903222e-01 2.370277651342740100e-01 7.454483386436049352e-01 0.000000000000000000e+00 1.752389622212107562e-02 0.000000000000000000e+00
3.000000000000000000e+02 1.200006769404338147e-01 3.496813837050523621e-01 6.125398270368684894e-01 0.000000000000000000e+00 3.777878925807919702e-02 0.000000000000000000e+00
3.300000000000000000e+02 1.320007446344770852e-01 5.144515248065544277e-01 4.155666818388711881e-01 1.137915339098770958e-03 6.884387801547564578e-02 0.000000000000000000e+00
3.600000000000000000e+02 1.440008123285205777e-01 6.355257168866635942e-01 2.437414656349567721e-01 5.461993627674101119e-03 1.152708238507055144e-01 0.000000000000000000e+00
3.900000000000000000e+02 1.560008800225638481e-01 7.118798361401911245e-01 1.234638142922166587e-01 1.263086026399635846e-02 1.520254893035958010e-01 0.000000000000000000e+00
4.200000000000000000e+02 1.680009477166073406e-01 7.556895766954938587e-01 5.996813837050523482e-02 1.763768775603095224e-02 1.667045971779699542e-01 0.000000000000000000e+00
4.500000000000000000e+02 1.800010154106506111e-01 7.892580791989075584e-01 3.698224852071006069e-02 2.218934911242603433e-02 1.515703231679562946e-01 0.000000000000000000e+00
4.800000000000000000e+02 1.920010831046941036e-01 8.225989986345015881e-01 2.617205279927173334e-02 2.685480200273099652e-02 1.243741465634956717e-01 0.000000000000000000e+00
5.100000000000000000e+02 2.040011507987373740e-01 8.515020482476103325e-01 2.162039144287665124e-02 3.038233955393718558e-02 9.649522075557578904e-02 0.000000000000000000e+00
5.400000000000000000e+02 2.160012184927808665e-01 8.764223941738734647e-01 1.763768775603095224e-02 3.163404642694583185e-02 7.430587164314975124e-02 0.000000000000000000e+00
5.700000000000000000e+02 2.280012861868241369e-01 8.954255803368229572e-01 1.843422849340009204e-02 3.026854802002730896e-02 5.587164314974965573e-02 0.000000000000000000e+00
6.000000000000000000e+02 2.400013538808676294e-01 9.176149294492489394e-01 1.684114701866181243e-02 2.639963586709149004e-02 3.914428766499772339e-02 0.000000000000000000e+00
6.300000000000000000e+02 2.520014215749108999e-01 9.320664542558033672e-01 1.445152480655439303e-02 2.423759672280382388e-02 2.924442421483841592e-02 0.000000000000000000e+00
6.600000000000000000e+02 2.640014892689543924e-01 9.368456986800182129e-01 1.467910787437414627e-02 2.548930359581247015e-02 2.298588984979517413e-02 0.000000000000000000e+00
6.900000000000000000e+02 2.760015569629976628e-01 9.501593081474738467e-01 1.149294492489758707e-02 2.014110150204824826e-02 1.820664542558033533e-02 0.000000000000000000e+00
7.200000000000000000e+02 2.880016246570411553e-01 9.498179335457441752e-01 1.263086026399635846e-02 2.184797451069640448e-02 1.547564861174328607e-02 2.275830678197542133e-04
7.500000000000000000e+02 3.000016923510844258e-01 9.588074647246245252e-01 9.444697314519799256e-03 1.945835229858898507e-02 1.228948566226672687e-02 0.000000000000000000e+00
7.800000000000000000e+02 3.120017600451279183e-01 9.615384615384615641e-01 9.558488848429677609e-03 1.729631315430131891e-02 1.149294492489758707e-02 1.137915339098771066e-04
8.100000000000000000e+02 3.240018277391711887e-01 9.646108329540282744e-01 6.941283568502503235e-03 1.763768775603095224e-02 1.058261265361857065e-02 2.275830678197542133e-04
8.400000000000000000e+02 3.360018954332146812e-01 9.692762858443332297e-01 7.055075102412380721e-03 1.433773327264451468e-02 8.989531178880291046e-03 3.413746017296313199e-04
8.700000000000000000e+02 3.480019631272579517e-01 9.692762858443332297e-01 7.055075102412380721e-03 1.399635867091488309e-02 9.103322712790167665e-03 5.689576695493854790e-04
9.000000000000000000e+02 3.600020308213014442e-01 9.730314064633591720e-01 7.168866636322257339e-03 1.342740100136549826e-02 6.372325898953117539e-03 0.000000000000000000e+00
9.300000000000000000e+02 3.720020985153449367e-01 9.763313609467455523e-01 5.234410559854347014e-03 1.194811106053709528e-02 6.258534365043240920e-03 2.275830678197542133e-04
9.600000000000000000e+02 3.840021662093882071e-01 9.759899863450158808e-01 6.030951297223486815e-03 1.194811106053709528e-02 5.575785161583977738e-03 4.551661356395084266e-04
9.900000000000000000e+02 3.960022339034314776e-01 9.776968593536641272e-01 5.803368229403732710e-03 1.046882111970869403e-02 4.665452890304961318e-03 1.365498406918525280e-03
1.020000000000000000e+03 4.080023015974749701e-01 9.813381884387801790e-01 5.006827492034592909e-03 1.001365498406918582e-02 2.844788347746927612e-03 7.965407373691396923e-04
1.050000000000000000e+03 4.200023692915184625e-01 9.836140191169776559e-01 3.186162949476558769e-03 9.899863450159307465e-03 2.958579881656804664e-03 3.413746017296313199e-04
1.080000000000000000e+03 4.320024369855617330e-01 9.846381429221665593e-01 3.868912152935821518e-03 8.648156577150659455e-03 2.275830678197541916e-03 5.689576695493854790e-04
1.110000000000000000e+03 4.440025046796050034e-01 9.847519344560764498e-01 2.617205279927173507e-03 1.012744651797906244e-02 2.162039144287664864e-03 3.413746017296313199e-04
1.140000000000000000e+03 4.560025723736484959e-01 9.863450159308146947e-01 2.958579881656804664e-03 7.965407373691398007e-03 2.617205279927173507e-03 1.137915339098771066e-04
1.170000000000000000e+03 4.680026400676919884e-01 9.889622212107419541e-01 2.162039144287664864e-03 6.713700500682749130e-03 1.820664542558033706e-03 3.413746017296313199e-04
1.200000000000000000e+03 4.800027077617352589e-01 9.894173873463814051e-01 2.844788347746927612e-03 5.461993627674101119e-03 1.593081474738279385e-03 6.827492034592626399e-04
1.230000000000000000e+03 4.920027754557785293e-01 9.898725534820209671e-01 2.844788347746927612e-03 4.324078288575329727e-03 1.820664542558033706e-03 1.137915339098770958e-03
1.260000000000000000e+03 5.040028431498220218e-01 9.913518434228493215e-01 2.389622212107419402e-03 3.641329085116067413e-03 1.820664542558033706e-03 7.965407373691396923e-04
1.290000000000000000e+03 5.160029108438655143e-01 9.911242603550295405e-01 2.844788347746927612e-03 3.982703686845699004e-03 1.365498406918525280e-03 6.827492034592626399e-04
1.320000000000000000e+03 5.280029785379087848e-01 9.911242603550295405e-01 2.389622212107419402e-03 3.641329085116067413e-03 2.162039144287664864e-03 6.827492034592626399e-04
1.350000000000000000e+03 5.400030462319520552e-01 9.921483841602184439e-01 2.617205279927173507e-03 3.527537551206190360e-03 1.593081474738279385e-03 1.137915339098771066e-04
1.380000000000000000e+03 5.520031139259955477e-01 9.915794264906691025e-01 2.162039144287664864e-03 3.982703686845699004e-03 1.479289940828402332e-03 7.965407373691396923e-04
1.410000000000000000e+03 5.640031816200390402e-01 9.934000910332271284e-01 1.820664542558033706e-03 3.072371415566681717e-03 1.024123805188893906e-03 6.827492034592626399e-04
1.440000000000000000e+03 5.760032493140823107e-01 9.935138825671370189e-01 2.048247610377787811e-03 2.617205279927173507e-03 4.551661356395084266e-04 1.365498406918525280e-03
1.470000000000000000e+03 5.880033170081255811e-01 9.947655894401457033e-01 1.820664542558033706e-03 2.048247610377787811e-03 4.551661356395084266e-04 9.103322712790168532e-04
1.500000000000000000e+03 6.000033847021690736e-01 9.947655894401457033e-01 1.365498406918525280e-03 2.617205279927173507e-03 5.689576695493854790e-04 6.827492034592626399e-04
1.530000000000000000e+03 6.120034523962125661e-01 9.954483386436049352e-01 1.593081474738279385e-03 1.593081474738279385e-03 7.965407373691396923e-04 5.689576695493854790e-04
1.560000000000000000e+03 6.240035200902558365e-01 9.949931725079653733e-01 9.103322712790168532e-04 2.389622212107419402e-03 5.689576695493854790e-04 1.137915339098770958e-03
1.590000000000000000e+03 6.360035877842988850e-01 9.960172963131542767e-01 9.103322712790168532e-04 1.934456076467910759e-03 6.827492034592626399e-04 4.551661356395084266e-04
1.620000000000000000e+03 6.480036554783425995e-01 9.962448793809740577e-01 6.827492034592626399e-04 1.820664542558033706e-03 5.689576695493854790e-04 6.827492034592626399e-04
1.650000000000000000e+03 6.600037231723860920e-01 9.954483386436049352e-01 1.024123805188893906e-03 2.275830678197541916e-03 4.551661356395084266e-04 7.965407373691396923e-04
1.680000000000000000e+03 6.720037908664293624e-01 9.962448793809740577e-01 6.827492034592626399e-04 1.820664542558033706e-03 4.551661356395084266e-04 7.965407373691396923e-04
1.710000000000000000e+03 6.840038585604724108e-01 9.964724624487938387e-01 7.965407373691396923e-04 1.593081474738279385e-03 3.413746017296313199e-04 7.965407373691396923e-04
1.740000000000000000e+03 6.960039262545161254e-01 9.973827947200728516e-01 9.103322712790168532e-04 9.103322712790168532e-04 1.137915339098771066e-04 6.827492034592626399e-04
1.770000000000000000e+03 7.080039939485596179e-01 9.979517523896221931e-01 2.275830678197542133e-04 7.965407373691396923e-04 3.413746017296313199e-04 6.827492034592626399e-04
1.800000000000000000e+03 7.200040616426028883e-01 9.972690031861629611e-01 2.275830678197542133e-04 1.024123805188893906e-03 6.827492034592626399e-04 7.965407373691396923e-04
1.830000000000000000e+03 7.320041293366459367e-01 9.971552116522530707e-01 2.275830678197542133e-04 1.251706873008648227e-03 4.551661356395084266e-04 9.103322712790168532e-04
1.860000000000000000e+03 7.440041970306896513e-01 9.971552116522530707e-01 1.137915339098771066e-04 1.820664542558033706e-03 5.689576695493854790e-04 3.413746017296313199e-04
1.890000000000000000e+03 7.560042647247331438e-01 9.976103777878926326e-01 4.551661356395084266e-04 1.137915339098770958e-03 2.275830678197542133e-04 5.689576695493854790e-04
1.920000000000000000e+03 7.680043324187764142e-01 9.970414201183431802e-01 3.413746017296313199e-04 1.593081474738279385e-03 4.551661356395084266e-04 5.689576695493854790e-04
1.950000000000000000e+03 7.800044001128194626e-01 9.973827947200728516e-01 3.413746017296313199e-04 1.251706873008648227e-03 1.137915339098771066e-04 9.103322712790168532e-04
1.980000000000000000e+03 7.920044678068631772e-01 9.978379608557123026e-01 6.827492034592626399e-04 7.965407373691396923e-04 0.000000000000000000e+00 6.827492034592626399e-04
2.010000000000000000e+03 8.040045355009066697e-01 9.985207100591716456e-01 3.413746017296313199e-04 6.827492034592626399e-04 2.275830678197542133e-04 2.275830678197542133e-04
2.040000000000000000e+03 8.160046031949499401e-01 9.985207100591716456e-01 2.275830678197542133e-04 6.827492034592626399e-04 1.137915339098771066e-04 4.551661356395084266e-04
2.070000000000000000e+03 8.280046708889929885e-01 9.976103777878926326e-01 5.689576695493854790e-04 9.103322712790168532e-04 3.413746017296313199e-04 5.689576695493854790e-04
2.100000000000000000e+03 8.400047385830367030e-01 9.976103777878926326e-01 2.275830678197542133e-04 1.137915339098770958e-03 2.275830678197542133e-04 7.965407373691396923e-04
2.130000000000000000e+03 8.520048062770801955e-01 9.989758761948110966e-01 0.000000000000000000e+00 3.413746017296313199e-04 1.137915339098771066e-04 5.689576695493854790e-04
2.160000000000000000e+03 8.640048739711234660e-01 9.982931269913518646e-01 1.137915339098771066e-04 6.827492034592626399e-04 5.689576695493854790e-04 3.413746017296313199e-04
2.190000000000000000e+03 8.760049416651665144e-01 9.980655439235320836e-01 2.275830678197542133e-04 4.551661356395084266e-04 3.413746017296313199e-04 9.103322712790168532e-04
2.220000000000000000e+03 8.880050093592102289e-01 9.985207100591716456e-01 0.000000000000000000e+00 6.827492034592626399e-04 2.275830678197542133e-04 5.689576695493854790e-04
2.250000000000000000e+03 9.000050770532537214e-01 9.973827947200728516e-01 4.551661356395084266e-04 7.965407373691396923e-04 3.413746017296313199e-04 1.024123805188893906e-03
2.280000000000000000e+03 9.120051447472969919e-01 9.985207100591716456e-01 2.275830678197542133e-04 3.413746017296313199e-04 4.551661356395084266e-04 4.551661356395084266e-04
2.310000000000000000e+03 9.240052124413400403e-01 9.977241693218024121e-01 3.413746017296313199e-04 9.103322712790168532e-04 2.275830678197542133e-04 7.965407373691396923e-04
2.340000000000000000e+03 9.360052801353837548e-01 9.977241693218024121e-01 1.137915339098771066e-04 1.137915339098770958e-03 3.413746017296313199e-04 6.827492034592626399e-04
2.370000000000000000e+03 9.480053478294272473e-01 9.977241693218024121e-01 4.551661356395084266e-04 5.689576695493854790e-04 4.551661356395084266e-04 7.965407373691396923e-04
2.400000000000000000e+03 9.600054155234702957e-01 9.985207100591716456e-01 1.137915339098771066e-04 3.413746017296313199e-04 3.413746017296313199e-04 6.827492034592626399e-04
2.430000000000000000e+03 9.720054832175135662e-01 9.976103777878926326e-01 2.275830678197542133e-04 5.689576695493854790e-04 1.137915339098771066e-04 1.479289940828402332e-03
2.460000000000000000e+03 9.840055509115570587e-01 9.979517523896221931e-01 1.137915339098771066e-04 7.965407373691396923e-04 0.000000000000000000e+00 1.137915339098770958e-03
2.490000000000000000e+03 9.960056186056007732e-01 9.978379608557123026e-01 2.275830678197542133e-04 5.689576695493854790e-04 2.275830678197542133e-04 1.137915339098770958e-03
