# itime ezz other fcc hcp bcc ico
0.000000000000000000e+00 0.000000000000000000e+00 2.048247610377787811e-03 9.979517523896221931e-01 0.000000000000000000e+00 0.000000000000000000e+00 0.000000000000000000e+00
2.500000000000000000e+02 9.999756863674491569e-04 1.365498406918525280e-03 9.986345015930814251e-01 0.000000000000000000e+00 0.000000000000000000e+00 0.000000000000000000e+00
5.000000000000000000e+02 1.999951372734898314e-03 6.827492034592626399e-04 9.993172507965407680e-01 0.000000000000000000e+00 0.000000000000000000e+00 0.000000000000000000e+00
7.500000000000000000e+02 2.999927059102347471e-03 7.965407373691396923e-04 9.992034592626308775e-01 0.000000000000000000e+00 0.000000000000000000e+00 0.000000000000000000e+00
1.000000000000000000e+03 3.999902745469574583e-03 1.251706873008648227e-03 9.987482931269913156e-01 0.000000000000000000e+00 0.000000000000000000e+00 0.000000000000000000e+00
1.250000000000000000e+03 4.999878431837023740e-03 2.162039144287664864e-03 9.978379608557123026e-01 0.000000000000000000e+00 0.000000000000000000e+00 0.000000000000000000e+00
1.500000000000000000e+03 5.999854118204472897e-03 1.251706873008648227e-03 9.987482931269913156e-01 0.000000000000000000e+00 0.000000000000000000e+00 0.000000000000000000e+00
1.750000000000000000e+03 6.999829804571922054e-03 5.689576695493854790e-04 9.994310423304506585e-01 0.000000000000000000e+00 0.000000000000000000e+00 0.000000000000000000e+00
2.000000000000000000e+03 7.999805490939371211e-03 6.827492034592626399e-04 9.993172507965407680e-01 0.000000000000000000e+00 0.000000000000000000e+00 0.000000000000000000e+00
2.250000000000000000e+03 8.999781177306820368e-03 9.103322712790168532e-04 9.990896677287209870e-01 0.000000000000000000e+00 0.000000000000000000e+00 0.000000000000000000e+00
2.500000000000000000e+03 9.999756863674269525e-03 4.551661356395084266e-04 9.995448338643604380e-01 0.000000000000000000e+00 0.000000000000000000e+00 0.000000000000000000e+00
2.750000000000000000e+03 1.099973255004171868e-02 2.730996813837050560e-03 9.972690031861629611e-01 0.000000000000000000e+00 0.000000000000000000e+00 0.000000000000000000e+00
3.000000000000000000e+03 1.199970823640894579e-02 1.593081474738279385e-03 9.982931269913518646e-01 0.000000000000000000e+00 1.137915339098771066e-04 0.000000000000000000e+00
3.250000000000000000e+03 1.299968392277639495e-02 1.365498406918525280e-03 9.986345015930814251e-01 0.000000000000000000e+00 0.000000000000000000e+00 0.000000000000000000e+00
3.500000000000000000e+03 1.399965960914384411e-02 1.137915339098771066e-04 9.998862084660901095e-01 0.000000000000000000e+00 0.000000000000000000e+00 0.000000000000000000e+00
3.750000000000000000e+03 1.499963529551129326e-02 1.820664542558033706e-03 9.981793354574419741e-01 0.000000000000000000e+00 0.000000000000000000e+00 0.000000000000000000e+00
4.000000000000000000e+03 1.599961098187874242e-02 2.048247610377787811e-03 9.977241693218024121e-01 0.000000000000000000e+00 2.275830678197542133e-04 0.000000000000000000e+00
4.250000000000000000e+03 1.699958666824619158e-02 7.965407373691396923e-04 9.989758761948110966e-01 0.000000000000000000e+00 2.275830678197542133e-04 0.000000000000000000e+00
4.500000000000000000e+03 1.799956235461364074e-02 2.048247610377787811e-03 9.979517523896221931e-01 0.000000000000000000e+00 0.000000000000000000e+00 0.000000000000000000e+00
4.750000000000000000e+03 1.899953804098108989e-02 1.024123805188893906e-03 9.989758761948110966e-01 0.000000000000000000e+00 0.000000000000000000e+00 0.000000000000000000e+00
5.000000000000000000e+03 1.999951372734831700e-02 1.024123805188893906e-03 9.989758761948110966e-01 0.000000000000000000e+00 0.000000000000000000e+00 0.000000000000000000e+00
5.250000000000000000e+03 2.099948941371576616e-02 2.617205279927173507e-03 9.973827947200728516e-01 0.000000000000000000e+00 0.000000000000000000e+00 0.000000000000000000e+00
5.500000000000000000e+03 2.199946510008321532e-02 2.503413746017296455e-03 9.973827947200728516e-01 0.000000000000000000e+00 1.137915339098771066e-04 0.000000000000000000e+00
5.750000000000000000e+03 2.299944078645066448e-02 2.958579881656804664e-03 9.969276285844332897e-01 0.000000000000000000e+00 1.137915339098771066e-04 0.000000000000000000e+00
6.000000000000000000e+03 2.399941647281811363e-02 1.820664542558033706e-03 9.980655439235320836e-01 0.000000000000000000e+00 1.137915339098771066e-04 0.000000000000000000e+00
6.250000000000000000e+03 2.499939215918556279e-02 1.365498406918525280e-03 9.986345015930814251e-01 0.000000000000000000e+00 0.000000000000000000e+00 0.000000000000000000e+00
6.500000000000000000e+03 2.599936784555301195e-02 1.934456076467910759e-03 9.980655439235320836e-01 0.000000000000000000e+00 0.000000000000000000e+00 0.000000000000000000e+00
6.750000000000000000e+03 2.699934353192023906e-02 1.365498406918525280e-03 9.986345015930814251e-01 0.000000000000000000e+00 0.000000000000000000e+00 0.000000000000000000e+00
7.000000000000000000e+03 2.799931921828768822e-02 2.958579881656804664e-03 9.968138370505233992e-01 0.000000000000000000e+00 2.275830678197542133e-04 0.000000000000000000e+00
7.250000000000000000e+03 2.899929490465513737e-02 2.389622212107419402e-03 9.976103777878926326e-01 0.000000000000000000e+00 0.000000000000000000e+00 0.000000000000000000e+00
7.500000000000000000e+03 2.999927059102258653e-02 2.730996813837050560e-03 9.972690031861629611e-01 0.000000000000000000e+00 0.000000000000000000e+00 0.000000000000000000e+00
7.750000000000000000e+03 3.099924627739003569e-02 4.437869822485207214e-03 9.955621301775148257e-01 0.000000000000000000e+00 0.000000000000000000e+00 0.000000000000000000e+00
8.000000000000000000e+03 3.199922196375748484e-02 6.372325898953117539e-03 9.935138825671370189e-01 0.000000000000000000e+00 1.137915339098771066e-04 0.000000000000000000e+00
8.250000000000000000e+03 3.299919765012493400e-02 6.486117432862995025e-03 9.934000910332271284e-01 0.000000000000000000e+00 1.137915339098771066e-04 0.000000000000000000e+00
8.500000000000000000e+03 3.399917333649238316e-02 5.234410559854347014e-03 9.946517979062358128e-01 0.000000000000000000e+00 1.137915339098771066e-04 0.000000000000000000e+00
8.750000000000000000e+03 3.499914902285961027e-02 6.486117432862995025e-03 9.934000910332271284e-01 0.000000000000000000e+00 1.137915339098771066e-04 0.000000000000000000e+00
9.000000000000000000e+03 3.599912470922705943e-02 6.144742831133363434e-03 9.935138825671370189e-01 0.000000000000000000e+00 3.413746017296313199e-04 0.000000000000000000e+00
9.250000000000000000e+03 3.699910039559450858e-02 9.444697314519799256e-03 9.901001365498406370e-01 0.000000000000000000e+00 4.551661356395084266e-04 0.000000000000000000e+00
9.500000000000000000e+03 3.799907608196195774e-02 6.827492034592626616e-03 9.929449248975875664e-01 0.000000000000000000e+00 2.275830678197542133e-04 0.000000000000000000e+00
9.750000000000000000e+03 3.899905176832940690e-02 7.510241238051888930e-03 9.919208010923987739e-01 0.000000000000000000e+00 5.689576695493854790e-04 0.000000000000000000e+00
1.000000000000000000e+04 3.999902745469685605e-02 8.989531178880291046e-03 9.906690942193900895e-01 0.000000000000000000e+00 3.413746017296313199e-04 0.000000000000000000e+00
1.025000000000000000e+04 4.099900314106430521e-02 7.737824305871643035e-03 9.919208010923987739e-01 0.000000000000000000e+00 3.413746017296313199e-04 0.000000000000000000e+00
1.050000000000000000e+04 4.199897882743175437e-02 8.875739644970414427e-03 9.906690942193900895e-01 0.000000000000000000e+00 4.551661356395084266e-04 0.000000000000000000e+00
1.075000000000000000e+04 4.299895451379898148e-02 7.851615839781519654e-03 9.918070095584888834e-01 0.000000000000000000e+00 3.413746017296313199e-04 0.000000000000000000e+00
1.100000000000000000e+04 4.399893020016643064e-02 7.624032771961766417e-03 9.921483841602184439e-01 0.000000000000000000e+00 2.275830678197542133e-04 0.000000000000000000e+00
1.125000000000000000e+04 4.499890588653387979e-02 1.263086026399635846e-02 9.872553482020938187e-01 0.000000000000000000e+00 1.137915339098771066e-04 0.000000000000000000e+00
1.150000000000000000e+04 4.599888157290132895e-02 8.989531178880291046e-03 9.904415111515703085e-01 0.000000000000000000e+00 5.689576695493854790e-04 0.000000000000000000e+00
1.175000000000000000e+04 4.699885725926877811e-02 1.092398725534820224e-02 9.885070550751023921e-01 0.000000000000000000e+00 5.689576695493854790e-04 0.000000000000000000e+00
1.200000000000000000e+04 4.799883294563622727e-02 1.547564861174328607e-02 9.839553937187073274e-01 0.000000000000000000e+00 5.689576695493854790e-04 0.000000000000000000e+00
1.225000000000000000e+04 4.899880863200367642e-02 1.342740100136549826e-02 9.855484751934455723e-01 0.000000000000000000e+00 1.024123805188893906e-03 0.000000000000000000e+00
1.250000000000000000e+04 4.999878431837090353e-02 1.160673645880746542e-02 9.881656804733728316e-01 0.000000000000000000e+00 2.275830678197542133e-04 0.000000000000000000e+00
1.275000000000000000e+04 5.099876000473835269e-02 1.172052799271734204e-02 9.875967228038233792e-01 0.000000000000000000e+00 6.827492034592626399e-04 0.000000000000000000e+00
1.300000000000000000e+04 5.199873569110580185e-02 1.547564861174328607e-02 9.836140191169776559e-01 0.000000000000000000e+00 9.103322712790168532e-04 0.000000000000000000e+00
1.325000000000000000e+04 5.299871137747325101e-02 1.661356395084205573e-02 9.824761037778789730e-01 0.000000000000000000e+00 9.103322712790168532e-04 0.000000000000000000e+00
1.350000000000000000e+04 5.399868706384070016e-02 2.639963586709149004e-02 9.728038233955393910e-01 0.000000000000000000e+00 7.965407373691396923e-04 0.000000000000000000e+00
1.375000000000000000e+04 5.499866275020814932e-02 2.025489303595812488e-02 9.787209831588530307e-01 0.000000000000000000e+00 1.024123805188893906e-03 0.000000000000000000e+00
1.400000000000000000e+04 5.599863843657559848e-02 2.230314064633591095e-02 9.762175694128356618e-01 0.000000000000000000e+00 1.479289940828402332e-03 0.000000000000000000e+00
1.425000000000000000e+04 5.699861412294304763e-02 2.662721893491124328e-02 9.718934911242603780e-01 0.000000000000000000e+00 1.479289940828402332e-03 0.000000000000000000e+00
1.450000000000000000e+04 5.799858980931027475e-02 2.196176604460628110e-02 9.767865270823851143e-01 0.000000000000000000e+00 1.251706873008648227e-03 0.000000000000000000e+00
1.475000000000000000e+04 5.899856549567772390e-02 2.162039144287665124e-02 9.770141101502047842e-01 0.000000000000000000e+00 1.365498406918525280e-03 0.000000000000000000e+00
1.500000000000000000e+04 5.999854118204517306e-02 2.901684114701866268e-02 9.699590350477924616e-01 0.000000000000000000e+00 1.024123805188893906e-03 0.000000000000000000e+00
1.525000000000000000e+04 6.099851686841262222e-02 3.334091943559399501e-02 9.649522075557578349e-01 0.000000000000000000e+00 1.706873008648156654e-03 0.000000000000000000e+00
1.550000000000000000e+04 6.199849255478007137e-02 2.822030040964952288e-02 9.704142011834319126e-01 0.000000000000000000e+00 1.365498406918525280e-03 0.000000000000000000e+00
1.575000000000000000e+04 6.299846824114752053e-02 4.289940828402366568e-02 9.548247610377788019e-01 0.000000000000000000e+00 2.275830678197541916e-03 0.000000000000000000e+00
1.600000000000000000e+04 6.399844392751496969e-02 3.504779244424215123e-02 9.635867091488393710e-01 0.000000000000000000e+00 1.365498406918525280e-03 0.000000000000000000e+00
1.625000000000000000e+04 6.499841961388241884e-02 4.096495220755575623e-02 9.559626763768775959e-01 0.000000000000000000e+00 3.072371415566681717e-03 0.000000000000000000e+00
1.650000000000000000e+04 6.599839530024964596e-02 4.836140191169777114e-02 9.481110605370960398e-01 0.000000000000000000e+00 3.527537551206190360e-03 0.000000000000000000e+00
1.675000000000000000e+04 6.699837098661709511e-02 5.803368229403732537e-02 9.385525716886663483e-01 0.000000000000000000e+00 3.413746017296313308e-03 0.000000000000000000e+00
1.700000000000000000e+04 6.799834667298454427e-02 4.710969503868912139e-02 9.492489758761948337e-01 0.000000000000000000e+00 3.641329085116067413e-03 0.000000000000000000e+00
1.725000000000000000e+04 6.899832235935199343e-02 5.177514792899408358e-02 9.425352753755120716e-01 0.000000000000000000e+00 5.689576695493855224e-03 0.000000000000000000e+00
1.750000000000000000e+04 6.999829804571944258e-02 6.190259444697314428e-02 9.316112881201638052e-01 0.000000000000000000e+00 6.486117432862995025e-03 0.000000000000000000e+00
1.775000000000000000e+04 7.099827373208689174e-02 5.632680928538916915e-02 9.392353208921255803e-01 0.000000000000000000e+00 4.437869822485207214e-03 0.000000000000000000e+00
1.800000000000000000e+04 7.199824941845434090e-02 7.555757851615839404e-02 9.156804733727810230e-01 0.000000000000000000e+00 8.761948111060537808e-03 0.000000000000000000e+00
1.825000000000000000e+04 7.299822510482156801e-02 6.918525261720527564e-02 9.235320892125625791e-01 0.000000000000000000e+00 7.282658170232134826e-03 0.000000000000000000e+00
1.850000000000000000e+04 7.399820079118901717e-02 8.750568957669549452e-02 9.050978607191625391e-01 0.000000000000000000e+00 7.396449704142011444e-03 0.000000000000000000e+00
1.875000000000000000e+04 7.499817647755646632e-02 9.228493400091032639e-02 8.926945835229859183e-01 0.000000000000000000e+00 1.502048247610377786e-02 0.000000000000000000e+00
1.900000000000000000e+04 7.599815216392391548e-02 1.027537551206190308e-01 8.817705962676376519e-01 0.000000000000000000e+00 1.547564861174328607e-02 0.000000000000000000e+00
1.925000000000000000e+04 7.699812785029136464e-02 1.102639963586709154e-01 8.676604460628128956e-01 1.137915339098771066e-04 2.196176604460628110e-02 0.000000000000000000e+00
1.950000000000000000e+04 7.799810353665881379e-02 1.297223486572599005e-01 8.472917614929449392e-01 0.000000000000000000e+00 2.298588984979517413e-02 0.000000000000000000e+00
1.975000000000000000e+04 7.899807922302626295e-02 1.488393263541192557e-01 8.091715976331360638e-01 2.275830678197542133e-04 4.176149294492489950e-02 0.000000000000000000e+00
2.000000000000000000e+04 7.999805490939371211e-02 1.605598543468365891e-01 7.911925352753754748e-01 2.275830678197542133e-04 4.802002730996814128e-02 0.000000000000000000e+00
2.025000000000000000e+04 8.099803059576093922e-02 1.763768775603095085e-01 7.676376877560309175e-01 2.048247610377787811e-03 5.393718707328174627e-02 0.000000000000000000e+00
2.050000000000000000e+04 8.199800628212838838e-02 1.981110605370960398e-01 7.314519799726900695e-01 1.706873008648156654e-03 6.873008648156576916e-02 0.000000000000000000e+00
2.075000000000000000e+04 8.299798196849583753e-02 2.045971779699590487e-01 6.991351843422849432e-01 2.617205279927173507e-03 9.365043240782885969e-02 0.000000000000000000e+00
2.100000000000000000e+04 8.399795765486328669e-02 2.097177969959035104e-01 6.826354119253527086e-01 2.275830678197541916e-03 1.053709604005461931e-01 0.000000000000000000e+00
2.125000000000000000e+04 8.499793334123073585e-02 2.011834319526627224e-01 6.878698224852071164e-01 2.275830678197541916e-03 1.086709148839326289e-01 0.000000000000000000e+00
2.150000000000000000e+04 8.599790902759818501e-02 2.165452890304961353e-01 6.623805188893946427e-01 5.120619025944469528e-03 1.159535730541647741e-01 0.000000000000000000e+00
2.175000000000000000e+04 8.699788471396563416e-02 2.427173418297678686e-01 6.075329995448338627e-01 1.354119253527537488e-02 1.362084660901228816e-01 0.000000000000000000e+00
2.200000000000000000e+04 8.799786040033286127e-02 2.403277196176604458e-01 5.417614929449249273e-01 3.413746017296313134e-02 1.837733272644515303e-01 0.000000000000000000e+00
2.225000000000000000e+04 8.899783608670031043e-02 2.505689576695493970e-01 5.097860719162494725e-01 6.998179335457442585e-02 1.696631770596267741e-01 0.000000000000000000e+00
2.250000000000000000e+04 8.999781177306775959e-02 2.187073281747838049e-01 5.530268548020027541e-01 1.300637232589895442e-01 9.820209376422393832e-02 0.000000000000000000e+00
2.275000000000000000e+04 9.099778745943520875e-02 1.754665452890304955e-01 5.791989076012744597e-01 1.847974510696404060e-01 6.053709604005461792e-02 0.000000000000000000e+00
2.300000000000000000e+04 9.199776314580265790e-02 1.576012744651797970e-01 5.944469731451980099e-01 2.183659535730541612e-01 2.958579881656804578e-02 0.000000000000000000e+00
2.325000000000000000e+04 9.299773883217010706e-02 1.253982703686845612e-01 6.201638598088302645e-01 2.385070550751024199e-01 1.593081474738279601e-02 0.000000000000000000e+00
2.350000000000000000e+04 9.399771451853755622e-02 1.192535275375512099e-01 6.227810650887574129e-01 2.427173418297678686e-01 1.524806554392353283e-02 0.000000000000000000e+00
2.375000000000000000e+04 9.499769020490500537e-02 1.173190714610832935e-01 6.258534365043241232e-01 2.434000910332271284e-01 1.342740100136549826e-02 0.000000000000000000e+00
2.400000000000000000e+04 9.599766589127223249e-02 1.235776058261265353e-01 6.228948566226673034e-01 2.388484296768320359e-01 1.467910787437414627e-02 0.000000000000000000e+00
2.425000000000000000e+04 9.699764157763968164e-02 1.198224852071005930e-01 6.218707328174783999e-01 2.406690942193900895e-01 1.763768775603095224e-02 0.000000000000000000e+00
2.450000000000000000e+04 9.799761726400713080e-02 1.267637687756031084e-01 6.206190259444697155e-01 2.402139280837505553e-01 1.240327719617660522e-02 0.000000000000000000e+00
2.475000000000000000e+04 9.899759295037457996e-02 1.396222121074192080e-01 6.066226672735548497e-01 2.399863450159308020e-01 1.376877560309512985e-02 0.000000000000000000e+00
2.500000000000000000e+04 9.999756863674202911e-02 1.375739644970414288e-01 6.045744196631770428e-01 2.404415111515703363e-01 1.741010468821119553e-02 0.000000000000000000e+00
2.525000000000000000e+04 1.009975443231094783e-01 1.440600819299044100e-01 5.987710514337732937e-01 2.369139736003641195e-01 2.025489303595812488e-02 0.000000000000000000e+00
2.550000000000000000e+04 1.019975200094769274e-01 1.495220755575785154e-01 5.969503868912152678e-01 2.333864360491579304e-01 2.014110150204824826e-02 0.000000000000000000e+00
2.575000000000000000e+04 1.029974956958443766e-01 1.472462448793809831e-01 5.930814747382794350e-01 2.402139280837505553e-01 1.945835229858898507e-02 0.000000000000000000e+00
2.600000000000000000e+04 1.039974713822116037e-01 1.583978152025489194e-01 5.878470641784251383e-01 2.341829767865270806e-01 1.957214383249886169e-02 0.000000000000000000e+00
2.625000000000000000e+04 1.049974470685790529e-01 1.634046426945835184e-01 5.809057806099225951e-01 2.319071461083295482e-01 2.378243058716431393e-02 0.000000000000000000e+00
2.650000000000000000e+04 1.059974227549465020e-01 1.729631315430132099e-01 5.694128356850249872e-01 2.299726900318616318e-01 2.765134274010013632e-02 0.000000000000000000e+00
2.675000000000000000e+04 1.069973984413139512e-01 1.761492944924897552e-01 5.648611743286299225e-01 2.348657259899863403e-01 2.412380518889394726e-02 0.000000000000000000e+00
2.700000000000000000e+04 1.079973741276814003e-01 1.835457441966317771e-01 5.601957214383249672e-01 2.287209831588529751e-01 2.753755120619025970e-02 0.000000000000000000e+00
2.725000000000000000e+04 1.089973498140488495e-01 1.943559399180700975e-01 5.482476103777879084e-01 2.287209831588529751e-01 2.867546654528902936e-02 0.000000000000000000e+00
2.750000000000000000e+04 1.099973255004162986e-01 1.939007737824305910e-01 5.474510696404187859e-01 2.317933545744196577e-01 2.685480200273099652e-02 0.000000000000000000e+00
2.775000000000000000e+04 1.109973011867835258e-01 2.035730541647701453e-01 5.439235320892125136e-01 2.249658625398270329e-01 2.753755120619025970e-02 0.000000000000000000e+00
2.800000000000000000e+04 1.119972768731509749e-01 2.140418752844788219e-01 5.163859808830223441e-01 2.347519344560764776e-01 3.482020937642239106e-02 0.000000000000000000e+00
2.825000000000000000e+04 1.129972525595184241e-01 2.214383249886208438e-01 5.110377787892580459e-01 2.308830223031406448e-01 3.664087391898043083e-02 0.000000000000000000e+00
2.850000000000000000e+04 1.139972282458858732e-01 2.132453345471096995e-01 5.154756486117433312e-01 2.370277651342740100e-01 3.425125170687300796e-02 0.000000000000000000e+00
2.875000000000000000e+04 1.149972039322533224e-01 2.278106508875739622e-01 4.974965862539826866e-01 2.308830223031406448e-01 4.380974055530268557e-02 0.000000000000000000e+00
2.900000000000000000e+04 1.159971796186207715e-01 2.364588074647246130e-01 4.833864360491579304e-01 2.340691852526172179e-01 4.608557123350022489e-02 0.000000000000000000e+00
2.925000000000000000e+04 1.169971553049882207e-01 2.451069640418752915e-01 4.812243969048702885e-01 2.309968138370505353e-01 4.267182521620391245e-02 0.000000000000000000e+00
2.950000000000000000e+04 1.179971309913556698e-01 2.482931269913518368e-01 4.764451524806554428e-01 2.273554847519344557e-01 4.790623577605826466e-02 0.000000000000000000e+00
2.975000000000000000e+04 1.189971066777228970e-01 2.753755120619025831e-01 4.427628584433317971e-01 2.201866181156121871e-01 6.167501137915339104e-02 0.000000000000000000e+00
3.000000000000000000e+04 1.199970823640903461e-01 2.898270368684570109e-01 4.286527082385070408e-01 2.156349567592171224e-01 6.588529813381883982e-02 0.000000000000000000e+00
3.025000000000000000e+04 1.209970580504577953e-01 2.790168411470186349e-01 4.401456531634046487e-01 2.193900773782430647e-01 6.144742831133363781e-02 0.000000000000000000e+00
3.050000000000000000e+04 1.219970337368252444e-01 2.930131998179335562e-01 4.186390532544378429e-01 2.199590350477924339e-01 6.838871187983613931e-02 0.000000000000000000e+00
3.075000000000000000e+04 1.229970094231926936e-01 2.809512972234865513e-01 4.382111970869367323e-01 2.276968593536640995e-01 5.314064633591260994e-02 0.000000000000000000e+00
3.100000000000000000e+04 1.239969851095601427e-01 2.917614929449248717e-01 4.230769230769230727e-01 2.284934000910332219e-01 5.666818388711879900e-02 0.000000000000000000e+00
3.125000000000000000e+04 1.249969607959275919e-01 3.105370960400546387e-01 4.120391442876649712e-01 2.193900773782430647e-01 5.803368229403732537e-02 0.000000000000000000e+00
3.150000000000000000e+04 1.259969364822950411e-01 3.185025034137460298e-01 4.060081929904414966e-01 2.101729631315430169e-01 6.531634046426945672e-02 0.000000000000000000e+00
3.175000000000000000e+04 1.269969121686622682e-01 3.219162494310423561e-01 4.072598998634501810e-01 2.137005006827492060e-01 5.712335002275830548e-02 0.000000000000000000e+00
3.200000000000000000e+04 1.279968878550297173e-01 3.262403277196176399e-01 4.105598543468366168e-01 2.025489303595812418e-01 6.065088757396449454e-02 0.000000000000000000e+00
3.225000000000000000e+04 1.289968635413971665e-01 3.317023213472917731e-01 4.154528903049612976e-01 1.970869367319071364e-01 5.575785161583977911e-02 0.000000000000000000e+00
3.250000000000000000e+04 1.299968392277646156e-01 3.235093309057806010e-01 4.225079654073736757e-01 1.935593991807009473e-01 6.042330450614474130e-02 0.000000000000000000e+00
3.275000000000000000e+04 1.309968149141320648e-01 3.244196631770596140e-01 4.259217114246700020e-01 1.948111060537096040e-01 5.484751934456076616e-02 0.000000000000000000e+00
3.300000000000000000e+04 1.319967906004995140e-01 3.240782885753299980e-01 4.208010923987255403e-01 1.946973145197997135e-01 6.042330450614474130e-02 0.000000000000000000e+00
3.325000000000000000e+04 1.329967662868669631e-01 3.000682749203459343e-01 4.550523441055985274e-01 2.071005917159763343e-01 3.777878925807919702e-02 0.000000000000000000e+00
3.350000000000000000e+04 1.339967419732341902e-01 3.101957214383249672e-01 4.432180245789713036e-01 2.022075557578516258e-01 4.437869822485206867e-02 0.000000000000000000e+00
3.375000000000000000e+04 1.349967176596016394e-01 3.075785161583978189e-01 4.545971779699590209e-01 1.995903504779244497e-01 3.823395539371871044e-02 0.000000000000000000e+00
3.400000000000000000e+04 1.359966933459690885e-01 2.991579426490669213e-01 4.674556213017751483e-01 1.933318161128811941e-01 3.994082840236686666e-02 1.137915339098771066e-04
3.425000000000000000e+04 1.369966690323365377e-01 2.894856622667273394e-01 4.748520710059171424e-01 2.012972234865725851e-01 3.436504324078288458e-02 0.000000000000000000e+00
3.450000000000000000e+04 1.379966447187039869e-01 2.790168411470186349e-01 4.782658170232134687e-01 2.117660446062812896e-01 3.095129722348657214e-02 0.000000000000000000e+00
3.475000000000000000e+04 1.389966204050714360e-01 2.639963586709148657e-01 4.987482931269913711e-01 2.030040964952207483e-01 3.425125170687300796e-02 0.000000000000000000e+00
3.500000000000000000e+04 1.399965960914388852e-01 2.568274920345926526e-01 5.113791533909877174e-01 1.968593536640873831e-01 3.493400091033227461e-02 0.000000000000000000e+00
3.525000000000000000e+04 1.409965717778063343e-01 2.502275830678197810e-01 5.169549385525716856e-01 2.064178425125170746e-01 2.628584433318160996e-02 1.137915339098771066e-04
3.550000000000000000e+04 1.419965474641735614e-01 2.439690487027765253e-01 5.196859353664087244e-01 2.024351388256713791e-01 3.390987710514337811e-02 0.000000000000000000e+00
3.575000000000000000e+04 1.429965231505410106e-01 2.299726900318616318e-01 5.307237141556667703e-01 2.057350933090578149e-01 3.356850250341374825e-02 0.000000000000000000e+00
3.600000000000000000e+04 1.439964988369084598e-01 2.226900318616295005e-01 5.349340009103322746e-01 2.116522530723714268e-01 3.072371415566681890e-02 0.000000000000000000e+00
3.625000000000000000e+04 1.449964745232759089e-01 2.228038233955393632e-01 5.372098315885298625e-01 2.143832498862084657e-01 2.560309512972235024e-02 0.000000000000000000e+00
3.650000000000000000e+04 1.459964502096433581e-01 2.196176604460628179e-01 5.380063723258989850e-01 2.134729176149294527e-01 2.890304961310878606e-02 0.000000000000000000e+00
3.675000000000000000e+04 1.469964258960108072e-01 2.214383249886208438e-01 5.293582157487483064e-01 2.166590805644059980e-01 3.254437869822485174e-02 0.000000000000000000e+00
3.700000000000000000e+04 1.479964015823782564e-01 2.182521620391442985e-01 5.386891215293582169e-01 2.167728720983158885e-01 2.628584433318160996e-02 0.000000000000000000e+00
3.725000000000000000e+04 1.489963772687457055e-01 2.255348202093764298e-01 5.242375967228037892e-01 2.182521620391442985e-01 3.197542102867546865e-02 0.000000000000000000e+00
3.750000000000000000e+04 1.499963529551129326e-01 2.205279927173418308e-01 5.323167956304051263e-01 2.190487027765134209e-01 2.810650887573964626e-02 0.000000000000000000e+00
3.775000000000000000e+04 1.509963286414803818e-01 2.100591715976331264e-01 5.328857532999544677e-01 2.270141101502048120e-01 3.004096495220755572e-02 0.000000000000000000e+00
3.800000000000000000e+04 1.519963043278478310e-01 2.118798361401911801e-01 5.282203004096495125e-01 2.330450614474283144e-01 2.685480200273099652e-02 0.000000000000000000e+00
3.825000000000000000e+04 1.529962800142152801e-01 1.978834774692762866e-01 5.263996358670914866e-01 2.476103777878925771e-01 2.810650887573964626e-02 0.000000000000000000e+00
3.850000000000000000e+04 1.539962557005827293e-01 2.035730541647701453e-01 5.271961766044606090e-01 2.393035958124715423e-01 2.992717341829767910e-02 0.000000000000000000e+00
3.875000000000000000e+04 1.549962313869501784e-01 1.972007282658170269e-01 5.298133818843877574e-01 2.436276741010468816e-01 2.935821574874829254e-02 0.000000000000000000e+00
3.900000000000000000e+04 1.559962070733176276e-01 2.009558488848429691e-01 5.327719617660445772e-01 2.461310878470641672e-01 2.014110150204824826e-02 0.000000000000000000e+00
3.925000000000000000e+04 1.569961827596848547e-01 2.139280837505689592e-01 5.230996813837051063e-01 2.439690487027765253e-01 1.900318616294947513e-02 0.000000000000000000e+00
3.950000000000000000e+04 1.579961584460523039e-01 2.022075557578516258e-01 5.296995903504779779e-01 2.472690031861629611e-01 2.082385070550751144e-02 0.000000000000000000e+00
3.975000000000000000e+04 1.589961341324197530e-01 2.048247610377788019e-01 5.311788802913063323e-01 2.462448793809740577e-01 1.775147928994082885e-02 0.000000000000000000e+00
4.000000000000000000e+04 1.599961098187872022e-01 1.951524806554392477e-01 5.323167956304051263e-01 2.473827947200728239e-01 2.514792899408284030e-02 0.000000000000000000e+00
4.025000000000000000e+04 1.609960855051546513e-01 2.023213472917614886e-01 5.261720527992717056e-01 2.481793354574419741e-01 2.332726445152480746e-02 0.000000000000000000e+00
4.050000000000000000e+04 1.619960611915221005e-01 2.051661356395084179e-01 5.220755575785162028e-01 2.513654984069185194e-01 2.139280837505689453e-02 0.000000000000000000e+00
4.075000000000000000e+04 1.629960368778895496e-01 1.978834774692762866e-01 5.266272189349112676e-01 2.506827492034592875e-01 2.480655439235321044e-02 0.000000000000000000e+00
4.100000000000000000e+04 1.639960125642569988e-01 2.055075102412380617e-01 5.210514337733272994e-01 2.526172052799271484e-01 2.082385070550751144e-02 0.000000000000000000e+00
4.125000000000000000e+04 1.649959882506242259e-01 2.026627218934911323e-01 5.254893035958124736e-01 2.501137915339098905e-01 2.173418297678652786e-02 0.000000000000000000e+00
4.150000000000000000e+04 1.659959639369916751e-01 2.135867091488393155e-01 5.211652253072371899e-01 2.453345471096950448e-01 1.991351843422849502e-02 0.000000000000000000e+00
4.175000000000000000e+04 1.669959396233591242e-01 2.063040509786071841e-01 5.197997269003186149e-01 2.546654528903049552e-01 1.923076923076923184e-02 0.000000000000000000e+00
4.200000000000000000e+04 1.679959153097265734e-01 2.104005461993627701e-01 5.183204369594902605e-01 2.490896677287209870e-01 2.218934911242603433e-02 0.000000000000000000e+00
4.225000000000000000e+04 1.689958909960940225e-01 2.076695493855257035e-01 5.174101046882112476e-01 2.542102867546654488e-01 2.071005917159763482e-02 0.000000000000000000e+00
4.250000000000000000e+04 1.699958666824614717e-01 2.067592171142466906e-01 5.145653163404643182e-01 2.555757851615839682e-01 2.309968138370505075e-02 0.000000000000000000e+00
4.275000000000000000e+04 1.709958423688289209e-01 2.171142467000455045e-01 5.060309512972235302e-01 2.545516613563950648e-01 2.230314064633591095e-02 0.000000000000000000e+00
4.300000000000000000e+04 1.719958180551963700e-01 2.082385070550751005e-01 5.141101502048247562e-01 2.553482020937642427e-01 2.230314064633591095e-02 0.000000000000000000e+00
4.325000000000000000e+04 1.729957937415635971e-01 2.203004096495220776e-01 5.013654984069185749e-01 2.559171597633135842e-01 2.241693218024579104e-02 0.000000000000000000e+00
4.350000000000000000e+04 1.739957694279310463e-01 2.139280837505689592e-01 4.996586253982703840e-01 2.620619025944469493e-01 2.435138825671370050e-02 0.000000000000000000e+00
4.375000000000000000e+04 1.749957451142984954e-01 2.164314974965862448e-01 5.067137005006827621e-01 2.584205735093308975e-01 1.843422849340009204e-02 0.000000000000000000e+00
4.400000000000000000e+04 1.759957208006659446e-01 2.197314519799726806e-01 4.993172507965407125e-01 2.577378243058716656e-01 2.321347291761493084e-02 0.000000000000000000e+00
4.425000000000000000e+04 1.769956964870333938e-01 2.140418752844788219e-01 4.998862084660901095e-01 2.597860719162494170e-01 2.628584433318160996e-02 0.000000000000000000e+00
4.450000000000000000e+04 1.779956721734008429e-01 2.206417842512516936e-01 4.915794264906691025e-01 2.609239872553482109e-01 2.685480200273099652e-02 0.000000000000000000e+00
4.475000000000000000e+04 1.789956478597682921e-01 2.264451524806554428e-01 4.839553937187073274e-01 2.625170687300864558e-01 2.708238507055074976e-02 0.000000000000000000e+00
4.500000000000000000e+04 1.799956235461355192e-01 2.404415111515703363e-01 4.665452890304961353e-01 2.642239417387346467e-01 2.878925807919890598e-02 0.000000000000000000e+00
4.525000000000000000e+04 1.809955992325029683e-01 2.352071005917159841e-01 4.621074192080109055e-01 2.683204369594902050e-01 3.436504324078288458e-02 0.000000000000000000e+00
4.550000000000000000e+04 1.819955749188704175e-01 2.324761037778789174e-01 4.710969503868912001e-01 2.686618115612198210e-01 2.776513427401001294e-02 0.000000000000000000e+00
4.575000000000000000e+04 1.829955506052378666e-01 2.233727810650887602e-01 4.700728265817022966e-01 2.758306781975420896e-01 3.072371415566681890e-02 0.000000000000000000e+00
4.600000000000000000e+04 1.839955262916053158e-01 2.319071461083295482e-01 4.696176604460627901e-01 2.674101046882111921e-01 3.106508875739644876e-02 0.000000000000000000e+00
4.625000000000000000e+04 1.849955019779727650e-01 2.363450159308147502e-01 4.688211197086936677e-01 2.670687300864815761e-01 2.776513427401001294e-02 0.000000000000000000e+00
4.650000000000000000e+04 1.859954776643402141e-01 2.311106053709603980e-01 4.750796540737369233e-01 2.657032316795630567e-01 2.810650887573964626e-02 0.000000000000000000e+00
4.675000000000000000e+04 1.869954533507076633e-01 2.278106508875739622e-01 4.703004096495220776e-01 2.687756030951297115e-01 3.311333636777423484e-02 0.000000000000000000e+00
4.700000000000000000e+04 1.879954290370748904e-01 2.295175238962221254e-01 4.718934911242603780e-01 2.704824761037779024e-01 2.799271734182976618e-02 1.137915339098771066e-04
4.725000000000000000e+04 1.889954047234423395e-01 2.308830223031406448e-01 4.723486572598998845e-01 2.723031406463359283e-01 2.446517979062357712e-02 0.000000000000000000e+00
4.750000000000000000e+04 1.899953804098097887e-01 2.304278561675011383e-01 4.691624943104232837e-01 2.760582612653618706e-01 2.435138825671370050e-02 0.000000000000000000e+00
4.775000000000000000e+04 1.909953560961772379e-01 2.413518434228493492e-01 4.663177059626763543e-01 2.635411925352753593e-01 2.878925807919890598e-02 0.000000000000000000e+00
4.800000000000000000e+04 1.919953317825446870e-01 2.444242148384160318e-01 4.655211652253072319e-01 2.684342284934000955e-01 2.162039144287665124e-02 0.000000000000000000e+00
4.825000000000000000e+04 1.929953074689121362e-01 2.462448793809740577e-01 4.657487482931270129e-01 2.628584433318161273e-01 2.514792899408284030e-02 0.000000000000000000e+00
4.850000000000000000e+04 1.939952831552795853e-01 2.411242603550295960e-01 4.697314519799726806e-01 2.618343195266272239e-01 2.730996813837050646e-02 0.000000000000000000e+00
4.875000000000000000e+04 1.949952588416470345e-01 2.500000000000000000e-01 4.646108329540282189e-01 2.598998634501593075e-01 2.548930359581247015e-02 0.000000000000000000e+00
4.900000000000000000e+04 1.959952345280142616e-01 2.515930814747383004e-01 4.623350022758306865e-01 2.606964041875284299e-01 2.537551206190259354e-02 0.000000000000000000e+00
4.925000000000000000e+04 1.969952102143817108e-01 2.537551206190259423e-01 4.651797906235776159e-01 2.546654528903049552e-01 2.639963586709149004e-02 0.000000000000000000e+00
4.950000000000000000e+04 1.979951859007491599e-01 2.441966317705962786e-01 4.730314064633591165e-01 2.513654984069185194e-01 3.140646335912607862e-02 0.000000000000000000e+00
4.975000000000000000e+04 1.989951615871166091e-01 2.628584433318161273e-01 4.649522075557578349e-01 2.467000455166135642e-01 2.548930359581247015e-02 0.000000000000000000e+00
5.000000000000000000e+04 1.999951372734840582e-01 2.577378243058716656e-01 4.745106964041875264e-01 2.396449704142011861e-01 2.810650887573964626e-02 0.000000000000000000e+00
5.025000000000000000e+04 2.009951129598515074e-01 2.545516613563950648e-01 4.703004096495220776e-01 2.486345015930814806e-01 2.651342740100136666e-02 0.000000000000000000e+00
5.050000000000000000e+04 2.019950886462189565e-01 2.528447883477469293e-01 4.689349112426035582e-01 2.486345015930814806e-01 2.958579881656804578e-02 0.000000000000000000e+00
5.075000000000000000e+04 2.029950643325861837e-01 2.635411925352753593e-01 4.589212562585343602e-01 2.481793354574419741e-01 2.935821574874829254e-02 0.000000000000000000e+00
5.100000000000000000e+04 2.039950400189536328e-01 2.690031861629494925e-01 4.599453800637232637e-01 2.424897587619481154e-01 2.856167501137915274e-02 0.000000000000000000e+00
5.125000000000000000e+04 2.049950157053210820e-01 2.708238507055075184e-01 4.680245789713245452e-01 2.358898497951752438e-01 2.514792899408284030e-02 1.137915339098771066e-04
5.150000000000000000e+04 2.059949913916885311e-01 2.719617660446062568e-01 4.649522075557578349e-01 2.368001820664542567e-01 2.628584433318160996e-02 0.000000000000000000e+00
5.175000000000000000e+04 2.069949670780559803e-01 2.710514337733272439e-01 4.613108784706417831e-01 2.362312243969048597e-01 3.140646335912607862e-02 0.000000000000000000e+00
5.200000000000000000e+04 2.079949427644234294e-01 2.677514792899408080e-01 4.775830678197542367e-01 2.298588984979517413e-01 2.480655439235321044e-02 0.000000000000000000e+00
5.225000000000000000e+04 2.089949184507908786e-01 2.791306326809285254e-01 4.671142467000455323e-01 2.289485662266727284e-01 2.480655439235321044e-02 0.000000000000000000e+00
5.250000000000000000e+04 2.099948941371583278e-01 2.715065999089667503e-01 4.705279927173418031e-01 2.332726445152480677e-01 2.469276285844333035e-02 0.000000000000000000e+00
5.275000000000000000e+04 2.109948698235255549e-01 2.748065543923531862e-01 4.615384615384615641e-01 2.322485207100591642e-01 3.140646335912607862e-02 0.000000000000000000e+00
5.300000000000000000e+04 2.119948455098930040e-01 2.866408739189804100e-01 4.539144287664997890e-01 2.258761948111060458e-01 3.356850250341374825e-02 0.000000000000000000e+00
5.325000000000000000e+04 2.129948211962604532e-01 2.973372781065088954e-01 4.473145197997269173e-01 2.280382339553937154e-01 2.730996813837050646e-02 0.000000000000000000e+00
5.350000000000000000e+04 2.139947968826279023e-01 2.948338643604915821e-01 4.423076923076922906e-01 2.266727355484751960e-01 3.618570778334091742e-02 0.000000000000000000e+00
5.375000000000000000e+04 2.149947725689953515e-01 3.045061447428311086e-01 4.194355939918070209e-01 2.342967683204369711e-01 4.176149294492489950e-02 0.000000000000000000e+00
5.400000000000000000e+04 2.159947482553628006e-01 2.984751934456076339e-01 4.210286754665452658e-01 2.399863450159308020e-01 4.050978607191624975e-02 0.000000000000000000e+00
5.425000000000000000e+04 2.169947239417302498e-01 3.081474738279472159e-01 4.164770141101502010e-01 2.354346836595357373e-01 3.994082840236686666e-02 0.000000000000000000e+00
5.450000000000000000e+04 2.179946996280976990e-01 3.039371870732817671e-01 4.129494765589440397e-01 2.410104688211197055e-01 4.210286754665452935e-02 0.000000000000000000e+00
5.475000000000000000e+04 2.189946753144649261e-01 3.130405097860718966e-01 4.014565316340464318e-01 2.365725989986345035e-01 4.893035958124715423e-02 0.000000000000000000e+00
5.500000000000000000e+04 2.199946510008323752e-01 3.188438780154756458e-01 3.950842057350932857e-01 2.373691397360036537e-01 4.858898497951752438e-02 1.137915339098771066e-04
5.525000000000000000e+04 2.209946266871998244e-01 3.218024578971324656e-01 3.911015020482476179e-01 2.394173873463814328e-01 4.767865270823850449e-02 0.000000000000000000e+00
5.550000000000000000e+04 2.219946023735672735e-01 3.172507965407373454e-01 3.970186618115612021e-01 2.371415566681839004e-01 4.858898497951752438e-02 0.000000000000000000e+00
5.575000000000000000e+04 2.229945780599347227e-01 3.305644060081929791e-01 3.822257624032772139e-01 2.403277196176604458e-01 4.688211197086936816e-02 0.000000000000000000e+00
5.600000000000000000e+04 2.239945537463021719e-01 3.386436049157942607e-01 3.756258534365043422e-01 2.369139736003641195e-01 4.870277651342740100e-02 1.137915339098771066e-04
5.625000000000000000e+04 2.249945294326696210e-01 3.400091033227127801e-01 3.672052799271734447e-01 2.422621756941283622e-01 5.052344105598543383e-02 0.000000000000000000e+00
5.650000000000000000e+04 2.259945051190368481e-01 3.383022303140646447e-01 3.670914883932635542e-01 2.412380518889394587e-01 5.336822940373236318e-02 0.000000000000000000e+00
5.675000000000000000e+04 2.269944808054042973e-01 3.389849795175238767e-01 3.583295402822029851e-01 2.479517523896222209e-01 5.461993627674101293e-02 1.137915339098771066e-04
