# itime ezz other fcc hcp bcc ico
0.000000000000000000e+00 0.000000000000000000e+00 1.365498406918525280e-03 9.986345015930814251e-01 0.000000000000000000e+00 0.000000000000000000e+00 0.000000000000000000e+00
8.000000000000000000e+03 1.999957795209894584e-03 1.137915339098770958e-03 9.988620846609012061e-01 0.000000000000000000e+00 0.000000000000000000e+00 0.000000000000000000e+00
1.600000000000000000e+04 3.999915590420011213e-03 5.689576695493854790e-04 9.994310423304506585e-01 0.000000000000000000e+00 0.000000000000000000e+00 0.000000000000000000e+00
2.400000000000000000e+04 5.999873385629905798e-03 2.048247610377787811e-03 9.979517523896221931e-01 0.000000000000000000e+00 0.000000000000000000e+00 0.000000000000000000e+00
3.200000000000000000e+04 7.999831180840022427e-03 3.413746017296313199e-04 9.996586253982703285e-01 0.000000000000000000e+00 0.000000000000000000e+00 0.000000000000000000e+00
4.000000000000000000e+04 9.999788976049917011e-03 4.551661356395084266e-04 9.995448338643604380e-01 0.000000000000000000e+00 0.000000000000000000e+00 0.000000000000000000e+00
4.800000000000000000e+04 1.199974677126003364e-02 2.162039144287664864e-03 9.978379608557123026e-01 0.000000000000000000e+00 0.000000000000000000e+00 0.000000000000000000e+00
5.600000000000000000e+04 1.399970456646992822e-02 2.730996813837050560e-03 9.972690031861629611e-01 0.000000000000000000e+00 0.000000000000000000e+00 0.000000000000000000e+00
6.400000000000000000e+04 1.599966236168004485e-02 1.137915339098771066e-04 9.998862084660901095e-01 0.000000000000000000e+00 0.000000000000000000e+00 0.000000000000000000e+00
7.200000000000000000e+04 1.799962015688993944e-02 1.934456076467910759e-03 9.980655439235320836e-01 0.000000000000000000e+00 0.000000000000000000e+00 0.000000000000000000e+00
8.000000000000000000e+04 1.999957795210005607e-02 1.479289940828402332e-03 9.985207100591716456e-01 0.000000000000000000e+00 0.000000000000000000e+00 0.000000000000000000e+00
8.800000000000000000e+04 2.199953574730995065e-02 2.503413746017296455e-03 9.973827947200728516e-01 0.000000000000000000e+00 1.137915339098771066e-04 0.000000000000000000e+00
9.600000000000000000e+04 2.399949354252006728e-02 2.048247610377787811e-03 9.979517523896221931e-01 0.000000000000000000e+00 0.000000000000000000e+00 0.000000000000000000e+00
1.040000000000000000e+05 2.599945133772996186e-02 3.072371415566681717e-03 9.968138370505233992e-01 0.000000000000000000e+00 1.137915339098771066e-04 0.000000000000000000e+00
1.120000000000000000e+05 2.799940913294007849e-02 3.755120619025944465e-03 9.960172963131542767e-01 0.000000000000000000e+00 2.275830678197542133e-04 0.000000000000000000e+00
1.200000000000000000e+05 2.999936692814997308e-02 4.893035958124715423e-03 9.951069640418752638e-01 0.000000000000000000e+00 0.000000000000000000e+00 0.000000000000000000e+00
1.280000000000000000e+05 3.199932472336008971e-02 5.006827492034592909e-03 9.948793809740554828e-01 0.000000000000000000e+00 1.137915339098771066e-04 0.000000000000000000e+00
1.360000000000000000e+05 3.399928251856998429e-02 3.982703686845699004e-03 9.959035047792443862e-01 0.000000000000000000e+00 1.137915339098771066e-04 0.000000000000000000e+00
1.440000000000000000e+05 3.599924031378010092e-02 6.827492034592626616e-03 9.930587164314974569e-01 0.000000000000000000e+00 1.137915339098771066e-04 0.000000000000000000e+00
1.520000000000000000e+05 3.799919810898999550e-02 7.624032771961766417e-03 9.921483841602184439e-01 0.000000000000000000e+00 2.275830678197542133e-04 0.000000000000000000e+00
1.600000000000000000e+05 3.999915590420011213e-02 6.372325898953117539e-03 9.934000910332271284e-01 0.000000000000000000e+00 2.275830678197542133e-04 0.000000000000000000e+00
1.680000000000000000e+05 4.199911369941000672e-02 6.827492034592626616e-03 9.928311333636777869e-01 0.000000000000000000e+00 3.413746017296313199e-04 0.000000000000000000e+00
1.760000000000000000e+05 4.399907149462012335e-02 8.079198907601274626e-03 9.918070095584888834e-01 0.000000000000000000e+00 1.137915339098771066e-04 0.000000000000000000e+00
1.840000000000000000e+05 4.599902928983001793e-02 7.510241238051888930e-03 9.924897587619481154e-01 0.000000000000000000e+00 0.000000000000000000e+00 0.000000000000000000e+00
1.920000000000000000e+05 4.799898708504013456e-02 1.365498406918525323e-02 9.849795175238962308e-01 0.000000000000000000e+00 1.365498406918525280e-03 0.000000000000000000e+00
2.000000000000000000e+05 4.999894488025002914e-02 1.194811106053709528e-02 9.872553482020938187e-01 0.000000000000000000e+00 7.965407373691396923e-04 0.000000000000000000e+00
2.080000000000000000e+05 5.199890267546014577e-02 1.706873008648156567e-02 9.815657715065999600e-01 0.000000000000000000e+00 1.365498406918525280e-03 0.000000000000000000e+00
2.160000000000000000e+05 5.399886047067004036e-02 1.479289940828402289e-02 9.848657259899863403e-01 0.000000000000000000e+00 3.413746017296313199e-04 0.000000000000000000e+00
2.240000000000000000e+05 5.599881826588015699e-02 2.071005917159763482e-02 9.788347746927628101e-01 0.000000000000000000e+00 4.551661356395084266e-04 0.000000000000000000e+00
2.320000000000000000e+05 5.799877606109005157e-02 2.856167501137915274e-02 9.705279927173418031e-01 0.000000000000000000e+00 9.103322712790168532e-04 0.000000000000000000e+00
2.400000000000000000e+05 5.999873385630016820e-02 2.344105598543468408e-02 9.753072371415566488e-01 0.000000000000000000e+00 1.251706873008648227e-03 0.000000000000000000e+00
2.480000000000000000e+05 6.199869165151006278e-02 2.947200728265816916e-02 9.692762858443332297e-01 0.000000000000000000e+00 1.251706873008648227e-03 0.000000000000000000e+00
2.560000000000000000e+05 6.399864944672017941e-02 2.628584433318160996e-02 9.723486572598998290e-01 0.000000000000000000e+00 1.365498406918525280e-03 0.000000000000000000e+00
2.640000000000000000e+05 6.599860724193007400e-02 4.449248975876194528e-02 9.533454710969503365e-01 0.000000000000000000e+00 2.162039144287664864e-03 0.000000000000000000e+00
2.720000000000000000e+05 6.799856503714019063e-02 4.039599453800637313e-02 9.576695493855257313e-01 0.000000000000000000e+00 1.934456076467910759e-03 0.000000000000000000e+00
2.800000000000000000e+05 6.999852283235008521e-02 5.177514792899408358e-02 9.460628129267182329e-01 0.000000000000000000e+00 2.162039144287664864e-03 0.000000000000000000e+00
2.880000000000000000e+05 7.199848062756020184e-02 5.223031406463359005e-02 9.434456076467910846e-01 0.000000000000000000e+00 4.324078288575329727e-03 0.000000000000000000e+00
2.960000000000000000e+05 7.399843842277009642e-02 6.884387801547564578e-02 9.267182521620391800e-01 0.000000000000000000e+00 4.437869822485207214e-03 0.000000000000000000e+00
3.040000000000000000e+05 7.599839621798021305e-02 6.486117432862995025e-02 9.295630405097861093e-01 0.000000000000000000e+00 5.575785161583977738e-03 0.000000000000000000e+00
3.120000000000000000e+05 7.799835401319010764e-02 8.864360491579426071e-02 8.998634501593081314e-01 1.137915339098771066e-04 1.137915339098771045e-02 0.000000000000000000e+00
3.200000000000000000e+05 7.999831180840022427e-02 1.407601274465179741e-01 8.239644970414201630e-01 7.965407373691398007e-03 2.730996813837050646e-02 0.000000000000000000e+00
3.280000000000000000e+05 8.199826960361011885e-02 7.316795630405098505e-02 6.644287664997724496e-01 2.451069640418752915e-01 1.729631315430131891e-02 0.000000000000000000e+00
3.360000000000000000e+05 8.399822739882023548e-02 7.237141556668183484e-02 6.602184797451069453e-01 2.507965407373691225e-01 1.661356395084205573e-02 0.000000000000000000e+00
3.440000000000000000e+05 8.599818519403013006e-02 6.702321347291761988e-02 6.673873463814292695e-01 2.507965407373691225e-01 1.479289940828402289e-02 0.000000000000000000e+00
3.520000000000000000e+05 8.799814298924024669e-02 8.056440600819299303e-02 6.513427401001365968e-01 2.531861629494765453e-01 1.490669094219390124e-02 0.000000000000000000e+00
3.600000000000000000e+05 8.999810078445014128e-02 8.375056895766955223e-02 6.504324078288575839e-01 2.459035047792444140e-01 1.991351843422849502e-02 0.000000000000000000e+00
3.680000000000000000e+05 9.199805857966025791e-02 9.706417842512517213e-02 6.380291306326809631e-01 2.455621301775147980e-01 1.934456076467910846e-02 0.000000000000000000e+00
3.760000000000000000e+05 9.399801637487015249e-02 9.035047792444242387e-02 6.401911697769685494e-01 2.468138370505234547e-01 2.264451524806554428e-02 0.000000000000000000e+00
3.840000000000000000e+05 9.599797417008026912e-02 9.888484296768319803e-02 6.360946745562130467e-01 2.432862994993172379e-01 2.173418297678652786e-02 0.000000000000000000e+00
3.920000000000000000e+05 9.799793196529016370e-02 1.083295402822029990e-01 6.225534820209376319e-01 2.454483386436049075e-01 2.366863905325443732e-02 0.000000000000000000e+00
4.000000000000000000e+05 9.999788976050028033e-02 1.137915339098771045e-01 6.121984524351388179e-01 2.413518434228493492e-01 3.265817023213472836e-02 0.000000000000000000e+00
4.080000000000000000e+05 1.019978475557101749e-01 1.469048702776513393e-01 5.686162949476558648e-01 2.358898497951752438e-01 4.858898497951752438e-02 0.000000000000000000e+00
4.160000000000000000e+05 1.039978053509202915e-01 7.441966317705962786e-02 6.481565771506599960e-01 2.547792444242148457e-01 2.264451524806554428e-02 0.000000000000000000e+00
4.240000000000000000e+05 1.059977631461301861e-01 7.237141556668183484e-02 6.472462448793809831e-01 2.569412835685024876e-01 2.344105598543468408e-02 0.000000000000000000e+00
4.320000000000000000e+05 1.079977209413403028e-01 7.111970869367319203e-02 6.482703686845698865e-01 2.567137005006827621e-01 2.389622212107419055e-02 0.000000000000000000e+00
4.400000000000000000e+05 1.099976787365501973e-01 7.487482931269913433e-02 6.442876649977241632e-01 2.567137005006827621e-01 2.412380518889394726e-02 0.000000000000000000e+00
4.480000000000000000e+05 1.119976365317603140e-01 7.077833409194356218e-02 6.439462903959944917e-01 2.584205735093308975e-01 2.685480200273099652e-02 0.000000000000000000e+00
4.560000000000000000e+05 1.139975943269702086e-01 8.170232134729175921e-02 6.392808375056895365e-01 2.529585798816568198e-01 2.605826126536185672e-02 0.000000000000000000e+00
4.640000000000000000e+05 1.159975521221803252e-01 7.783340919435594030e-02 6.391670459717796460e-01 2.540964952207555583e-01 2.890304961310878606e-02 0.000000000000000000e+00
4.720000000000000000e+05 1.179975099173902198e-01 7.851615839781520001e-02 6.412152935821574529e-01 2.526172052799271484e-01 2.765134274010013632e-02 0.000000000000000000e+00
4.800000000000000000e+05 1.199974677126003364e-01 7.976786527082385669e-02 6.424670004551661373e-01 2.534137460172963263e-01 2.435138825671370050e-02 0.000000000000000000e+00
4.880000000000000000e+05 1.219974255078102310e-01 7.897132453345470648e-02 6.417842512517069054e-01 2.540964952207555583e-01 2.514792899408284030e-02 0.000000000000000000e+00
4.960000000000000000e+05 1.239973833030203476e-01 8.375056895766955223e-02 6.352981338188439242e-01 2.492034592626308498e-01 3.174783796085571541e-02 0.000000000000000000e+00
5.040000000000000000e+05 1.259973410982302422e-01 8.522985889849794827e-02 6.345015930814746907e-01 2.496586253982703563e-01 3.060992262175694228e-02 0.000000000000000000e+00
5.120000000000000000e+05 1.279972988934403588e-01 8.773327264451524776e-02 6.309740555302685294e-01 2.480655439235320836e-01 3.322712790168411146e-02 0.000000000000000000e+00
5.200000000000000000e+05 1.299972566886502534e-01 9.012289485662267063e-02 6.279016841147018191e-01 2.451069640418752915e-01 3.686845698680018407e-02 0.000000000000000000e+00
5.280000000000000000e+05 1.319972144838603700e-01 9.387801547564861293e-02 6.315430131998179819e-01 2.468138370505234547e-01 2.776513427401001294e-02 0.000000000000000000e+00
5.360000000000000000e+05 1.339971722790702646e-01 9.729176149294492537e-02 6.268775603095130267e-01 2.487482931269913433e-01 2.708238507055074976e-02 0.000000000000000000e+00
5.440000000000000000e+05 1.359971300742803813e-01 9.820209376422393832e-02 6.242603550295857673e-01 2.473827947200728239e-01 3.015475648611743234e-02 0.000000000000000000e+00
5.520000000000000000e+05 1.379970878694902758e-01 1.125398270368684617e-01 6.185707783340919086e-01 2.431725079654073751e-01 2.571688666363222686e-02 0.000000000000000000e+00
5.600000000000000000e+05 1.399970456647003925e-01 1.115157032316795582e-01 6.228948566226673034e-01 2.415794264906691025e-01 2.401001365498407064e-02 0.000000000000000000e+00
5.680000000000000000e+05 1.419970034599102870e-01 1.074192080109239861e-01 6.256258534365043422e-01 2.401001365498406925e-01 2.685480200273099652e-02 0.000000000000000000e+00
5.760000000000000000e+05 1.439969612551204037e-01 1.133363677742375980e-01 6.331360946745562268e-01 2.267865270823850588e-01 2.674101046882111990e-02 0.000000000000000000e+00
5.840000000000000000e+05 1.459969190503302983e-01 9.342284934000910646e-02 6.892353208921255803e-01 1.935593991807009473e-01 2.378243058716431393e-02 0.000000000000000000e+00
5.920000000000000000e+05 1.479968768455401928e-01 9.319526627218935322e-02 6.901456531634045932e-01 1.945835229858898507e-01 2.207555757851615771e-02 0.000000000000000000e+00
6.000000000000000000e+05 1.499968346407503095e-01 9.615384615384615918e-02 6.821802457897132577e-01 1.946973145197997135e-01 2.696859353664087314e-02 0.000000000000000000e+00
6.080000000000000000e+05 1.519967924359602041e-01 8.932635411925353430e-02 6.894629039599453613e-01 1.940145653163404538e-01 2.719617660446062984e-02 0.000000000000000000e+00
6.160000000000000000e+05 1.539967502311703207e-01 1.054847519344560697e-01 6.775147928994083024e-01 1.926490669094219343e-01 2.435138825671370050e-02 0.000000000000000000e+00
6.240000000000000000e+05 1.559967080263802153e-01 1.134501593081474746e-01 6.706873008648156498e-01 1.924214838416021811e-01 2.344105598543468408e-02 0.000000000000000000e+00
6.320000000000000000e+05 1.579966658215903319e-01 1.224396904870277691e-01 6.598771051433773849e-01 1.884387801547564856e-01 2.924442421483841592e-02 0.000000000000000000e+00
6.400000000000000000e+05 1.599966236168002265e-01 1.243741465634956717e-01 6.525944469731451703e-01 1.885525716886663761e-01 3.447883477469276120e-02 0.000000000000000000e+00
6.480000000000000000e+05 1.619965814120103431e-01 1.340464269458352398e-01 6.432635411925352598e-01 1.825216203914428736e-01 4.016841147018661989e-02 0.000000000000000000e+00
6.560000000000000000e+05 1.639965392072202377e-01 1.622667273554847522e-01 6.215293582157487284e-01 1.755803368229403860e-01 4.062357760582612637e-02 0.000000000000000000e+00
6.640000000000000000e+05 1.659964970024303543e-01 1.652253072371415443e-01 6.108329540282203540e-01 1.780837505689576716e-01 4.585798816568047165e-02 0.000000000000000000e+00
6.720000000000000000e+05 1.679964547976402489e-01 1.755803368229403860e-01 6.001365498406918686e-01 1.761492944924897552e-01 4.813381884387801790e-02 0.000000000000000000e+00
6.800000000000000000e+05 1.699964125928503655e-01 1.841147018661811463e-01 5.933090578060992160e-01 1.718252162039144160e-01 5.075102412380518707e-02 0.000000000000000000e+00
6.880000000000000000e+05 1.719963703880602601e-01 2.080109239872553473e-01 5.487027765134273594e-01 1.969731451979972736e-01 4.631315430131998506e-02 0.000000000000000000e+00
6.960000000000000000e+05 1.739963281832703768e-01 2.309968138370505075e-02 8.266954938552572019e-01 1.488393263541192557e-01 1.365498406918525280e-03 0.000000000000000000e+00
7.040000000000000000e+05 1.759962859784802713e-01 2.162039144287665124e-02 8.280609922621756658e-01 1.492944924897587622e-01 1.024123805188893906e-03 0.000000000000000000e+00
7.120000000000000000e+05 1.779962437736903880e-01 2.503413746017296368e-02 8.247610377787892855e-01 1.483841602184797492e-01 1.820664542558033706e-03 0.000000000000000000e+00
7.200000000000000000e+05 1.799962015689002826e-01 2.662721893491124328e-02 8.239644970414201630e-01 1.488393263541192557e-01 5.689576695493854790e-04 0.000000000000000000e+00
7.280000000000000000e+05 1.819961593641103992e-01 2.992717341829767910e-02 8.200955848884843302e-01 1.489531178880291185e-01 1.024123805188893906e-03 0.000000000000000000e+00
7.360000000000000000e+05 1.839961171593202938e-01 2.958579881656804578e-02 8.204369594902138907e-01 1.496358670914884059e-01 3.413746017296313199e-04 0.000000000000000000e+00
7.440000000000000000e+05 1.859960749545304104e-01 3.004096495220755572e-02 8.200955848884843302e-01 1.491807009558488717e-01 6.827492034592626399e-04 0.000000000000000000e+00
7.520000000000000000e+05 1.879960327497403050e-01 3.026854802002730896e-02 8.204369594902138907e-01 1.484979517523896120e-01 7.965407373691396923e-04 0.000000000000000000e+00
7.600000000000000000e+05 1.899959905449504216e-01 3.527537551206190447e-02 8.146335912608101415e-01 1.488393263541192557e-01 1.251706873008648227e-03 0.000000000000000000e+00
7.680000000000000000e+05 1.919959483401603162e-01 3.083750568957669552e-02 8.187300864815657553e-01 1.489531178880291185e-01 1.479289940828402332e-03 0.000000000000000000e+00
7.760000000000000000e+05 1.939959061353704328e-01 3.208921256258534527e-02 8.181611288120164138e-01 1.486117432862995025e-01 1.137915339098770958e-03 0.000000000000000000e+00
7.840000000000000000e+05 1.959958639305803274e-01 3.834774692762858705e-02 8.109922621756940897e-01 1.494082840236686527e-01 1.251706873008648227e-03 0.000000000000000000e+00
7.920000000000000000e+05 1.979958217257904440e-01 4.085116067364587961e-02 8.084888484296768318e-01 1.482703686845698587e-01 2.389622212107419402e-03 0.000000000000000000e+00
8.000000000000000000e+05 1.999957795210003386e-01 4.415111515703231543e-02 8.051888939462903405e-01 1.486117432862995025e-01 2.048247610377787811e-03 0.000000000000000000e+00
8.080000000000000000e+05 2.019957373162104552e-01 2.105143377332726468e-02 6.783113336367774249e-01 2.997269003186163183e-01 9.103322712790168532e-04 0.000000000000000000e+00
8.160000000000000000e+05 2.039956951114203498e-01 2.207555757851615771e-02 6.791078743741465473e-01 2.983614019116977434e-01 4.551661356395084266e-04 0.000000000000000000e+00
8.240000000000000000e+05 2.059956529066304665e-01 3.072371415566681890e-02 6.709148839326354308e-01 2.972234865725990050e-01 1.137915339098770958e-03 0.000000000000000000e+00
8.320000000000000000e+05 2.079956107018403610e-01 2.537551206190259354e-02 6.747837960855712636e-01 2.989303595812471404e-01 9.103322712790168532e-04 0.000000000000000000e+00
8.400000000000000000e+05 2.099955684970504777e-01 2.822030040964952288e-02 6.720527992717342247e-01 2.984751934456076339e-01 1.251706873008648227e-03 0.000000000000000000e+00
8.480000000000000000e+05 2.119955262922603723e-01 3.186162949476559203e-02 6.704597177969958688e-01 2.972234865725990050e-01 4.551661356395084266e-04 0.000000000000000000e+00
8.560000000000000000e+05 2.139954840874704889e-01 3.368229403732362487e-02 6.678425125170687204e-01 2.971096950386891145e-01 1.365498406918525280e-03 0.000000000000000000e+00
8.640000000000000000e+05 2.159954418826803835e-01 3.402366863905325473e-02 6.681838871187983919e-01 2.965407373691397175e-01 1.251706873008648227e-03 0.000000000000000000e+00
8.720000000000000000e+05 2.179953996778905001e-01 3.766499772416932040e-02 6.655666818388711325e-01 2.952890304961310886e-01 1.479289940828402332e-03 0.000000000000000000e+00
8.800000000000000000e+05 2.199953574731003947e-01 3.106508875739644876e-02 6.708010923987255403e-01 2.967683204369594985e-01 1.365498406918525280e-03 0.000000000000000000e+00
8.880000000000000000e+05 2.219953152683105113e-01 3.561675011379153433e-02 6.662494310423304755e-01 2.957441966317705950e-01 2.389622212107419402e-03 0.000000000000000000e+00
8.960000000000000000e+05 2.239952730635204059e-01 3.823395539371871044e-02 6.613563950842057393e-01 2.963131543013199920e-01 4.096495220755575623e-03 0.000000000000000000e+00
9.040000000000000000e+05 2.259952308587305225e-01 3.914428766499772339e-02 6.642011834319526686e-01 2.939235320892125691e-01 2.730996813837050560e-03 0.000000000000000000e+00
9.120000000000000000e+05 2.279951886539404171e-01 4.426490669094219205e-02 6.571461083295402350e-01 2.957441966317705950e-01 2.844788347746927612e-03 0.000000000000000000e+00
9.200000000000000000e+05 2.299951464491505337e-01 4.437869822485206867e-02 6.578288575329995780e-01 2.939235320892125691e-01 3.868912152935821518e-03 0.000000000000000000e+00
9.280000000000000000e+05 2.319951042443604283e-01 5.325443786982248656e-02 6.504324078288575839e-01 2.922166590805644337e-01 4.096495220755575623e-03 0.000000000000000000e+00
9.360000000000000000e+05 2.339950620395705450e-01 4.847519344560764776e-02 6.529358215748748417e-01 2.948338643604915821e-01 3.755120619025944465e-03 0.000000000000000000e+00
9.440000000000000000e+05 2.359950198347804395e-01 6.156121984524351443e-02 6.434911242603550408e-01 2.893718707328175044e-01 5.575785161583977738e-03 0.000000000000000000e+00
9.520000000000000000e+05 2.379949776299905562e-01 7.783340919435594030e-02 6.118570778334091465e-01 3.027992717341829731e-01 7.510241238051888930e-03 0.000000000000000000e+00
9.600000000000000000e+05 2.399949354252004508e-01 9.808830223031406170e-02 5.605370960400546387e-01 3.280609922621757213e-01 1.331360946745562164e-02 0.000000000000000000e+00
9.680000000000000000e+05 2.419948932204105674e-01 1.109467455621301751e-01 5.468821119708693335e-01 3.281747837960855563e-01 1.399635867091488309e-02 0.000000000000000000e+00
9.760000000000000000e+05 2.439948510156204620e-01 1.148156577150659940e-01 5.395994538006372299e-01 3.330678197542102925e-01 1.251706873008648184e-02 0.000000000000000000e+00
9.840000000000000000e+05 2.459948088108305786e-01 1.235776058261265353e-01 5.209376422394174089e-01 3.437642239417387224e-01 1.172052799271734204e-02 0.000000000000000000e+00
9.920000000000000000e+05 2.479947666060404732e-01 1.258534365043240677e-01 5.142239417387346467e-01 3.482020937642239522e-01 1.172052799271734204e-02 0.000000000000000000e+00
1.000000000000000000e+06 2.499947244012505898e-01 1.463359126081019701e-01 4.919208010923987184e-01 3.482020937642239522e-01 1.354119253527537488e-02 0.000000000000000000e+00
1.008000000000000000e+06 2.519946821964604844e-01 1.384842967683204418e-01 4.946517979062357573e-01 3.517296313154301135e-01 1.513427401001365448e-02 0.000000000000000000e+00
1.016000000000000000e+06 2.539946399916706010e-01 1.211879836140191125e-01 5.385753299954483264e-01 3.266954938552571464e-01 1.354119253527537488e-02 0.000000000000000000e+00
1.024000000000000000e+06 2.559945977868804956e-01 1.088984979517523960e-01 5.514337733272643982e-01 3.319299044151114986e-01 7.737824305871643035e-03 0.000000000000000000e+00
1.032000000000000000e+06 2.579945555820906122e-01 1.051433773327264398e-01 5.562130177514792440e-01 3.312471552116522666e-01 7.396449704142011444e-03 0.000000000000000000e+00
1.040000000000000000e+06 2.599945133773005068e-01 1.084433318161128756e-01 5.524578971324533017e-01 3.324988620846608955e-01 6.599908966772872511e-03 0.000000000000000000e+00
1.048000000000000000e+06 2.619944711725106234e-01 1.094674556213017791e-01 5.553026854802002310e-01 3.298816568047337472e-01 5.348202093764223633e-03 0.000000000000000000e+00
1.056000000000000000e+06 2.639944289677205180e-01 1.110605370960400518e-01 5.508648156577150568e-01 3.326126536185707860e-01 5.461993627674101119e-03 0.000000000000000000e+00
1.064000000000000000e+06 2.659943867629306347e-01 1.145880746472462408e-01 5.523441055985435222e-01 3.270368684569868178e-01 6.030951297223486815e-03 0.000000000000000000e+00
1.072000000000000000e+06 2.679943445581405292e-01 1.137915339098771045e-01 5.532544378698225351e-01 3.291989076012744597e-01 3.755120619025944465e-03 0.000000000000000000e+00
1.080000000000000000e+06 2.699943023533506459e-01 1.118570778334091881e-01 5.532544378698225351e-01 3.302230314064633632e-01 4.665452890304961318e-03 0.000000000000000000e+00
1.088000000000000000e+06 2.719942601485605405e-01 1.181156121984524299e-01 5.497269003186162628e-01 3.256713700500682984e-01 6.486117432862995025e-03 0.000000000000000000e+00
1.096000000000000000e+06 2.739942179437706571e-01 1.250568957669549452e-01 5.368684569868001910e-01 3.330678197542102925e-01 5.006827492034592909e-03 0.000000000000000000e+00
1.104000000000000000e+06 2.759941757389805517e-01 1.333636777423759801e-01 5.279927173418297315e-01 3.322712790168411701e-01 6.372325898953117539e-03 0.000000000000000000e+00
1.112000000000000000e+06 2.779941335341906683e-01 1.352981338188438687e-01 5.270823850705507185e-01 3.335229858898497990e-01 4.096495220755575623e-03 0.000000000000000000e+00
1.120000000000000000e+06 2.799940913294005629e-01 1.347291761492944995e-01 5.291306326809285254e-01 3.314747382794719921e-01 4.665452890304961318e-03 0.000000000000000000e+00
1.128000000000000000e+06 2.819940491246106795e-01 1.392808375056895642e-01 5.273099681383704995e-01 3.278334091943559403e-01 5.575785161583977738e-03 0.000000000000000000e+00
1.136000000000000000e+06 2.839940069198205741e-01 1.432635411925352875e-01 5.230996813837051063e-01 3.280609922621757213e-01 5.575785161583977738e-03 0.000000000000000000e+00
1.144000000000000000e+06 2.859939647150306907e-01 1.478152025489303523e-01 5.081929904415111166e-01 3.398953117888028896e-01 4.096495220755575623e-03 0.000000000000000000e+00
1.152000000000000000e+06 2.879939225102405853e-01 1.491807009558488717e-01 5.036413290851160518e-01 3.421711424670004775e-01 5.006827492034592909e-03 0.000000000000000000e+00
1.160000000000000000e+06 2.899938803054507019e-01 1.531634046426945950e-01 4.994310423304506030e-01 3.441055985434683384e-01 3.299954483386436255e-03 0.000000000000000000e+00
1.168000000000000000e+06 2.919938381006605965e-01 1.561219845243513871e-01 4.965862539827036737e-01 3.433090578060992160e-01 3.982703686845699004e-03 0.000000000000000000e+00
1.176000000000000000e+06 2.939937958958707132e-01 1.538461538461538547e-01 4.984069185252616996e-01 3.443331816112881194e-01 3.413746017296313308e-03 0.000000000000000000e+00
1.184000000000000000e+06 2.959937536910806077e-01 1.552116522530723741e-01 4.976103777878925771e-01 3.425125170687300935e-01 4.665452890304961318e-03 0.000000000000000000e+00
1.192000000000000000e+06 2.979937114862905023e-01 1.573736913973600438e-01 4.962448793809740577e-01 3.413746017296312996e-01 5.006827492034592909e-03 0.000000000000000000e+00
1.200000000000000000e+06 2.999936692815006190e-01 1.543013199817933612e-01 4.996586253982703840e-01 3.423987255348202030e-01 3.641329085116067413e-03 0.000000000000000000e+00
1.208000000000000000e+06 3.019936270767105135e-01 1.596495220755575761e-01 4.928311333636777314e-01 3.427401001365498190e-01 4.779244424214838804e-03 0.000000000000000000e+00
1.216000000000000000e+06 3.039935848719206302e-01 1.638598088302230249e-01 4.939690487027765253e-01 3.380746472462448637e-01 4.096495220755575623e-03 0.000000000000000000e+00
1.224000000000000000e+06 3.059935426671305247e-01 1.684114701866181174e-01 4.904415111515703085e-01 3.354574419663177154e-01 5.689576695493855224e-03 0.000000000000000000e+00
1.232000000000000000e+06 3.079935004623406414e-01 1.703459262630860338e-01 4.873691397360036537e-01 3.354574419663177154e-01 6.827492034592626616e-03 0.000000000000000000e+00
1.240000000000000000e+06 3.099934582575505360e-01 1.380291306326809353e-01 5.383477469276285454e-01 3.172507965407373454e-01 6.372325898953117539e-03 0.000000000000000000e+00
1.248000000000000000e+06 3.119934160527606526e-01 1.355257168866636219e-01 5.440373236231224041e-01 3.149749658625398130e-01 5.461993627674101119e-03 0.000000000000000000e+00
1.256000000000000000e+06 3.139933738479705472e-01 1.301775147928994070e-01 5.498406918525261533e-01 3.139508420573509095e-01 6.030951297223486815e-03 0.000000000000000000e+00
1.264000000000000000e+06 3.159933316431806638e-01 1.367774237596722786e-01 5.421028675466544877e-01 3.131543013199817871e-01 7.965407373691398007e-03 0.000000000000000000e+00
1.272000000000000000e+06 3.179932894383905584e-01 1.441738734638143005e-01 5.373236231224396420e-01 3.121301775147928836e-01 6.372325898953117539e-03 0.000000000000000000e+00
1.280000000000000000e+06 3.199932472336006750e-01 1.399635867091488517e-01 5.433545744196631722e-01 3.107646791078743642e-01 5.917159763313609329e-03 0.000000000000000000e+00
1.288000000000000000e+06 3.219932050288105696e-01 1.449704142011834229e-01 5.411925352753754748e-01 3.092853891670459543e-01 4.551661356395083832e-03 0.000000000000000000e+00
1.296000000000000000e+06 3.239931628240206862e-01 1.488393263541192557e-01 5.367546654528903005e-01 3.080336822940373254e-01 6.372325898953117539e-03 0.000000000000000000e+00
1.304000000000000000e+06 3.259931206192305808e-01 1.569185252617205373e-01 5.314064633591261133e-01 3.058716431497496835e-01 5.803368229403732710e-03 0.000000000000000000e+00
1.312000000000000000e+06 3.279930784144406974e-01 1.515703231679562946e-01 5.339098771051433712e-01 3.087164314974966128e-01 5.803368229403732710e-03 0.000000000000000000e+00
1.320000000000000000e+06 3.299930362096505920e-01 1.578288575329995502e-01 5.275375512061902805e-01 3.088302230314064478e-01 5.803368229403732710e-03 0.000000000000000000e+00
1.328000000000000000e+06 3.319929940048607087e-01 1.537323623122439642e-01 5.355029585798816161e-01 3.046199362767409990e-01 6.144742831133363434e-03 0.000000000000000000e+00
1.336000000000000000e+06 3.339929518000706032e-01 1.704597177969958965e-01 5.204824761037778469e-01 3.026854802002730827e-01 6.372325898953117539e-03 0.000000000000000000e+00
1.344000000000000000e+06 3.359929095952807199e-01 1.635184342284934089e-01 5.245789713245334607e-01 3.046199362767409990e-01 7.282658170232134826e-03 0.000000000000000000e+00
1.352000000000000000e+06 3.379928673904906145e-01 1.705735093309057870e-01 5.215065999089667503e-01 3.004096495220755503e-01 7.510241238051888930e-03 0.000000000000000000e+00
1.360000000000000000e+06 3.399928251857007311e-01 1.744424214838415921e-01 5.195721438324988339e-01 2.997269003186163183e-01 6.258534365043240920e-03 0.000000000000000000e+00
1.368000000000000000e+06 3.419927829809106257e-01 1.742148384160218388e-01 5.226445152480655443e-01 2.967683204369594985e-01 6.372325898953117539e-03 0.000000000000000000e+00
1.376000000000000000e+06 3.439927407761207423e-01 1.835457441966317771e-01 5.177514792899408080e-01 2.926718252162039402e-01 6.030951297223486815e-03 0.000000000000000000e+00
1.384000000000000000e+06 3.459926985713306369e-01 1.791078743741465751e-01 5.209376422394174089e-01 2.892580791989076139e-01 1.069640418752844727e-02 0.000000000000000000e+00
1.392000000000000000e+06 3.479926563665407535e-01 1.813837050523441075e-01 5.177514792899408080e-01 2.919890760127446527e-01 8.875739644970414427e-03 0.000000000000000000e+00
1.400000000000000000e+06 3.499926141617506481e-01 1.952662721893491105e-01 5.101274465179790329e-01 2.868684569868001910e-01 7.737824305871643035e-03 0.000000000000000000e+00
1.408000000000000000e+06 3.519925719569607647e-01 1.894629039599453890e-01 5.136549840691853053e-01 2.888029130632681074e-01 8.079198907601274626e-03 0.000000000000000000e+00
1.416000000000000000e+06 3.539925297521706593e-01 2.080109239872553473e-01 4.972690031861629611e-01 2.852753755120618906e-01 9.444697314519799256e-03 0.000000000000000000e+00
1.424000000000000000e+06 3.559924875473807759e-01 2.031178880291306388e-01 5.059171597633136397e-01 2.807237141556668258e-01 1.024123805188893906e-02 0.000000000000000000e+00
1.432000000000000000e+06 3.579924453425906705e-01 2.060764679107874309e-01 5.028447883477469293e-01 2.801547564861174289e-01 1.092398725534820224e-02 0.000000000000000000e+00
1.440000000000000000e+06 3.599924031378007871e-01 2.210969503868912278e-01 5.007965407373691225e-01 2.671825216203914666e-01 1.092398725534820224e-02 0.000000000000000000e+00
1.448000000000000000e+06 3.619923609330106817e-01 2.347519344560764776e-01 4.741693218024579104e-01 2.796995903504779224e-01 1.137915339098771045e-02 0.000000000000000000e+00
1.456000000000000000e+06 3.639923187282207984e-01 2.399863450159308020e-01 4.616522530723713991e-01 2.850477924442421651e-01 1.331360946745562164e-02 0.000000000000000000e+00
1.464000000000000000e+06 3.659922765234306929e-01 2.377105143377332697e-01 4.592626308602639762e-01 2.889167045971779424e-01 1.411015020482476144e-02 0.000000000000000000e+00
1.472000000000000000e+06 3.679922343186405875e-01 2.601274465179790885e-01 4.469731451979972459e-01 2.766272189349112676e-01 1.615839781520254925e-02 1.137915339098771066e-04
1.480000000000000000e+06 3.699921921138507042e-01 2.683204369594902050e-01 4.436731907146108100e-01 2.732134729176149412e-01 1.479289940828402289e-02 0.000000000000000000e+00
1.488000000000000000e+06 3.719921499090605987e-01 2.598998634501593075e-01 4.328629949931724896e-01 2.993855257168866468e-01 7.851615839781519654e-03 0.000000000000000000e+00
1.496000000000000000e+06 3.739921077042707154e-01 2.437414656349567721e-01 4.335457441966317771e-01 3.108784706417842547e-01 1.183431952662721866e-02 0.000000000000000000e+00
1.504000000000000000e+06 3.759920654994806100e-01 2.530723714155666548e-01 4.157942649066909691e-01 3.181611288120163583e-01 1.297223486572599005e-02 0.000000000000000000e+00
1.512000000000000000e+06 3.779920232946907266e-01 2.457897132453345512e-01 4.144287664997723941e-01 3.272644515248065433e-01 1.251706873008648184e-02 0.000000000000000000e+00
1.520000000000000000e+06 3.799919810899006212e-01 2.465862539827036737e-01 4.068047337278106745e-01 3.357988165680473314e-01 1.069640418752844727e-02 1.137915339098771066e-04
1.528000000000000000e+06 3.819919388851107378e-01 2.480655439235320836e-01 4.066909421939007840e-01 3.373918980427856318e-01 7.851615839781519654e-03 0.000000000000000000e+00
1.536000000000000000e+06 3.839918966803206324e-01 2.482931269913518368e-01 4.122667273554847522e-01 3.314747382794719921e-01 7.965407373691398007e-03 0.000000000000000000e+00
1.544000000000000000e+06 3.859918544755307490e-01 2.274692762858443462e-01 4.333181611288119961e-01 3.297678652708238567e-01 9.330905780609922637e-03 1.137915339098771066e-04
1.552000000000000000e+06 3.879918122707406436e-01 2.324761037778789174e-01 4.293354574419663283e-01 3.288575329995448437e-01 9.330905780609922637e-03 0.000000000000000000e+00
1.560000000000000000e+06 3.899917700659505382e-01 2.305416477014110288e-01 4.267182521620391245e-01 3.329540282203004020e-01 9.672280382339554228e-03 1.137915339098771066e-04
1.568000000000000000e+06 3.919917278611606548e-01 2.401001365498406925e-01 4.246700045516613731e-01 3.264679107874374209e-01 8.761948111060537808e-03 0.000000000000000000e+00
1.576000000000000000e+06 3.939916856563705494e-01 2.283796085571233592e-01 4.310423304506144637e-01 3.304506144742830887e-01 1.012744651797906244e-02 0.000000000000000000e+00
1.584000000000000000e+06 3.959916434515806660e-01 2.302002730996813851e-01 4.284251251706873154e-01 3.318161128812016636e-01 9.558488848429677609e-03 0.000000000000000000e+00
1.592000000000000000e+06 3.979916012467905606e-01 2.404415111515703363e-01 4.209148839326354308e-01 3.281747837960855563e-01 1.046882111970869403e-02 0.000000000000000000e+00
1.600000000000000000e+06 3.999915590420006772e-01 2.486345015930814806e-01 4.157942649066909691e-01 3.239644970414201075e-01 1.160673645880746542e-02 0.000000000000000000e+00
1.608000000000000000e+06 4.019915168372105718e-01 2.456759217114246607e-01 4.266044606281292895e-01 3.224852071005916976e-01 5.234410559854347014e-03 0.000000000000000000e+00
1.616000000000000000e+06 4.039914746324206885e-01 2.373691397360036537e-01 4.264906690942193990e-01 3.257851615839781334e-01 1.035502958579881741e-02 0.000000000000000000e+00
1.624000000000000000e+06 4.059914324276305830e-01 2.488620846609012338e-01 4.233045061447428536e-01 3.191852526172052618e-01 8.648156577150659455e-03 0.000000000000000000e+00
1.632000000000000000e+06 4.079913902228406997e-01 2.441966317705962786e-01 4.264906690942193990e-01 3.185025034137460298e-01 1.081019572143832562e-02 0.000000000000000000e+00
1.640000000000000000e+06 4.099913480180505942e-01 2.554619936276740777e-01 4.253527537551206050e-01 3.087164314974966128e-01 1.046882111970869403e-02 0.000000000000000000e+00
1.648000000000000000e+06 4.119913058132607109e-01 2.647928994082840437e-01 4.233045061447428536e-01 3.026854802002730827e-01 9.217114246700046018e-03 0.000000000000000000e+00
1.656000000000000000e+06 4.139912636084706055e-01 2.631998179335457433e-01 4.220527992717341692e-01 3.039371870732817671e-01 1.081019572143832562e-02 0.000000000000000000e+00
1.664000000000000000e+06 4.159912214036807221e-01 2.637687756030951403e-01 4.176149294492489950e-01 3.080336822940373254e-01 1.058261265361857065e-02 0.000000000000000000e+00
1.672000000000000000e+06 4.179911791988906167e-01 2.551206190259444617e-01 4.285389167045971504e-01 3.058716431497496835e-01 1.046882111970869403e-02 0.000000000000000000e+00
1.680000000000000000e+06 4.199911369941007333e-01 2.641101502048247562e-01 4.300182066454255603e-01 2.913063268092853653e-01 1.456531634046426965e-02 0.000000000000000000e+00
1.688000000000000000e+06 4.219910947893106279e-01 2.672963131543013016e-01 4.353664087391898030e-01 2.886891215293582169e-01 8.648156577150659455e-03 0.000000000000000000e+00
1.696000000000000000e+06 4.239910525845207445e-01 2.783340919435594030e-01 4.264906690942193990e-01 2.815202548930359483e-01 1.365498406918525323e-02 0.000000000000000000e+00
1.704000000000000000e+06 4.259910103797306391e-01 2.775375512061902805e-01 4.295630405097860538e-01 2.782203004096495125e-01 1.456531634046426965e-02 1.137915339098771066e-04
1.712000000000000000e+06 4.279909681749407557e-01 2.855029585798816716e-01 4.217114246700045532e-01 2.748065543923531862e-01 1.797906235776058209e-02 0.000000000000000000e+00
1.720000000000000000e+06 4.299909259701506503e-01 2.850477924442421651e-01 4.231907146108329631e-01 2.777651342740100060e-01 1.388256713700500647e-02 1.137915339098771066e-04
1.728000000000000000e+06 4.319908837653607669e-01 2.932407828857532817e-01 3.954255803368229572e-01 2.947200728265816916e-01 1.638598088302230249e-02 2.275830678197542133e-04
1.736000000000000000e+06 4.339908415605706615e-01 2.956304050978607045e-01 3.830223031406463363e-01 3.009786071916249472e-01 2.025489303595812488e-02 1.137915339098771066e-04
1.744000000000000000e+06 4.359907993557807782e-01 3.002958579881656598e-01 3.856395084205734847e-01 2.969959035047792240e-01 1.706873008648156567e-02 0.000000000000000000e+00
1.752000000000000000e+06 4.379907571509906727e-01 3.071233500227583124e-01 3.845015930814747462e-01 2.916477014110150368e-01 1.672735548475193582e-02 0.000000000000000000e+00
1.760000000000000000e+06 4.399907149462007894e-01 3.089440145653163383e-01 3.793809740555302845e-01 2.926718252162039402e-01 1.900318616294947513e-02 0.000000000000000000e+00
1.768000000000000000e+06 4.419906727414106840e-01 3.134956759217114031e-01 3.724396904870277414e-01 2.958579881656804855e-01 1.820664542558033533e-02 0.000000000000000000e+00
1.776000000000000000e+06 4.439906305366208006e-01 3.088302230314064478e-01 3.711879836140191125e-01 3.001820664542558248e-01 1.979972690031861493e-02 0.000000000000000000e+00
1.784000000000000000e+06 4.459905883318306952e-01 3.148611743286299225e-01 3.681156121984524576e-01 2.998406918525261533e-01 1.706873008648156567e-02 1.137915339098771066e-04
1.792000000000000000e+06 4.479905461270408118e-01 3.156577150659991005e-01 3.683431952662721831e-01 2.985889849795175244e-01 1.741010468821119553e-02 0.000000000000000000e+00
1.800000000000000000e+06 4.499905039222507064e-01 3.120163859808830487e-01 3.699362767410104835e-01 2.979062357760582369e-01 2.014110150204824826e-02 0.000000000000000000e+00
1.808000000000000000e+06 4.519904617174608230e-01 3.167956304050978389e-01 3.650432407828857473e-01 2.981338188438780179e-01 2.002730996813837164e-02 0.000000000000000000e+00
1.816000000000000000e+06 4.539904195126707176e-01 3.196404187528447682e-01 3.668639053254437732e-01 2.926718252162039402e-01 2.082385070550751144e-02 0.000000000000000000e+00
