# itime ezz other fcc hcp bcc ico
0.000000000000000000e+00 0.000000000000000000e+00 0.000000000000000000e+00 1.000000000000000000e+00 0.000000000000000000e+00 0.000000000000000000e+00 0.000000000000000000e+00
2.500000000000000000e+02 9.999968545685744559e-03 0.000000000000000000e+00 1.000000000000000000e+00 0.000000000000000000e+00 0.000000000000000000e+00 0.000000000000000000e+00
5.000000000000000000e+02 1.999993709137126707e-02 0.000000000000000000e+00 1.000000000000000000e+00 0.000000000000000000e+00 0.000000000000000000e+00 0.000000000000000000e+00
7.500000000000000000e+02 2.999990563705701163e-02 0.000000000000000000e+00 1.000000000000000000e+00 0.000000000000000000e+00 0.000000000000000000e+00 0.000000000000000000e+00
1.000000000000000000e+03 3.999987418274275619e-02 0.000000000000000000e+00 1.000000000000000000e+00 0.000000000000000000e+00 0.000000000000000000e+00 0.000000000000000000e+00
1.250000000000000000e+03 4.999984272842850075e-02 0.000000000000000000e+00 1.000000000000000000e+00 0.000000000000000000e+00 0.000000000000000000e+00 0.000000000000000000e+00
1.500000000000000000e+03 5.999981127411402326e-02 2.275830678197542133e-04 9.997724169321802190e-01 0.000000000000000000e+00 0.000000000000000000e+00 0.000000000000000000e+00
1.750000000000000000e+03 6.999977981979976782e-02 0.000000000000000000e+00 1.000000000000000000e+00 0.000000000000000000e+00 0.000000000000000000e+00 0.000000000000000000e+00
2.000000000000000000e+03 7.999974836548551238e-02 0.000000000000000000e+00 1.000000000000000000e+00 0.000000000000000000e+00 0.000000000000000000e+00 0.000000000000000000e+00
2.250000000000000000e+03 8.999971691117125694e-02 6.827492034592626399e-04 9.992034592626308775e-01 0.000000000000000000e+00 1.137915339098771066e-04 0.000000000000000000e+00
2.500000000000000000e+03 9.999968545685677945e-02 2.162039144287664864e-03 9.978379608557123026e-01 0.000000000000000000e+00 0.000000000000000000e+00 0.000000000000000000e+00
2.750000000000000000e+03 1.099996540025425240e-01 1.012744651797906244e-02 9.888484296768320636e-01 0.000000000000000000e+00 1.024123805188893906e-03 0.000000000000000000e+00
3.000000000000000000e+03 1.199996225482282686e-01 5.814747382794720199e-02 9.285389167045972059e-01 0.000000000000000000e+00 1.331360946745562164e-02 0.000000000000000000e+00
3.250000000000000000e+03 1.299995910939140131e-01 3.669776968593536637e-01 1.406463359126081114e-01 5.689576695493854790e-04 4.918070095584888279e-01 0.000000000000000000e+00
3.500000000000000000e+03 1.399995596395995356e-01 3.746017296313154388e-01 1.958352298588985074e-01 9.899863450159307465e-02 3.305644060081929791e-01 0.000000000000000000e+00
3.750000000000000000e+03 1.499995281852852802e-01 3.956531634046426826e-01 2.705962676376877374e-01 1.877560309512972259e-01 1.459945380063723264e-01 0.000000000000000000e+00
4.000000000000000000e+03 1.599994967309710248e-01 3.940600819299044377e-01 2.905097860719162428e-01 2.132453345471096995e-01 1.021847974510696339e-01 0.000000000000000000e+00
4.250000000000000000e+03 1.699994652766567693e-01 3.912152935821575084e-01 3.041647701411014926e-01 1.998179335457442030e-01 1.048020027309968100e-01 0.000000000000000000e+00
4.500000000000000000e+03 1.799994338223422918e-01 4.138598088302230527e-01 2.981338188438780179e-01 1.946973145197997135e-01 9.330905780609922984e-02 0.000000000000000000e+00
4.750000000000000000e+03 1.899994023680280364e-01 4.263768775603095085e-01 2.782203004096495125e-01 2.155211652253072319e-01 7.988165680473373331e-02 0.000000000000000000e+00
5.000000000000000000e+03 1.999993709137137810e-01 4.333181611288119961e-01 2.803823395539372099e-01 2.213245334547109811e-01 6.497496586253982687e-02 0.000000000000000000e+00
5.250000000000000000e+03 2.099993394593995255e-01 4.469731451979972459e-01 2.778789258079198965e-01 2.109695038689121394e-01 6.417842512517069054e-02 0.000000000000000000e+00
5.500000000000000000e+03 2.199993080050850480e-01 4.580109239872553473e-01 2.889167045971779424e-01 1.936731907146108378e-01 5.939918070095585173e-02 0.000000000000000000e+00
5.750000000000000000e+03 2.299992765507707926e-01 4.769003186162949492e-01 2.836822940373236457e-01 1.918525261720528119e-01 4.756486117432862787e-02 0.000000000000000000e+00
6.000000000000000000e+03 2.399992450964565371e-01 4.724624487938097195e-01 2.793582157487483064e-01 1.979972690031861493e-01 5.018206645425580398e-02 0.000000000000000000e+00
6.250000000000000000e+03 2.499992136421422817e-01 4.873691397360036537e-01 2.741238051888939542e-01 1.952662721893491105e-01 4.324078288575330248e-02 0.000000000000000000e+00
6.500000000000000000e+03 2.599991821878278042e-01 4.938552571688666348e-01 2.724169321802457633e-01 1.892353208921256358e-01 4.449248975876194528e-02 0.000000000000000000e+00
6.750000000000000000e+03 2.699991507335135488e-01 5.120619025944469493e-01 2.685480200273099860e-01 1.761492944924897552e-01 4.324078288575330248e-02 0.000000000000000000e+00
7.000000000000000000e+03 2.799991192791992933e-01 4.986345015930814806e-01 2.860719162494310686e-01 1.793354574419663283e-01 3.595812471552116418e-02 0.000000000000000000e+00
7.250000000000000000e+03 2.899990878248850379e-01 4.928311333636777314e-01 2.956304050978607045e-01 1.788802913063268218e-01 3.265817023213472836e-02 0.000000000000000000e+00
7.500000000000000000e+03 2.999990563705705604e-01 5.027309968138370389e-01 2.943786982248520756e-01 1.714838416021848000e-01 3.140646335912607862e-02 0.000000000000000000e+00
7.750000000000000000e+03 3.099990249162563050e-01 4.978379608557123581e-01 3.114474283113336517e-01 1.627218934911242587e-01 2.799271734182976618e-02 0.000000000000000000e+00
8.000000000000000000e+03 3.199989934619420495e-01 4.885070550751023921e-01 3.264679107874374209e-01 1.552116522530723741e-01 2.981338188438780248e-02 0.000000000000000000e+00
8.250000000000000000e+03 3.299989620076277941e-01 4.767865270823850588e-01 3.426263086026399840e-01 1.502048247610377751e-01 3.038233955393718558e-02 0.000000000000000000e+00
8.500000000000000000e+03 3.399989305533133166e-01 4.823623122439690269e-01 3.428538916704597095e-01 1.494082840236686527e-01 2.537551206190259354e-02 0.000000000000000000e+00
8.750000000000000000e+03 3.499988990989990612e-01 4.759899863450159363e-01 3.389849795175238767e-01 1.589667728720983164e-01 2.605826126536185672e-02 0.000000000000000000e+00
9.000000000000000000e+03 3.599988676446848057e-01 4.591488393263541412e-01 3.445607646791079004e-01 1.837733272644515303e-01 1.251706873008648184e-02 0.000000000000000000e+00
9.250000000000000000e+03 3.699988361903705503e-01 4.531178880291306110e-01 3.469503868912152678e-01 1.866181156121984597e-01 1.319981793354574502e-02 1.137915339098771066e-04
9.500000000000000000e+03 3.799988047360560728e-01 4.460628129267182329e-01 3.451297223486572419e-01 1.959490213928083702e-01 1.274465179790623508e-02 1.137915339098771066e-04
9.750000000000000000e+03 3.899987732817418173e-01 4.357077833409194190e-01 3.549157942649067143e-01 1.997041420118343125e-01 9.672280382339554228e-03 0.000000000000000000e+00
1.000000000000000000e+04 3.999987418274275619e-01 4.302457897132453413e-01 3.532089212562585234e-01 2.027765134274009950e-01 1.376877560309512985e-02 0.000000000000000000e+00
1.025000000000000000e+04 4.099987103731133065e-01 4.134046426945835462e-01 3.660673645880746507e-01 2.066454255803368278e-01 1.388256713700500647e-02 0.000000000000000000e+00
1.050000000000000000e+04 4.199986789187988290e-01 3.967910787437414766e-01 3.767637687756030807e-01 2.126763768775603025e-01 1.365498406918525323e-02 1.137915339098771066e-04
1.075000000000000000e+04 4.299986474644845735e-01 3.937187073281747662e-01 3.875739644970414011e-01 2.092626308602640040e-01 9.444697314519799256e-03 0.000000000000000000e+00
1.100000000000000000e+04 4.399986160101703181e-01 3.979289940828402150e-01 3.903049613108784954e-01 2.018661811561219821e-01 9.899863450159307465e-03 0.000000000000000000e+00
1.125000000000000000e+04 4.499985845558560627e-01 3.798361401911697910e-01 4.138598088302230527e-01 1.962903959945380139e-01 1.001365498406918582e-02 0.000000000000000000e+00
1.150000000000000000e+04 4.599985531015415852e-01 3.698224852071005930e-01 4.319526627218934767e-01 1.879836140191169791e-01 1.024123805188893906e-02 0.000000000000000000e+00
1.175000000000000000e+04 4.699985216472273297e-01 3.706190259444697155e-01 4.332043695949021611e-01 1.857077833409194467e-01 1.035502958579881741e-02 1.137915339098771066e-04
1.200000000000000000e+04 4.799984901929130743e-01 3.662949476558943762e-01 4.336595357305416676e-01 1.924214838416021811e-01 7.624032771961766417e-03 0.000000000000000000e+00
1.225000000000000000e+04 4.899984587385988188e-01 3.643604915794265153e-01 4.400318616294947582e-01 1.873008648156577194e-01 8.306781975421027864e-03 0.000000000000000000e+00
1.250000000000000000e+04 4.999984272842843414e-01 3.747155211652253293e-01 4.425352753755120716e-01 1.738734638142922229e-01 8.875739644970414427e-03 0.000000000000000000e+00
1.275000000000000000e+04 5.099983958299700859e-01 3.670914883932635542e-01 4.457214383249886169e-01 1.730769230769230727e-01 1.411015020482476144e-02 0.000000000000000000e+00
1.300000000000000000e+04 5.199983643756558305e-01 3.615157032316795860e-01 4.560764679107874309e-01 1.728493400091033194e-01 9.558488848429677609e-03 0.000000000000000000e+00
1.325000000000000000e+04 5.299983329213415750e-01 3.500227583067819781e-01 4.654073736913973414e-01 1.730769230769230727e-01 1.149294492489758707e-02 0.000000000000000000e+00
1.350000000000000000e+04 5.399983014670270975e-01 3.396677287209831642e-01 4.461766044606281234e-01 2.052799271734183084e-01 8.875739644970414427e-03 0.000000000000000000e+00
1.375000000000000000e+04 5.499982700127128421e-01 3.249886208466090110e-01 4.656349567592171224e-01 2.034592626308602548e-01 5.917159763313609329e-03 0.000000000000000000e+00
1.400000000000000000e+04 5.599982385583985867e-01 3.224852071005916976e-01 4.778106508875739622e-01 1.928766499772416876e-01 6.827492034592626616e-03 0.000000000000000000e+00
1.425000000000000000e+04 5.699982071040843312e-01 3.138370505234410746e-01 4.747382794720073074e-01 2.052799271734183084e-01 6.144742831133363434e-03 0.000000000000000000e+00
1.450000000000000000e+04 5.799981756497698537e-01 3.098543468365953513e-01 4.773554847519344557e-01 2.075557578516158408e-01 5.234410559854347014e-03 0.000000000000000000e+00
1.475000000000000000e+04 5.899981441954555983e-01 3.090578060992262288e-01 4.814519799726900140e-01 2.025489303595812418e-01 6.941283568502503235e-03 0.000000000000000000e+00
1.500000000000000000e+04 5.999981127411413429e-01 3.134956759217114031e-01 4.799726900318616041e-01 1.994765589440145592e-01 7.055075102412380721e-03 0.000000000000000000e+00
1.525000000000000000e+04 6.099980812868270874e-01 3.246472462448793950e-01 4.738279472007282389e-01 1.919663177059626746e-01 9.558488848429677609e-03 0.000000000000000000e+00
1.550000000000000000e+04 6.199980498325126099e-01 3.387573964497041512e-01 4.878243058716431602e-01 1.646563495675921751e-01 8.761948111060537808e-03 0.000000000000000000e+00
1.575000000000000000e+04 6.299980183781983545e-01 3.408056440600819026e-01 4.829312699135184239e-01 1.660218479745106945e-01 1.024123805188893906e-02 0.000000000000000000e+00
1.600000000000000000e+04 6.399979869238840990e-01 3.458124715521165293e-01 4.622212107419207960e-01 1.822940373236231204e-01 9.672280382339554228e-03 0.000000000000000000e+00
1.625000000000000000e+04 6.499979554695698436e-01 3.406918525261720676e-01 4.728038233955393910e-01 1.781975421028675344e-01 8.306781975421027864e-03 0.000000000000000000e+00
1.650000000000000000e+04 6.599979240152553661e-01 3.496813837050523621e-01 4.667728720983158608e-01 1.727355484751934567e-01 1.081019572143832562e-02 0.000000000000000000e+00
1.675000000000000000e+04 6.699978925609411107e-01 3.644742831133363503e-01 4.545971779699590209e-01 1.670459717796995980e-01 1.388256713700500647e-02 0.000000000000000000e+00
1.700000000000000000e+04 6.799978611066268552e-01 3.639053254437870089e-01 4.651797906235776159e-01 1.587391898042785632e-01 1.217569412835685025e-02 0.000000000000000000e+00
1.725000000000000000e+04 6.899978296523125998e-01 3.559399180700955623e-01 5.085343650432407880e-01 1.266499772416932179e-01 8.875739644970414427e-03 0.000000000000000000e+00
1.750000000000000000e+04 6.999977981979981223e-01 3.483158852981338427e-01 5.248065543923532417e-01 1.184569868001820597e-01 8.420573509330906217e-03 0.000000000000000000e+00
1.775000000000000000e+04 7.099977667436838669e-01 3.339781520254893055e-01 5.336822940373235902e-01 1.269913518434228616e-01 5.348202093764223633e-03 0.000000000000000000e+00
1.800000000000000000e+04 7.199977352893696114e-01 3.224852071005916976e-01 5.459717796995903205e-01 1.239189804278561652e-01 7.624032771961766417e-03 0.000000000000000000e+00
1.825000000000000000e+04 7.299977038350553560e-01 3.137232589895311841e-01 5.481338188438780179e-01 1.300637232589895442e-01 8.079198907601274626e-03 0.000000000000000000e+00
1.850000000000000000e+04 7.399976723807408785e-01 3.145197997269003065e-01 5.493855257168867023e-01 1.267637687756031084e-01 9.330905780609922637e-03 0.000000000000000000e+00
1.875000000000000000e+04 7.499976409264266231e-01 3.105370960400546387e-01 5.527992717341829731e-01 1.317705962676376796e-01 4.893035958124715423e-03 0.000000000000000000e+00
1.900000000000000000e+04 7.599976094721123676e-01 3.144060081929904160e-01 5.501820664542558248e-01 1.305188893946290507e-01 4.893035958124715423e-03 0.000000000000000000e+00
1.925000000000000000e+04 7.699975780177981122e-01 3.272644515248065433e-01 5.226445152480655443e-01 1.448566226672735602e-01 5.234410559854347014e-03 0.000000000000000000e+00
1.950000000000000000e+04 7.799975465634836347e-01 3.419435593991806965e-01 5.278789258079198410e-01 1.206190259444697294e-01 9.558488848429677609e-03 0.000000000000000000e+00
1.975000000000000000e+04 7.899975151091693792e-01 3.103095129722348577e-01 5.952435138825671324e-01 9.000910332271279402e-02 4.437869822485207214e-03 0.000000000000000000e+00
2.000000000000000000e+04 7.999974836548551238e-01 2.889167045971779424e-01 5.993400091033227461e-01 1.074192080109239861e-01 4.324078288575329727e-03 0.000000000000000000e+00
2.025000000000000000e+04 8.099974522005408684e-01 2.759444697314519801e-01 6.030951297223486884e-01 1.181156121984524299e-01 2.844788347746927612e-03 0.000000000000000000e+00
2.050000000000000000e+04 8.199974207462263909e-01 2.750341374601729671e-01 6.044606281292671524e-01 1.182294037323623065e-01 2.275830678197541916e-03 0.000000000000000000e+00
2.075000000000000000e+04 8.299973892919121354e-01 2.713928083750569153e-01 6.078743741465635342e-01 1.187983614019117035e-01 1.934456076467910759e-03 0.000000000000000000e+00
2.100000000000000000e+04 8.399973578375978800e-01 2.708238507055075184e-01 6.078743741465635342e-01 1.201638598088302229e-01 1.137915339098770958e-03 0.000000000000000000e+00
2.125000000000000000e+04 8.499973263832836246e-01 2.710514337733272439e-01 6.066226672735548497e-01 1.211879836140191125e-01 1.137915339098770958e-03 0.000000000000000000e+00
2.150000000000000000e+04 8.599972949289691471e-01 2.756030951297223641e-01 6.044606281292671524e-01 1.190259444697314567e-01 9.103322712790168532e-04 0.000000000000000000e+00
2.175000000000000000e+04 8.699972634746548916e-01 2.799271734182977034e-01 6.001365498406918686e-01 1.183431952662721831e-01 1.593081474738279385e-03 0.000000000000000000e+00
2.200000000000000000e+04 8.799972320203406362e-01 2.959717796995903760e-01 5.853436504324078804e-01 1.170914883932635403e-01 1.593081474738279385e-03 0.000000000000000000e+00
2.225000000000000000e+04 8.899972005660263807e-01 3.043923532089212736e-01 5.707783340919435622e-01 1.206190259444697294e-01 4.210286754665453109e-03 0.000000000000000000e+00
2.250000000000000000e+04 8.999971691117119033e-01 3.075785161583978189e-01 5.656577150659990449e-01 1.207328174783796060e-01 6.030951297223486815e-03 0.000000000000000000e+00
2.275000000000000000e+04 9.099971376573976478e-01 2.900546199362767363e-01 5.802230314064633632e-01 1.281292671825216278e-01 1.593081474738279385e-03 0.000000000000000000e+00
2.300000000000000000e+04 9.199971062030833924e-01 2.860719162494310686e-01 5.590578060992261733e-01 1.520254893035958010e-01 2.844788347746927612e-03 0.000000000000000000e+00
2.325000000000000000e+04 9.299970747487691369e-01 2.737824305871643382e-01 5.623577605826126646e-01 1.614701866181156020e-01 2.389622212107419402e-03 0.000000000000000000e+00
2.350000000000000000e+04 9.399970432944546594e-01 2.895994538006372299e-01 5.637232589895311285e-01 1.449704142011834229e-01 1.706873008648156654e-03 0.000000000000000000e+00
2.375000000000000000e+04 9.499970118401404040e-01 2.741238051888939542e-01 6.009330905780609910e-01 1.227810650887573990e-01 2.162039144287664864e-03 0.000000000000000000e+00
2.400000000000000000e+04 9.599969803858261486e-01 2.620619025944469493e-01 6.233500227583067543e-01 1.137915339098771045e-01 7.965407373691396923e-04 0.000000000000000000e+00
2.425000000000000000e+04 9.699969489315118931e-01 2.588757396449704040e-01 6.215293582157487284e-01 1.178880291306326766e-01 1.706873008648156654e-03 0.000000000000000000e+00
2.450000000000000000e+04 9.799969174771974156e-01 2.618343195266272239e-01 6.207328174783796060e-01 1.159535730541647741e-01 1.479289940828402332e-03 0.000000000000000000e+00
2.475000000000000000e+04 9.899968860228831602e-01 2.657032316795630567e-01 6.187983614019116896e-01 1.141329085116067343e-01 1.365498406918525280e-03 0.000000000000000000e+00
2.500000000000000000e+04 9.999968545685689048e-01 2.680928538916704795e-01 6.162949476558944317e-01 1.126536185707783383e-01 2.958579881656804664e-03 0.000000000000000000e+00
