# itime ezz other fcc hcp bcc ico
0.000000000000000000e+00 0.000000000000000000e+00 5.689576695493854790e-04 9.994310423304506585e-01 0.000000000000000000e+00 0.000000000000000000e+00 0.000000000000000000e+00
3.000000000000000000e+01 1.200000445168547536e-02 7.965407373691396923e-04 9.992034592626308775e-01 0.000000000000000000e+00 0.000000000000000000e+00 0.000000000000000000e+00
6.000000000000000000e+01 2.400000890337095072e-02 3.982703686845699004e-03 9.960172963131542767e-01 0.000000000000000000e+00 0.000000000000000000e+00 0.000000000000000000e+00
9.000000000000000000e+01 3.600001335505642608e-02 6.486117432862995025e-03 9.930587164314974569e-01 0.000000000000000000e+00 4.551661356395084266e-04 0.000000000000000000e+00
1.200000000000000000e+02 4.800001780674190144e-02 1.206190259444697363e-02 9.872553482020938187e-01 0.000000000000000000e+00 6.827492034592626399e-04 0.000000000000000000e+00
1.500000000000000000e+02 6.000002225842715475e-02 1.911697769685935522e-02 9.800864815657714946e-01 0.000000000000000000e+00 7.965407373691396923e-04 0.000000000000000000e+00
1.800000000000000000e+02 7.200002671011263011e-02 3.823395539371871044e-02 9.602867546654528796e-01 0.000000000000000000e+00 1.479289940828402332e-03 0.000000000000000000e+00
2.100000000000000000e+02 8.400003116179810547e-02 7.157487482931269851e-02 9.258079198907601670e-01 0.000000000000000000e+00 2.617205279927173507e-03 0.000000000000000000e+00
2.400000000000000000e+02 9.600003561348358083e-02 1.176604460628129234e-01 8.759672280382339027e-01 0.000000000000000000e+00 6.372325898953117539e-03 0.000000000000000000e+00
2.700000000000000000e+02 1.080000400651690562e-01 2.110832954028220299e-01 7.752617205279926926e-01 0.000000000000000000e+00 1.365498406918525323e-02 0.000000000000000000e+00
3.000000000000000000e+02 1.200000445168545316e-01 3.472917614929449392e-01 6.269913518434228061e-01 1.137915339098771066e-04 2.560309512972235024e-02 0.000000000000000000e+00
3.300000000000000000e+02 1.320000489685400069e-01 5.176376877560309175e-01 4.250113791533909890e-01 5.689576695493854790e-04 5.678197542102867562e-02 0.000000000000000000e+00
3.600000000000000000e+02 1.440000534202254823e-01 6.310878470641784199e-01 2.707100591715976279e-01 3.982703686845699004e-03 9.421939007737824279e-02 0.000000000000000000e+00
3.900000000000000000e+02 1.560000578719107356e-01 7.080109239872554028e-01 1.450842057350933134e-01 1.126536185707783383e-02 1.356395084205735124e-01 0.000000000000000000e+00
4.200000000000000000e+02 1.680000623235962109e-01 7.507965407373691225e-01 7.749203459262631044e-02 2.184797451069640448e-02 1.498634501593081592e-01 0.000000000000000000e+00
4.500000000000000000e+02 1.800000667752816863e-01 7.774237596722803900e-01 5.370960400546199304e-02 2.401001365498407064e-02 1.448566226672735602e-01 0.000000000000000000e+00
4.800000000000000000e+02 1.920000712269671617e-01 8.115612198452435422e-01 4.153390987710514626e-02 3.379608557123350149e-02 1.131087847064178448e-01 0.000000000000000000e+00
5.100000000000000000e+02 2.040000756786526370e-01 8.485434683659536237e-01 3.060992262175694228e-02 3.527537551206190447e-02 8.557123350022757813e-02 0.000000000000000000e+00
5.400000000000000000e+02 2.160000801303381124e-01 8.774465179790623681e-01 2.332726445152480746e-02 3.334091943559399501e-02 6.588529813381883982e-02 0.000000000000000000e+00
5.700000000000000000e+02 2.280000845820235877e-01 8.905325443786982209e-01 2.264451524806554428e-02 3.220300409649522189e-02 5.461993627674101293e-02 0.000000000000000000e+00
6.000000000000000000e+02 2.400000890337090631e-01 9.099908966772871644e-01 2.002730996813837164e-02 2.947200728265816916e-02 4.050978607191624975e-02 0.000000000000000000e+00
6.300000000000000000e+02 2.520000934853943164e-01 9.189804278561675144e-01 2.048247610377787811e-02 2.742375967228038308e-02 3.311333636777423484e-02 0.000000000000000000e+00
6.600000000000000000e+02 2.640000979370797918e-01 9.247837960855712636e-01 1.854802002730996865e-02 2.548930359581247015e-02 3.106508875739644876e-02 1.137915339098771066e-04
6.900000000000000000e+02 2.760001023887652671e-01 9.390077378243059103e-01 1.695493855257168905e-02 2.366863905325443732e-02 2.036868456986800149e-02 0.000000000000000000e+00
7.200000000000000000e+02 2.880001068404507425e-01 9.515248065543923106e-01 1.297223486572599005e-02 1.968593536640873831e-02 1.570323167956303931e-02 1.137915339098771066e-04
7.500000000000000000e+02 3.000001112921362179e-01 9.514110150204825311e-01 1.422394173873463806e-02 2.139280837505689453e-02 1.285844333181611343e-02 1.137915339098771066e-04
7.800000000000000000e+02 3.120001157438216932e-01 9.607419208010924416e-01 1.160673645880746542e-02 1.638598088302230249e-02 1.126536185707783383e-02 0.000000000000000000e+00
8.100000000000000000e+02 3.240001201955071686e-01 9.655211652253072874e-01 1.046882111970869403e-02 1.354119253527537488e-02 1.035502958579881741e-02 1.137915339098771066e-04
8.400000000000000000e+02 3.360001246471926439e-01 9.684797451069639962e-01 1.115157032316795548e-02 1.194811106053709528e-02 7.965407373691398007e-03 4.551661356395084266e-04
8.700000000000000000e+02 3.480001290988778972e-01 9.705279927173418031e-01 9.444697314519799256e-03 1.263086026399635846e-02 7.282658170232134826e-03 1.137915339098771066e-04
9.000000000000000000e+02 3.600001335505633726e-01 9.738279472007282944e-01 1.024123805188893906e-02 9.558488848429677609e-03 6.258534365043240920e-03 1.137915339098771066e-04
9.300000000000000000e+02 3.720001380022488480e-01 9.743969048702776359e-01 8.079198907601274626e-03 1.058261265361857065e-02 6.713700500682749130e-03 2.275830678197542133e-04
9.600000000000000000e+02 3.840001424539341013e-01 9.772416932180245652e-01 5.461993627674101119e-03 8.989531178880291046e-03 7.851615839781519654e-03 4.551661356395084266e-04
9.900000000000000000e+02 3.960001469056197987e-01 9.806554392353209471e-01 5.575785161583977738e-03 8.420573509330906217e-03 5.120619025944469528e-03 2.275830678197542133e-04
1.020000000000000000e+03 4.080001513573052740e-01 9.812243969048702885e-01 6.144742831133363434e-03 8.761948111060537808e-03 3.299954483386436255e-03 5.689576695493854790e-04
1.050000000000000000e+03 4.200001558089907494e-01 9.833864360491579859e-01 5.006827492034592909e-03 8.534365043240782836e-03 3.072371415566681717e-03 0.000000000000000000e+00
1.080000000000000000e+03 4.320001602606760027e-01 9.835002275830677654e-01 4.324078288575329727e-03 8.534365043240782836e-03 3.299954483386436255e-03 3.413746017296313199e-04
1.110000000000000000e+03 4.440001647123614781e-01 9.870277651342740377e-01 4.437869822485207214e-03 6.486117432862995025e-03 1.820664542558033706e-03 2.275830678197542133e-04
1.140000000000000000e+03 4.560001691640471755e-01 9.831588529813382049e-01 5.461993627674101119e-03 8.875739644970414427e-03 2.048247610377787811e-03 4.551661356395084266e-04
1.170000000000000000e+03 4.680001736157324288e-01 9.883932635411925016e-01 3.299954483386436255e-03 6.258534365043240920e-03 1.934456076467910759e-03 1.137915339098771066e-04
1.200000000000000000e+03 4.800001780674176821e-01 9.911242603550295405e-01 2.048247610377787811e-03 5.348202093764223633e-03 1.365498406918525280e-03 1.137915339098771066e-04
1.230000000000000000e+03 4.920001825191033795e-01 9.902139280837505275e-01 2.275830678197541916e-03 4.893035958124715423e-03 2.162039144287664864e-03 4.551661356395084266e-04
1.260000000000000000e+03 5.040001869707888549e-01 9.910104688211197610e-01 2.617205279927173507e-03 4.437869822485207214e-03 1.365498406918525280e-03 5.689576695493854790e-04
1.290000000000000000e+03 5.160001914224743302e-01 9.921483841602184439e-01 1.934456076467910759e-03 3.868912152935821518e-03 1.593081474738279385e-03 4.551661356395084266e-04
1.320000000000000000e+03 5.280001958741595836e-01 9.935138825671370189e-01 1.934456076467910759e-03 3.299954483386436255e-03 1.024123805188893906e-03 2.275830678197542133e-04
1.350000000000000000e+03 5.400002003258450589e-01 9.918070095584888834e-01 2.048247610377787811e-03 3.641329085116067413e-03 1.706873008648156654e-03 7.965407373691396923e-04
1.380000000000000000e+03 5.520002047775307563e-01 9.937414656349567998e-01 1.820664542558033706e-03 2.730996813837050560e-03 1.365498406918525280e-03 3.413746017296313199e-04
1.410000000000000000e+03 5.640002092292160096e-01 9.931725079654073474e-01 2.048247610377787811e-03 3.527537551206190360e-03 6.827492034592626399e-04 5.689576695493854790e-04
1.440000000000000000e+03 5.760002136809012629e-01 9.938552571688666903e-01 1.934456076467910759e-03 3.413746017296313308e-03 1.137915339098771066e-04 6.827492034592626399e-04
1.470000000000000000e+03 5.880002181325869604e-01 9.944242148384160318e-01 1.820664542558033706e-03 2.503413746017296455e-03 6.827492034592626399e-04 5.689576695493854790e-04
1.500000000000000000e+03 6.000002225842724357e-01 9.948793809740554828e-01 1.137915339098770958e-03 2.389622212107419402e-03 1.137915339098770958e-03 4.551661356395084266e-04
1.530000000000000000e+03 6.120002270359579111e-01 9.945380063723259223e-01 1.593081474738279385e-03 2.275830678197541916e-03 4.551661356395084266e-04 1.137915339098770958e-03
1.560000000000000000e+03 6.240002314876431644e-01 9.957897132453344957e-01 1.251706873008648227e-03 1.820664542558033706e-03 5.689576695493854790e-04 5.689576695493854790e-04
1.590000000000000000e+03 6.360002359393286397e-01 9.968138370505233992e-01 1.024123805188893906e-03 1.137915339098770958e-03 3.413746017296313199e-04 6.827492034592626399e-04
1.620000000000000000e+03 6.480002403910141151e-01 9.953345471096950448e-01 1.365498406918525280e-03 2.162039144287664864e-03 5.689576695493854790e-04 5.689576695493854790e-04
1.650000000000000000e+03 6.600002448426995905e-01 9.951069640418752638e-01 1.365498406918525280e-03 1.820664542558033706e-03 4.551661356395084266e-04 1.251706873008648227e-03
1.680000000000000000e+03 6.720002492943848438e-01 9.961310878470641672e-01 9.103322712790168532e-04 1.365498406918525280e-03 7.965407373691396923e-04 7.965407373691396923e-04
1.710000000000000000e+03 6.840002537460705412e-01 9.964724624487938387e-01 6.827492034592626399e-04 1.706873008648156654e-03 3.413746017296313199e-04 7.965407373691396923e-04
1.740000000000000000e+03 6.960002581977560165e-01 9.963586709148839482e-01 3.413746017296313199e-04 1.820664542558033706e-03 5.689576695493854790e-04 9.103322712790168532e-04
1.770000000000000000e+03 7.080002626494414919e-01 9.954483386436049352e-01 7.965407373691396923e-04 1.820664542558033706e-03 1.137915339098770958e-03 7.965407373691396923e-04
1.800000000000000000e+03 7.200002671011267452e-01 9.970414201183431802e-01 3.413746017296313199e-04 1.365498406918525280e-03 4.551661356395084266e-04 7.965407373691396923e-04
1.830000000000000000e+03 7.320002715528122206e-01 9.970414201183431802e-01 1.137915339098771066e-04 1.024123805188893906e-03 2.275830678197542133e-04 1.593081474738279385e-03
1.860000000000000000e+03 7.440002760044979180e-01 9.976103777878926326e-01 3.413746017296313199e-04 7.965407373691396923e-04 4.551661356395084266e-04 7.965407373691396923e-04
1.890000000000000000e+03 7.560002804561831713e-01 9.979517523896221931e-01 2.275830678197542133e-04 9.103322712790168532e-04 1.137915339098771066e-04 7.965407373691396923e-04
1.920000000000000000e+03 7.680002849078684246e-01 9.970414201183431802e-01 4.551661356395084266e-04 1.251706873008648227e-03 1.137915339098771066e-04 1.137915339098770958e-03
1.950000000000000000e+03 7.800002893595541220e-01 9.977241693218024121e-01 0.000000000000000000e+00 1.251706873008648227e-03 3.413746017296313199e-04 6.827492034592626399e-04
1.980000000000000000e+03 7.920002938112395974e-01 9.972690031861629611e-01 2.275830678197542133e-04 7.965407373691396923e-04 2.275830678197542133e-04 1.479289940828402332e-03
2.010000000000000000e+03 8.040002982629250727e-01 9.973827947200728516e-01 1.137915339098771066e-04 6.827492034592626399e-04 3.413746017296313199e-04 1.479289940828402332e-03
2.040000000000000000e+03 8.160003027146103260e-01 9.965862539827037292e-01 1.137915339098771066e-04 1.137915339098770958e-03 1.137915339098771066e-04 2.048247610377787811e-03
2.070000000000000000e+03 8.280003071662958014e-01 9.972690031861629611e-01 1.137915339098771066e-04 1.137915339098770958e-03 5.689576695493854790e-04 9.103322712790168532e-04
2.100000000000000000e+03 8.400003116179814988e-01 9.970414201183431802e-01 5.689576695493854790e-04 9.103322712790168532e-04 5.689576695493854790e-04 9.103322712790168532e-04
2.130000000000000000e+03 8.520003160696667521e-01 9.960172963131542767e-01 6.827492034592626399e-04 1.593081474738279385e-03 2.275830678197542133e-04 1.479289940828402332e-03
2.160000000000000000e+03 8.640003205213520054e-01 9.968138370505233992e-01 3.413746017296313199e-04 1.365498406918525280e-03 3.413746017296313199e-04 1.137915339098770958e-03
2.190000000000000000e+03 8.760003249730377028e-01 9.971552116522530707e-01 1.137915339098771066e-04 1.024123805188893906e-03 2.275830678197542133e-04 1.479289940828402332e-03
2.220000000000000000e+03 8.880003294247231782e-01 9.974965862539827421e-01 1.137915339098771066e-04 6.827492034592626399e-04 5.689576695493854790e-04 1.137915339098770958e-03
2.250000000000000000e+03 9.000003338764086536e-01 9.974965862539827421e-01 1.137915339098771066e-04 4.551661356395084266e-04 4.551661356395084266e-04 1.479289940828402332e-03
2.280000000000000000e+03 9.120003383280939069e-01 9.964724624487938387e-01 2.275830678197542133e-04 1.365498406918525280e-03 2.275830678197542133e-04 1.706873008648156654e-03
2.310000000000000000e+03 9.240003427797793822e-01 9.977241693218024121e-01 1.137915339098771066e-04 7.965407373691396923e-04 3.413746017296313199e-04 1.024123805188893906e-03
2.340000000000000000e+03 9.360003472314650796e-01 9.973827947200728516e-01 4.551661356395084266e-04 4.551661356395084266e-04 2.275830678197542133e-04 1.479289940828402332e-03
2.370000000000000000e+03 9.480003516831503330e-01 9.976103777878926326e-01 1.137915339098771066e-04 4.551661356395084266e-04 3.413746017296313199e-04 1.479289940828402332e-03
2.400000000000000000e+03 9.600003561348355863e-01 9.986345015930814251e-01 2.275830678197542133e-04 4.551661356395084266e-04 1.137915339098771066e-04 5.689576695493854790e-04
2.430000000000000000e+03 9.720003605865212837e-01 9.978379608557123026e-01 2.275830678197542133e-04 7.965407373691396923e-04 2.275830678197542133e-04 9.103322712790168532e-04
2.460000000000000000e+03 9.840003650382067590e-01 9.972690031861629611e-01 2.275830678197542133e-04 4.551661356395084266e-04 2.275830678197542133e-04 1.820664542558033706e-03
2.490000000000000000e+03 9.960003694898922344e-01 9.982931269913518646e-01 0.000000000000000000e+00 3.413746017296313199e-04 4.551661356395084266e-04 9.103322712790168532e-04
