# itime ezz other fcc hcp bcc ico
0.000000000000000000e+00 0.000000000000000000e+00 1.137915339098771066e-04 9.998862084660901095e-01 0.000000000000000000e+00 0.000000000000000000e+00 0.000000000000000000e+00
2.500000000000000000e+02 9.999837508822828624e-04 1.251706873008648227e-03 9.987482931269913156e-01 0.000000000000000000e+00 0.000000000000000000e+00 0.000000000000000000e+00
5.000000000000000000e+02 1.999967501764565725e-03 1.479289940828402332e-03 9.985207100591716456e-01 0.000000000000000000e+00 0.000000000000000000e+00 0.000000000000000000e+00
7.500000000000000000e+02 2.999951252646626543e-03 1.365498406918525280e-03 9.986345015930814251e-01 0.000000000000000000e+00 0.000000000000000000e+00 0.000000000000000000e+00
1.000000000000000000e+03 3.999935003528909405e-03 6.827492034592626399e-04 9.993172507965407680e-01 0.000000000000000000e+00 0.000000000000000000e+00 0.000000000000000000e+00
1.250000000000000000e+03 4.999918754411192268e-03 7.965407373691396923e-04 9.990896677287209870e-01 0.000000000000000000e+00 1.137915339098771066e-04 0.000000000000000000e+00
1.500000000000000000e+03 5.999902505293475130e-03 1.024123805188893906e-03 9.989758761948110966e-01 0.000000000000000000e+00 0.000000000000000000e+00 0.000000000000000000e+00
1.750000000000000000e+03 6.999886256175757993e-03 1.137915339098770958e-03 9.988620846609012061e-01 0.000000000000000000e+00 0.000000000000000000e+00 0.000000000000000000e+00
2.000000000000000000e+03 7.999870007057818810e-03 1.137915339098770958e-03 9.988620846609012061e-01 0.000000000000000000e+00 0.000000000000000000e+00 0.000000000000000000e+00
2.250000000000000000e+03 8.999853757940101673e-03 4.551661356395084266e-04 9.995448338643604380e-01 0.000000000000000000e+00 0.000000000000000000e+00 0.000000000000000000e+00
2.500000000000000000e+03 9.999837508822384535e-03 6.827492034592626399e-04 9.993172507965407680e-01 0.000000000000000000e+00 0.000000000000000000e+00 0.000000000000000000e+00
2.750000000000000000e+03 1.099982125970466740e-02 2.275830678197541916e-03 9.977241693218024121e-01 0.000000000000000000e+00 0.000000000000000000e+00 0.000000000000000000e+00
3.000000000000000000e+03 1.199980501058672822e-02 1.706873008648156654e-03 9.982931269913518646e-01 0.000000000000000000e+00 0.000000000000000000e+00 0.000000000000000000e+00
3.250000000000000000e+03 1.299978876146901108e-02 1.479289940828402332e-03 9.985207100591716456e-01 0.000000000000000000e+00 0.000000000000000000e+00 0.000000000000000000e+00
3.500000000000000000e+03 1.399977251235129394e-02 9.103322712790168532e-04 9.990896677287209870e-01 0.000000000000000000e+00 0.000000000000000000e+00 0.000000000000000000e+00
3.750000000000000000e+03 1.499975626323357680e-02 1.251706873008648227e-03 9.987482931269913156e-01 0.000000000000000000e+00 0.000000000000000000e+00 0.000000000000000000e+00
4.000000000000000000e+03 1.599974001411585967e-02 1.137915339098770958e-03 9.988620846609012061e-01 0.000000000000000000e+00 0.000000000000000000e+00 0.000000000000000000e+00
4.250000000000000000e+03 1.699972376499792048e-02 1.365498406918525280e-03 9.986345015930814251e-01 0.000000000000000000e+00 0.000000000000000000e+00 0.000000000000000000e+00
4.500000000000000000e+03 1.799970751588020335e-02 2.844788347746927612e-03 9.970414201183431802e-01 0.000000000000000000e+00 1.137915339098771066e-04 0.000000000000000000e+00
4.750000000000000000e+03 1.899969126676248621e-02 7.965407373691396923e-04 9.992034592626308775e-01 0.000000000000000000e+00 0.000000000000000000e+00 0.000000000000000000e+00
5.000000000000000000e+03 1.999967501764476907e-02 3.413746017296313199e-04 9.996586253982703285e-01 0.000000000000000000e+00 0.000000000000000000e+00 0.000000000000000000e+00
5.250000000000000000e+03 2.099965876852705193e-02 1.137915339098770958e-03 9.987482931269913156e-01 0.000000000000000000e+00 1.137915339098771066e-04 0.000000000000000000e+00
5.500000000000000000e+03 2.199964251940911275e-02 2.275830678197541916e-03 9.977241693218024121e-01 0.000000000000000000e+00 0.000000000000000000e+00 0.000000000000000000e+00
5.750000000000000000e+03 2.299962627029139561e-02 4.437869822485207214e-03 9.955621301775148257e-01 0.000000000000000000e+00 0.000000000000000000e+00 0.000000000000000000e+00
6.000000000000000000e+03 2.399961002117367848e-02 2.617205279927173507e-03 9.972690031861629611e-01 0.000000000000000000e+00 1.137915339098771066e-04 0.000000000000000000e+00
6.250000000000000000e+03 2.499959377205596134e-02 2.162039144287664864e-03 9.978379608557123026e-01 0.000000000000000000e+00 0.000000000000000000e+00 0.000000000000000000e+00
6.500000000000000000e+03 2.599957752293824420e-02 3.413746017296313308e-03 9.965862539827037292e-01 0.000000000000000000e+00 0.000000000000000000e+00 0.000000000000000000e+00
6.750000000000000000e+03 2.699956127382030502e-02 4.096495220755575623e-03 9.957897132453344957e-01 0.000000000000000000e+00 1.137915339098771066e-04 0.000000000000000000e+00
7.000000000000000000e+03 2.799954502470258788e-02 4.096495220755575623e-03 9.959035047792443862e-01 0.000000000000000000e+00 0.000000000000000000e+00 0.000000000000000000e+00
7.250000000000000000e+03 2.899952877558487074e-02 4.210286754665453109e-03 9.957897132453344957e-01 0.000000000000000000e+00 0.000000000000000000e+00 0.000000000000000000e+00
7.500000000000000000e+03 2.999951252646715361e-02 4.096495220755575623e-03 9.957897132453344957e-01 0.000000000000000000e+00 1.137915339098771066e-04 0.000000000000000000e+00
7.750000000000000000e+03 3.099949627734943647e-02 4.779244424214838804e-03 9.948793809740554828e-01 0.000000000000000000e+00 3.413746017296313199e-04 0.000000000000000000e+00
8.000000000000000000e+03 3.199948002823149729e-02 5.234410559854347014e-03 9.945380063723259223e-01 0.000000000000000000e+00 2.275830678197542133e-04 0.000000000000000000e+00
8.250000000000000000e+03 3.299946377911378015e-02 5.461993627674101119e-03 9.944242148384160318e-01 0.000000000000000000e+00 1.137915339098771066e-04 0.000000000000000000e+00
8.500000000000000000e+03 3.399944752999606301e-02 4.551661356395083832e-03 9.954483386436049352e-01 0.000000000000000000e+00 0.000000000000000000e+00 0.000000000000000000e+00
8.750000000000000000e+03 3.499943128087834587e-02 5.234410559854347014e-03 9.944242148384160318e-01 0.000000000000000000e+00 3.413746017296313199e-04 0.000000000000000000e+00
9.000000000000000000e+03 3.599941503176040669e-02 6.827492034592626616e-03 9.930587164314974569e-01 0.000000000000000000e+00 1.137915339098771066e-04 0.000000000000000000e+00
9.250000000000000000e+03 3.699939878264268955e-02 6.372325898953117539e-03 9.935138825671370189e-01 0.000000000000000000e+00 1.137915339098771066e-04 0.000000000000000000e+00
9.500000000000000000e+03 3.799938253352497242e-02 7.168866636322257339e-03 9.926035502958580059e-01 0.000000000000000000e+00 2.275830678197542133e-04 0.000000000000000000e+00
9.750000000000000000e+03 3.899936628440725528e-02 6.486117432862995025e-03 9.935138825671370189e-01 0.000000000000000000e+00 0.000000000000000000e+00 0.000000000000000000e+00
1.000000000000000000e+04 3.999935003528953814e-02 4.324078288575329727e-03 9.955621301775148257e-01 0.000000000000000000e+00 1.137915339098771066e-04 0.000000000000000000e+00
1.025000000000000000e+04 4.099933378617159896e-02 9.103322712790167665e-03 9.904415111515703085e-01 0.000000000000000000e+00 4.551661356395084266e-04 0.000000000000000000e+00
1.050000000000000000e+04 4.199931753705388182e-02 6.941283568502503235e-03 9.927173418297678964e-01 0.000000000000000000e+00 3.413746017296313199e-04 0.000000000000000000e+00
1.075000000000000000e+04 4.299930128793616468e-02 3.641329085116067413e-03 9.962448793809740577e-01 0.000000000000000000e+00 1.137915339098771066e-04 0.000000000000000000e+00
1.100000000000000000e+04 4.399928503881844755e-02 9.899863450159307465e-03 9.898725534820209671e-01 0.000000000000000000e+00 2.275830678197542133e-04 0.000000000000000000e+00
1.125000000000000000e+04 4.499926878970073041e-02 7.851615839781519654e-03 9.920345926263085534e-01 0.000000000000000000e+00 1.137915339098771066e-04 0.000000000000000000e+00
1.150000000000000000e+04 4.599925254058279123e-02 9.444697314519799256e-03 9.901001365498406370e-01 0.000000000000000000e+00 4.551661356395084266e-04 0.000000000000000000e+00
1.175000000000000000e+04 4.699923629146507409e-02 7.965407373691398007e-03 9.916932180245789930e-01 0.000000000000000000e+00 3.413746017296313199e-04 0.000000000000000000e+00
1.200000000000000000e+04 4.799922004234735695e-02 9.558488848429677609e-03 9.903277196176604180e-01 0.000000000000000000e+00 1.137915339098771066e-04 0.000000000000000000e+00
1.225000000000000000e+04 4.899920379322963981e-02 1.718252162039144229e-02 9.820209376422394110e-01 0.000000000000000000e+00 7.965407373691396923e-04 0.000000000000000000e+00
1.250000000000000000e+04 4.999918754411192268e-02 1.536185707783340945e-02 9.844105598543468894e-01 0.000000000000000000e+00 2.275830678197542133e-04 0.000000000000000000e+00
1.275000000000000000e+04 5.099917129499398349e-02 1.581702321347291593e-02 9.831588529813382049e-01 0.000000000000000000e+00 1.024123805188893906e-03 0.000000000000000000e+00
1.300000000000000000e+04 5.199915504587626636e-02 1.627218934911242587e-02 9.831588529813382049e-01 0.000000000000000000e+00 5.689576695493854790e-04 0.000000000000000000e+00
1.325000000000000000e+04 5.299913879675854922e-02 1.843422849340009204e-02 9.811106053709603980e-01 0.000000000000000000e+00 4.551661356395084266e-04 0.000000000000000000e+00
1.350000000000000000e+04 5.399912254764083208e-02 1.046882111970869403e-02 9.887346381429221731e-01 0.000000000000000000e+00 7.965407373691396923e-04 0.000000000000000000e+00
1.375000000000000000e+04 5.499910629852311494e-02 1.672735548475193582e-02 9.828174783796085334e-01 0.000000000000000000e+00 4.551661356395084266e-04 0.000000000000000000e+00
1.400000000000000000e+04 5.599909004940517576e-02 1.502048247610377786e-02 9.841829767865271084e-01 0.000000000000000000e+00 7.965407373691396923e-04 0.000000000000000000e+00
1.425000000000000000e+04 5.699907380028745862e-02 2.218934911242603433e-02 9.762175694128356618e-01 0.000000000000000000e+00 1.593081474738279385e-03 0.000000000000000000e+00
1.450000000000000000e+04 5.799905755116974149e-02 2.730996813837050646e-02 9.713245334547109255e-01 0.000000000000000000e+00 1.365498406918525280e-03 0.000000000000000000e+00
1.475000000000000000e+04 5.899904130205202435e-02 2.116522530723714129e-02 9.775830678197542367e-01 0.000000000000000000e+00 1.251706873008648227e-03 0.000000000000000000e+00
1.500000000000000000e+04 5.999902505293408517e-02 2.082385070550751144e-02 9.784934000910332497e-01 0.000000000000000000e+00 6.827492034592626399e-04 0.000000000000000000e+00
1.525000000000000000e+04 6.099900880381636803e-02 2.958579881656804578e-02 9.693900773782430091e-01 0.000000000000000000e+00 1.024123805188893906e-03 0.000000000000000000e+00
1.550000000000000000e+04 6.199899255469865089e-02 2.730996813837050646e-02 9.714383249886208160e-01 0.000000000000000000e+00 1.251706873008648227e-03 0.000000000000000000e+00
1.575000000000000000e+04 6.299897630558093375e-02 2.753755120619025970e-02 9.713245334547109255e-01 0.000000000000000000e+00 1.137915339098770958e-03 0.000000000000000000e+00
1.600000000000000000e+04 6.399896005646321662e-02 3.243058716431497512e-02 9.657487482931269573e-01 0.000000000000000000e+00 1.820664542558033706e-03 0.000000000000000000e+00
1.625000000000000000e+04 6.499894380734527743e-02 3.402366863905325473e-02 9.635867091488393710e-01 0.000000000000000000e+00 2.389622212107419402e-03 0.000000000000000000e+00
1.650000000000000000e+04 6.599892755822756030e-02 3.595812471552116418e-02 9.613108784706417831e-01 0.000000000000000000e+00 2.730996813837050560e-03 0.000000000000000000e+00
1.675000000000000000e+04 6.699891130910984316e-02 3.652708238507055422e-02 9.599453800637232082e-01 0.000000000000000000e+00 3.527537551206190360e-03 0.000000000000000000e+00
1.700000000000000000e+04 6.799889505999212602e-02 3.516158397815202785e-02 9.629039599453800280e-01 0.000000000000000000e+00 1.934456076467910759e-03 0.000000000000000000e+00
1.725000000000000000e+04 6.899887881087440888e-02 4.312699135184342586e-02 9.545971779699590209e-01 0.000000000000000000e+00 2.275830678197541916e-03 0.000000000000000000e+00
1.750000000000000000e+04 6.999886256175646970e-02 5.166135639508420696e-02 9.451524806554392200e-01 0.000000000000000000e+00 3.186162949476558769e-03 0.000000000000000000e+00
1.775000000000000000e+04 7.099884631263875256e-02 4.733727810650887463e-02 9.484524351388257113e-01 0.000000000000000000e+00 4.210286754665453109e-03 0.000000000000000000e+00
1.800000000000000000e+04 7.199883006352103543e-02 5.598543468365953235e-02 9.394629039599453613e-01 0.000000000000000000e+00 4.551661356395083832e-03 0.000000000000000000e+00
1.825000000000000000e+04 7.299881381440331829e-02 5.598543468365953235e-02 9.394629039599453613e-01 0.000000000000000000e+00 4.551661356395083832e-03 0.000000000000000000e+00
1.850000000000000000e+04 7.399879756528560115e-02 6.065088757396449454e-02 9.360491579426490905e-01 0.000000000000000000e+00 3.299954483386436255e-03 0.000000000000000000e+00
1.875000000000000000e+04 7.499878131616766197e-02 7.339553937187073829e-02 9.217114246700045532e-01 0.000000000000000000e+00 4.893035958124715423e-03 0.000000000000000000e+00
1.900000000000000000e+04 7.599876506704994483e-02 7.624032771961765376e-02 9.181838871187983919e-01 0.000000000000000000e+00 5.575785161583977738e-03 0.000000000000000000e+00
1.925000000000000000e+04 7.699874881793222769e-02 1.002503413746017313e-01 8.909877105143377829e-01 0.000000000000000000e+00 8.761948111060537808e-03 0.000000000000000000e+00
1.950000000000000000e+04 7.799873256881451056e-02 9.729176149294492537e-02 8.901911697769685494e-01 0.000000000000000000e+00 1.251706873008648184e-02 0.000000000000000000e+00
1.975000000000000000e+04 7.899871631969657138e-02 1.183431952662721831e-01 8.585571233500227661e-01 1.137915339098771066e-04 2.298588984979517413e-02 0.000000000000000000e+00
2.000000000000000000e+04 7.999870007057885424e-02 1.319981793354574329e-01 8.456986800182066943e-01 2.275830678197542133e-04 2.207555757851615771e-02 0.000000000000000000e+00
2.025000000000000000e+04 8.099868382146113710e-02 1.649977241693217911e-01 7.868684569868001910e-01 1.137915339098771066e-04 4.802002730996814128e-02 0.000000000000000000e+00
2.050000000000000000e+04 8.199866757234341996e-02 1.764906690942193990e-01 7.402139280837505275e-01 1.251706873008648227e-03 8.204369594902138907e-02 0.000000000000000000e+00
2.075000000000000000e+04 8.299865132322570282e-02 1.970869367319071364e-01 6.949248975876194390e-01 3.072371415566681717e-03 1.049157942649066866e-01 0.000000000000000000e+00
2.100000000000000000e+04 8.399863507410776364e-02 2.119936276741010428e-01 6.590805644060081514e-01 1.115157032316795548e-02 1.177742375967228000e-01 0.000000000000000000e+00
2.125000000000000000e+04 8.499861882499004651e-02 2.266727355484751960e-01 6.068502503413746307e-01 4.688211197086936816e-02 1.195949021392808398e-01 0.000000000000000000e+00
2.150000000000000000e+04 8.599860257587232937e-02 2.075557578516158408e-01 5.875056895766954668e-01 8.090578060992262288e-02 1.240327719617660418e-01 0.000000000000000000e+00
2.175000000000000000e+04 8.699858632675461223e-02 1.869594902139280757e-01 5.719162494310423561e-01 1.628356850250341492e-01 7.828857532999544677e-02 0.000000000000000000e+00
2.200000000000000000e+04 8.799857007763689509e-02 1.544151115157032239e-01 5.789713245334546787e-01 2.150659990896677254e-01 5.154756486117433034e-02 0.000000000000000000e+00
2.225000000000000000e+04 8.899855382851895591e-02 1.285844333181611343e-01 6.035502958579881394e-01 2.297451069640418786e-01 3.812016385980882688e-02 0.000000000000000000e+00
2.250000000000000000e+04 8.999853757940123877e-02 9.228493400091032639e-02 6.586253982703687004e-01 2.407828857532999522e-01 8.306781975421027864e-03 0.000000000000000000e+00
2.275000000000000000e+04 9.099852133028352164e-02 8.033682294037323979e-02 7.078971324533455123e-01 2.073281747837960876e-01 4.437869822485207214e-03 0.000000000000000000e+00
2.300000000000000000e+04 9.199850508116580450e-02 7.020937642239417908e-02 7.749203459262631322e-01 1.507737824305871721e-01 4.096495220755575623e-03 0.000000000000000000e+00
2.325000000000000000e+04 9.299848883204808736e-02 6.065088757396449454e-02 7.827719617660445772e-01 1.520254893035958010e-01 4.551661356395083832e-03 0.000000000000000000e+00
2.350000000000000000e+04 9.399847258293014818e-02 5.780609922621757213e-02 7.773099681383704995e-01 1.605598543468365891e-01 4.324078288575329727e-03 0.000000000000000000e+00
2.375000000000000000e+04 9.499845633381243104e-02 5.780609922621757213e-02 7.692307692307692735e-01 1.664770141101502010e-01 6.486117432862995025e-03 0.000000000000000000e+00
2.400000000000000000e+04 9.599844008469471390e-02 5.826126536185707860e-02 7.559171597633136397e-01 1.778561675011379184e-01 7.965407373691398007e-03 0.000000000000000000e+00
2.425000000000000000e+04 9.699842383557699677e-02 5.655439235320892238e-02 7.389622212107419541e-01 1.987938097405552995e-01 5.689576695493855224e-03 0.000000000000000000e+00
2.450000000000000000e+04 9.799840758645927963e-02 6.133363677742376119e-02 7.212107419208011461e-01 2.091488393263541135e-01 8.306781975421027864e-03 0.000000000000000000e+00
2.475000000000000000e+04 9.899839133734134045e-02 6.019572143832498806e-02 7.031178880291306665e-01 2.281520254893036059e-01 8.534365043240782836e-03 0.000000000000000000e+00
2.500000000000000000e+04 9.999837508822362331e-02 5.336822940373236318e-02 7.030040964952207760e-01 2.374829312699135164e-01 6.144742831133363434e-03 0.000000000000000000e+00
2.525000000000000000e+04 1.009983588391059062e-01 5.325443786982248656e-02 7.028903049613108855e-01 2.375967228038234069e-01 6.258534365043240920e-03 0.000000000000000000e+00
2.550000000000000000e+04 1.019983425899881890e-01 4.949931725079653733e-02 7.050523441055985829e-01 2.397587619481110488e-01 5.689576695493855224e-03 0.000000000000000000e+00
2.575000000000000000e+04 1.029983263408702499e-01 5.530268548020027264e-02 7.017523896222120916e-01 2.387346381429221731e-01 4.210286754665453109e-03 0.000000000000000000e+00
2.600000000000000000e+04 1.039983100917525327e-01 5.416477014110149951e-02 7.011834319526627501e-01 2.395311788802912956e-01 5.120619025944469528e-03 0.000000000000000000e+00
2.625000000000000000e+04 1.049982938426348156e-01 5.644060081929904577e-02 6.999317250796540657e-01 2.402139280837505553e-01 3.413746017296313308e-03 0.000000000000000000e+00
2.650000000000000000e+04 1.059982775935170984e-01 5.314064633591260994e-02 7.007282658170231882e-01 2.402139280837505553e-01 5.917159763313609329e-03 0.000000000000000000e+00
2.675000000000000000e+04 1.069982613443993813e-01 5.336822940373236318e-02 7.010696404187528596e-01 2.399863450159308020e-01 5.575785161583977738e-03 0.000000000000000000e+00
2.700000000000000000e+04 1.079982450952814421e-01 5.450614474283113631e-02 7.001593081474738467e-01 2.408966772872098427e-01 4.437869822485207214e-03 0.000000000000000000e+00
2.725000000000000000e+04 1.089982288461637250e-01 5.484751934456076616e-02 7.003868912152936277e-01 2.395311788802912956e-01 5.234410559854347014e-03 0.000000000000000000e+00
2.750000000000000000e+04 1.099982125970460078e-01 5.712335002275830548e-02 7.018661811561219821e-01 2.369139736003641195e-01 4.096495220755575623e-03 0.000000000000000000e+00
2.775000000000000000e+04 1.109981963479282907e-01 5.609922621756941591e-02 7.023213472917615441e-01 2.377105143377332697e-01 3.868912152935821518e-03 0.000000000000000000e+00
2.800000000000000000e+04 1.119981800988105736e-01 5.883022303140646170e-02 6.993627674101047242e-01 2.369139736003641195e-01 4.893035958124715423e-03 0.000000000000000000e+00
2.825000000000000000e+04 1.129981638496926344e-01 6.008192990441511144e-02 7.009558488848429691e-01 2.341829767865270806e-01 4.779244424214838804e-03 0.000000000000000000e+00
2.850000000000000000e+04 1.139981476005749172e-01 5.507510241238051940e-02 7.009558488848429691e-01 2.381656804733727761e-01 5.803368229403732710e-03 0.000000000000000000e+00
2.875000000000000000e+04 1.149981313514572001e-01 5.996813837050523482e-02 6.981110605370960398e-01 2.353208921256258468e-01 6.599908966772872511e-03 0.000000000000000000e+00
2.900000000000000000e+04 1.159981151023394830e-01 6.417842512517069054e-02 7.006144742831132977e-01 2.298588984979517413e-01 5.348202093764223633e-03 0.000000000000000000e+00
2.925000000000000000e+04 1.169980988532217658e-01 6.030951297223486468e-02 7.065316340464269373e-01 2.281520254893036059e-01 5.006827492034592909e-03 0.000000000000000000e+00
2.950000000000000000e+04 1.179980826041038267e-01 6.406463359126081392e-02 7.074419663177059503e-01 2.237141556668183762e-01 4.779244424214838804e-03 0.000000000000000000e+00
2.975000000000000000e+04 1.189980663549861095e-01 5.974055530268548159e-02 7.101729631315429891e-01 2.226900318616295005e-01 7.396449704142011444e-03 0.000000000000000000e+00
3.000000000000000000e+04 1.199980501058683924e-01 6.599908966772871644e-02 7.086936731907146347e-01 2.193900773782430647e-01 5.917159763313609329e-03 0.000000000000000000e+00
3.025000000000000000e+04 1.209980338567506752e-01 6.907146108329539902e-02 7.130177514792899185e-01 2.138142922166590687e-01 4.096495220755575623e-03 0.000000000000000000e+00
3.050000000000000000e+04 1.219980176076329581e-01 6.884387801547564578e-02 7.241693218024578549e-01 2.032316795630405015e-01 3.755120619025944465e-03 0.000000000000000000e+00
3.075000000000000000e+04 1.229980013585150189e-01 6.110605370960400795e-02 7.691169776968593830e-01 1.680700955848884737e-01 1.706873008648156654e-03 0.000000000000000000e+00
3.100000000000000000e+04 1.239979851093973018e-01 4.733727810650887463e-02 8.086026399635867223e-01 1.426945835229858905e-01 1.365498406918525280e-03 0.000000000000000000e+00
3.125000000000000000e+04 1.249979688602795846e-01 3.379608557123350149e-02 8.342057350933090865e-01 1.298361401911697632e-01 2.162039144287664864e-03 0.000000000000000000e+00
3.150000000000000000e+04 1.259979526111618675e-01 3.470641784251251444e-02 8.330678197542102925e-01 1.297223486572599005e-01 2.503413746017296455e-03 0.000000000000000000e+00
3.175000000000000000e+04 1.269979363620439283e-01 3.265817023213472836e-02 8.362539827036868934e-01 1.300637232589895442e-01 1.024123805188893906e-03 0.000000000000000000e+00
3.200000000000000000e+04 1.279979201129262112e-01 3.459262630860263782e-02 8.350022758306782089e-01 1.285844333181611343e-01 1.820664542558033706e-03 0.000000000000000000e+00
3.225000000000000000e+04 1.289979038638084941e-01 3.368229403732362487e-02 8.354574419663176599e-01 1.297223486572599005e-01 1.137915339098770958e-03 0.000000000000000000e+00
3.250000000000000000e+04 1.299978876146907769e-01 3.152025489303595523e-02 8.363677742375966728e-01 1.302913063268092975e-01 1.820664542558033706e-03 0.000000000000000000e+00
3.275000000000000000e+04 1.309978713655730598e-01 3.504779244424215123e-02 8.345471096950386469e-01 1.289258079198907503e-01 1.479289940828402332e-03 0.000000000000000000e+00
3.300000000000000000e+04 1.319978551164551206e-01 3.288575329995448160e-02 8.357988165680473314e-01 1.296085571233500100e-01 1.706873008648156654e-03 0.000000000000000000e+00
3.325000000000000000e+04 1.329978388673374035e-01 3.106508875739644876e-02 8.356850250341374409e-01 1.305188893946290507e-01 2.730996813837050560e-03 0.000000000000000000e+00
3.350000000000000000e+04 1.339978226182196863e-01 3.459262630860263782e-02 8.345471096950386469e-01 1.297223486572599005e-01 1.137915339098770958e-03 0.000000000000000000e+00
3.375000000000000000e+04 1.349978063691019692e-01 3.925807919890760000e-02 8.281747837960855563e-01 1.302913063268092975e-01 2.275830678197541916e-03 0.000000000000000000e+00
3.400000000000000000e+04 1.359977901199842520e-01 3.595812471552116418e-02 8.322712790168411701e-01 1.302913063268092975e-01 1.479289940828402332e-03 0.000000000000000000e+00
3.425000000000000000e+04 1.369977738708663129e-01 3.698224852071006069e-02 8.324988620846609511e-01 1.294947655894401473e-01 1.024123805188893906e-03 0.000000000000000000e+00
3.450000000000000000e+04 1.379977576217485957e-01 3.573054164770141095e-02 8.315885298133819381e-01 1.309740555302685572e-01 1.706873008648156654e-03 0.000000000000000000e+00
3.475000000000000000e+04 1.389977413726308786e-01 3.823395539371871044e-02 8.318161128812016081e-01 1.280154756486117373e-01 1.934456076467910759e-03 0.000000000000000000e+00
3.500000000000000000e+04 1.399977251235131614e-01 4.221665908056440597e-02 8.262403277196176399e-01 1.283568502503413811e-01 3.186162949476558769e-03 0.000000000000000000e+00
3.525000000000000000e+04 1.409977088743954443e-01 4.312699135184342586e-02 8.246472462448793950e-01 1.297223486572599005e-01 2.503413746017296455e-03 0.000000000000000000e+00
3.550000000000000000e+04 1.419976926252775051e-01 3.982703686845699004e-02 8.281747837960855563e-01 1.306326809285389134e-01 1.365498406918525280e-03 0.000000000000000000e+00
3.575000000000000000e+04 1.429976763761597880e-01 4.335457441966317910e-02 8.241920801092398330e-01 1.301775147928994070e-01 2.275830678197541916e-03 0.000000000000000000e+00
3.600000000000000000e+04 1.439976601270420709e-01 4.403732362312243881e-02 8.251024123805188459e-01 1.282430587164314906e-01 2.617205279927173507e-03 0.000000000000000000e+00
3.625000000000000000e+04 1.449976438779243537e-01 4.324078288575330248e-02 8.264679107874374209e-01 1.290395994538006408e-01 1.251706873008648227e-03 0.000000000000000000e+00
3.650000000000000000e+04 1.459976276288064145e-01 4.995448338643605074e-02 8.194128356850249872e-01 1.269913518434228616e-01 3.641329085116067413e-03 0.000000000000000000e+00
3.675000000000000000e+04 1.469976113796886974e-01 4.563040509786071841e-02 8.223714155666818071e-01 1.297223486572599005e-01 2.275830678197541916e-03 0.000000000000000000e+00
3.700000000000000000e+04 1.479975951305709803e-01 4.904415111515703085e-02 8.213472917614929036e-01 1.277878925807919841e-01 1.820664542558033706e-03 0.000000000000000000e+00
3.725000000000000000e+04 1.489975788814532631e-01 4.836140191169777114e-02 8.205507510241237812e-01 1.282430587164314906e-01 2.844788347746927612e-03 0.000000000000000000e+00
3.750000000000000000e+04 1.499975626323355460e-01 4.324078288575330248e-02 8.257851615839781889e-01 1.286982248520709970e-01 2.275830678197541916e-03 0.000000000000000000e+00
3.775000000000000000e+04 1.509975463832176068e-01 5.325443786982248656e-02 8.165680473372780579e-01 1.267637687756031084e-01 3.413746017296313308e-03 0.000000000000000000e+00
3.800000000000000000e+04 1.519975301340998897e-01 5.120619025944470049e-02 8.165680473372780579e-01 1.284706417842512438e-01 3.755120619025944465e-03 0.000000000000000000e+00
3.825000000000000000e+04 1.529975138849821725e-01 4.779244424214838111e-02 8.203231679563040002e-01 1.288120163859808875e-01 3.072371415566681717e-03 0.000000000000000000e+00
3.850000000000000000e+04 1.539974976358644554e-01 4.608557123350022489e-02 8.214610832954027941e-01 1.293809740555302568e-01 3.072371415566681717e-03 0.000000000000000000e+00
3.875000000000000000e+04 1.549974813867467383e-01 5.883022303140646170e-02 8.083750568957669413e-01 1.281292671825216278e-01 4.665452890304961318e-03 0.000000000000000000e+00
3.900000000000000000e+04 1.559974651376287991e-01 5.507510241238051940e-02 8.134956759217114586e-01 1.272189349112426149e-01 4.210286754665453109e-03 0.000000000000000000e+00
3.925000000000000000e+04 1.569974488885110819e-01 5.974055530268548159e-02 8.078060992262175999e-01 1.274465179790623681e-01 5.006827492034592909e-03 0.000000000000000000e+00
3.950000000000000000e+04 1.579974326393933648e-01 6.349567592171143082e-02 8.064406008192990249e-01 1.248293126991351781e-01 5.234410559854347014e-03 0.000000000000000000e+00
3.975000000000000000e+04 1.589974163902756477e-01 6.497496586253982687e-02 8.059854346836595740e-01 1.249431042330450548e-01 4.096495220755575623e-03 0.000000000000000000e+00
4.000000000000000000e+04 1.599974001411579305e-01 6.099226217569413133e-02 8.086026399635867223e-01 1.252844788347746985e-01 5.120619025944469528e-03 0.000000000000000000e+00
4.025000000000000000e+04 1.609973838920399913e-01 6.964041875284478211e-02 8.004096495220756058e-01 1.246017296313154249e-01 5.348202093764223633e-03 0.000000000000000000e+00
4.050000000000000000e+04 1.619973676429222742e-01 6.679563040509786664e-02 8.002958579881657153e-01 1.264223941738734647e-01 6.486117432862995025e-03 0.000000000000000000e+00
4.075000000000000000e+04 1.629973513938045571e-01 7.203004096495220498e-02 7.964269458352298825e-01 1.258534365043240677e-01 5.689576695493855224e-03 0.000000000000000000e+00
4.100000000000000000e+04 1.639973351446868399e-01 6.747837960855712636e-02 8.002958579881657153e-01 1.250568957669549452e-01 7.168866636322257339e-03 0.000000000000000000e+00
4.125000000000000000e+04 1.649973188955691228e-01 7.919890760127445972e-02 7.909649522075558048e-01 1.239189804278561652e-01 5.917159763313609329e-03 0.000000000000000000e+00
4.150000000000000000e+04 1.659973026464511836e-01 7.931269913518433634e-02 7.893718707328174489e-01 1.256258534365043145e-01 5.689576695493855224e-03 0.000000000000000000e+00
4.175000000000000000e+04 1.669972863973334665e-01 7.897132453345470648e-02 7.872098315885298625e-01 1.242603550295857950e-01 9.558488848429677609e-03 0.000000000000000000e+00
4.200000000000000000e+04 1.679972701482157493e-01 8.807464724624487762e-02 7.789030496131087444e-01 1.248293126991351781e-01 8.192990441511151245e-03 0.000000000000000000e+00
4.225000000000000000e+04 1.689972538990980322e-01 8.727810650887574129e-02 7.803823395539372099e-01 1.240327719617660418e-01 8.306781975421027864e-03 0.000000000000000000e+00
4.250000000000000000e+04 1.699972376499800930e-01 8.545744196631770151e-02 7.794720072826581969e-01 1.246017296313154249e-01 1.046882111970869403e-02 0.000000000000000000e+00
4.275000000000000000e+04 1.709972214008623759e-01 9.592626308602640595e-02 7.723031406463358728e-01 1.223258989531178925e-01 9.444697314519799256e-03 0.000000000000000000e+00
4.300000000000000000e+04 1.719972051517446587e-01 1.032089212562585373e-01 7.647928994082839882e-01 1.219845243513882627e-01 1.001365498406918582e-02 0.000000000000000000e+00
4.325000000000000000e+04 1.729971889026269416e-01 9.968138370505234824e-02 7.635411925352754148e-01 1.228948566226672756e-01 1.388256713700500647e-02 0.000000000000000000e+00
4.350000000000000000e+04 1.739971726535092245e-01 1.082157487482931224e-01 7.553482020937641872e-01 1.216431497496586189e-01 1.479289940828402289e-02 0.000000000000000000e+00
4.375000000000000000e+04 1.749971564043912853e-01 9.649522075557578904e-02 7.675238962221210270e-01 1.244879380974055483e-01 1.149294492489758707e-02 0.000000000000000000e+00
4.400000000000000000e+04 1.759971401552735681e-01 1.049157942649066866e-01 7.644515248065544277e-01 1.199362767410104696e-01 1.069640418752844727e-02 0.000000000000000000e+00
4.425000000000000000e+04 1.769971239061558510e-01 1.289258079198907503e-01 7.353208921256259023e-01 1.216431497496586189e-01 1.411015020482476144e-02 0.000000000000000000e+00
4.450000000000000000e+04 1.779971076570381339e-01 1.274465179790623681e-01 7.341829767865271084e-01 1.224396904870277691e-01 1.593081474738279601e-02 0.000000000000000000e+00
4.475000000000000000e+04 1.789970914079204167e-01 1.368912152935821691e-01 7.175694128356849832e-01 1.266499772416932179e-01 1.888939462903959851e-02 0.000000000000000000e+00
4.500000000000000000e+04 1.799970751588024775e-01 1.368912152935821691e-01 6.792216659080564378e-01 1.637460172963131622e-01 2.014110150204824826e-02 0.000000000000000000e+00
4.525000000000000000e+04 1.809970589096847604e-01 1.141329085116067343e-01 6.634046426945835462e-01 2.148384160218479721e-01 7.624032771961766417e-03 0.000000000000000000e+00
4.550000000000000000e+04 1.819970426605670433e-01 1.125398270368684617e-01 6.631770596267637652e-01 2.147246244879381094e-01 9.558488848429677609e-03 0.000000000000000000e+00
4.575000000000000000e+04 1.829970264114493261e-01 1.090122894856622726e-01 6.804733727810651223e-01 2.031178880291306388e-01 7.396449704142011444e-03 0.000000000000000000e+00
4.600000000000000000e+04 1.839970101623316090e-01 1.127674101046882149e-01 6.973145197997269173e-01 1.813837050523441075e-01 8.534365043240782836e-03 0.000000000000000000e+00
4.625000000000000000e+04 1.849969939132136698e-01 9.478834774692762588e-02 7.299726900318616041e-01 1.684114701866181174e-01 6.827492034592626616e-03 0.000000000000000000e+00
4.650000000000000000e+04 1.859969776640959527e-01 7.225762403277195822e-02 7.478379608557123026e-01 1.751251706873008518e-01 4.779244424214838804e-03 0.000000000000000000e+00
4.675000000000000000e+04 1.869969614149782355e-01 6.326809285389166371e-02 7.545516613563950648e-01 1.785389167045971781e-01 3.641329085116067413e-03 0.000000000000000000e+00
4.700000000000000000e+04 1.879969451658605184e-01 6.497496586253982687e-02 7.539827036868457233e-01 1.763768775603095085e-01 4.665452890304961318e-03 0.000000000000000000e+00
4.725000000000000000e+04 1.889969289167428013e-01 7.077833409194356218e-02 7.506827492034592320e-01 1.754665452890304955e-01 3.072371415566681717e-03 0.000000000000000000e+00
4.750000000000000000e+04 1.899969126676248621e-01 7.032316795630405570e-02 7.500000000000000000e-01 1.750113791533909890e-01 4.665452890304961318e-03 0.000000000000000000e+00
4.775000000000000000e+04 1.909968964185071449e-01 6.417842512517069054e-02 7.563723258989530907e-01 1.753527537551206328e-01 4.096495220755575623e-03 0.000000000000000000e+00
4.800000000000000000e+04 1.919968801693894278e-01 6.850250341374601593e-02 7.552344105598542967e-01 1.725079654073737034e-01 3.755120619025944465e-03 0.000000000000000000e+00
4.825000000000000000e+04 1.929968639202717107e-01 8.056440600819299303e-02 7.416932180245789930e-01 1.733045061447428259e-01 4.437869822485207214e-03 0.000000000000000000e+00
4.850000000000000000e+04 1.939968476711537715e-01 7.453345471096950448e-02 7.482931269913518646e-01 1.734182976786527164e-01 3.755120619025944465e-03 0.000000000000000000e+00
4.875000000000000000e+04 1.949968314220360543e-01 7.282658170232134132e-02 7.484069185252617551e-01 1.739872553482020856e-01 4.779244424214838804e-03 0.000000000000000000e+00
4.900000000000000000e+04 1.959968151729183372e-01 7.908511606736458310e-02 7.600136549840691425e-01 1.561219845243513871e-01 4.779244424214838804e-03 0.000000000000000000e+00
4.925000000000000000e+04 1.969967989238006201e-01 6.622667273554846967e-02 7.918752844788348177e-01 1.384842967683204418e-01 3.413746017296313308e-03 0.000000000000000000e+00
4.950000000000000000e+04 1.979967826746829029e-01 2.742375967228038308e-02 8.258989531178880794e-01 1.453117888029130667e-01 1.365498406918525280e-03 0.000000000000000000e+00
4.975000000000000000e+04 1.989967664255649638e-01 2.742375967228038308e-02 8.248748293126991760e-01 1.461083295402822169e-01 1.593081474738279385e-03 0.000000000000000000e+00
5.000000000000000000e+04 1.999967501764472466e-01 2.992717341829767910e-02 8.221438324988621371e-01 1.463359126081019701e-01 1.593081474738279385e-03 0.000000000000000000e+00
5.025000000000000000e+04 2.009967339273295295e-01 3.072371415566681890e-02 8.219162494310423561e-01 1.458807464724624359e-01 1.479289940828402332e-03 0.000000000000000000e+00
5.050000000000000000e+04 2.019967176782118123e-01 2.492034592626308706e-02 8.272644515248065433e-01 1.469048702776513393e-01 9.103322712790168532e-04 0.000000000000000000e+00
5.075000000000000000e+04 2.029967014290940952e-01 3.356850250341374825e-02 8.179335457441966328e-01 1.458807464724624359e-01 2.617205279927173507e-03 0.000000000000000000e+00
5.100000000000000000e+04 2.039966851799761560e-01 3.049613108784706567e-02 8.212335002275830131e-01 1.465634956759217233e-01 1.706873008648156654e-03 0.000000000000000000e+00
5.125000000000000000e+04 2.049966689308584389e-01 2.867546654528902936e-02 8.254437869822485174e-01 1.454255803368229294e-01 4.551661356395084266e-04 0.000000000000000000e+00
5.150000000000000000e+04 2.059966526817407217e-01 3.288575329995448160e-02 8.186162949476558648e-01 1.459945380063723264e-01 2.503413746017296455e-03 0.000000000000000000e+00
5.175000000000000000e+04 2.069966364326230046e-01 3.857532999544834029e-02 8.129267182521620061e-01 1.459945380063723264e-01 2.503413746017296455e-03 0.000000000000000000e+00
5.200000000000000000e+04 2.079966201835052875e-01 3.288575329995448160e-02 8.192990441511152078e-01 1.454255803368229294e-01 2.389622212107419402e-03 0.000000000000000000e+00
5.225000000000000000e+04 2.089966039343873483e-01 3.288575329995448160e-02 8.205507510241237812e-01 1.451979972690031762e-01 1.365498406918525280e-03 0.000000000000000000e+00
5.250000000000000000e+04 2.099965876852696312e-01 3.026854802002730896e-02 8.213472917614929036e-01 1.465634956759217233e-01 1.820664542558033706e-03 0.000000000000000000e+00
5.275000000000000000e+04 2.109965714361519140e-01 3.299954483386435822e-02 8.182749203459263043e-01 1.461083295402822169e-01 2.617205279927173507e-03 0.000000000000000000e+00
5.300000000000000000e+04 2.119965551870341969e-01 3.516158397815202785e-02 8.158852981338188259e-01 1.453117888029130667e-01 3.641329085116067413e-03 0.000000000000000000e+00
5.325000000000000000e+04 2.129965389379162577e-01 4.437869822485206867e-02 8.056440600819299025e-01 1.466772872098315861e-01 3.299954483386436255e-03 0.000000000000000000e+00
5.350000000000000000e+04 2.139965226887985406e-01 4.881656804733727761e-02 8.043923532089212181e-01 1.434911242603550408e-01 3.299954483386436255e-03 0.000000000000000000e+00
5.375000000000000000e+04 2.149965064396808234e-01 4.904415111515703085e-02 8.020027309968138507e-01 1.454255803368229294e-01 3.527537551206190360e-03 0.000000000000000000e+00
5.400000000000000000e+04 2.159964901905631063e-01 5.177514792899408358e-02 7.985889849795174689e-01 1.439462903959945472e-01 5.689576695493855224e-03 0.000000000000000000e+00
5.425000000000000000e+04 2.169964739414453891e-01 5.348202093764223980e-02 7.952890304961310886e-01 1.441738734638143005e-01 7.055075102412380721e-03 0.000000000000000000e+00
5.450000000000000000e+04 2.179964576923274500e-01 4.915794264906690747e-02 8.045061447428311086e-01 1.421256258534364936e-01 4.210286754665453109e-03 0.000000000000000000e+00
5.475000000000000000e+04 2.189964414432097328e-01 5.598543468365953235e-02 7.938097405553027341e-01 1.431497496586253970e-01 7.055075102412380721e-03 0.000000000000000000e+00
5.500000000000000000e+04 2.199964251940920157e-01 5.348202093764223980e-02 7.944924897587619661e-01 1.439462903959945472e-01 8.079198907601274626e-03 0.000000000000000000e+00
5.525000000000000000e+04 2.209964089449742985e-01 5.644060081929904577e-02 7.938097405553027341e-01 1.422394173873463841e-01 7.510241238051888930e-03 0.000000000000000000e+00
5.550000000000000000e+04 2.219963926958565814e-01 7.043695949021393232e-02 7.769685935366408280e-01 1.412152935821574806e-01 1.137915339098771045e-02 0.000000000000000000e+00
5.575000000000000000e+04 2.229963764467386422e-01 7.555757851615839404e-02 7.692307692307692735e-01 1.433773327264451503e-01 1.183431952662721866e-02 0.000000000000000000e+00
5.600000000000000000e+04 2.239963601976209251e-01 9.126081019572143682e-02 7.413518434228493215e-01 1.545289030496131144e-01 1.285844333181611343e-02 0.000000000000000000e+00
5.625000000000000000e+04 2.249963439485032080e-01 9.251251706873007963e-02 7.121074192080109055e-01 1.800182066454255880e-01 1.536185707783340945e-02 0.000000000000000000e+00
5.650000000000000000e+04 2.259963276993854908e-01 9.865725989986344480e-02 6.756941283568502765e-01 2.057350933090578149e-01 1.991351843422849502e-02 0.000000000000000000e+00
5.675000000000000000e+04 2.269963114502677737e-01 1.033227127901684139e-01 6.549840691852526486e-01 2.263313609467455523e-01 1.536185707783340945e-02 0.000000000000000000e+00
