# itime ezz other fcc hcp bcc ico
0.000000000000000000e+00 0.000000000000000000e+00 1.137915339098770958e-03 9.988620846609012061e-01 0.000000000000000000e+00 0.000000000000000000e+00 0.000000000000000000e+00
3.000000000000000000e+00 1.200042792335986874e-03 1.024123805188893906e-03 9.989758761948110966e-01 0.000000000000000000e+00 0.000000000000000000e+00 0.000000000000000000e+00
6.000000000000000000e+00 2.400085584671973749e-03 1.024123805188893906e-03 9.989758761948110966e-01 0.000000000000000000e+00 0.000000000000000000e+00 0.000000000000000000e+00
9.000000000000000000e+00 3.600128377007738578e-03 4.551661356395084266e-04 9.995448338643604380e-01 0.000000000000000000e+00 0.000000000000000000e+00 0.000000000000000000e+00
1.200000000000000000e+01 4.800171169343725452e-03 5.689576695493854790e-04 9.994310423304506585e-01 0.000000000000000000e+00 0.000000000000000000e+00 0.000000000000000000e+00
1.500000000000000000e+01 6.000213961679712327e-03 2.162039144287664864e-03 9.978379608557123026e-01 0.000000000000000000e+00 0.000000000000000000e+00 0.000000000000000000e+00
1.800000000000000000e+01 7.200256754015699201e-03 2.162039144287664864e-03 9.978379608557123026e-01 0.000000000000000000e+00 0.000000000000000000e+00 0.000000000000000000e+00
2.100000000000000000e+01 8.400299546351464031e-03 1.479289940828402332e-03 9.985207100591716456e-01 0.000000000000000000e+00 0.000000000000000000e+00 0.000000000000000000e+00
2.400000000000000000e+01 9.600342338687450905e-03 6.827492034592626399e-04 9.993172507965407680e-01 0.000000000000000000e+00 0.000000000000000000e+00 0.000000000000000000e+00
2.700000000000000000e+01 1.080038513102343778e-02 1.137915339098770958e-03 9.988620846609012061e-01 0.000000000000000000e+00 0.000000000000000000e+00 0.000000000000000000e+00
3.000000000000000000e+01 1.200042792335942465e-02 1.706873008648156654e-03 9.982931269913518646e-01 0.000000000000000000e+00 0.000000000000000000e+00 0.000000000000000000e+00
3.300000000000000000e+01 1.320047071569518948e-02 1.820664542558033706e-03 9.981793354574419741e-01 0.000000000000000000e+00 0.000000000000000000e+00 0.000000000000000000e+00
3.600000000000000000e+01 1.440051350803117636e-02 1.024123805188893906e-03 9.988620846609012061e-01 0.000000000000000000e+00 1.137915339098771066e-04 0.000000000000000000e+00
3.900000000000000000e+01 1.560055630036716323e-02 9.103322712790168532e-04 9.990896677287209870e-01 0.000000000000000000e+00 0.000000000000000000e+00 0.000000000000000000e+00
4.200000000000000000e+01 1.680059909270315011e-02 0.000000000000000000e+00 1.000000000000000000e+00 0.000000000000000000e+00 0.000000000000000000e+00 0.000000000000000000e+00
4.500000000000000000e+01 1.800064188503891494e-02 3.413746017296313199e-04 9.996586253982703285e-01 0.000000000000000000e+00 0.000000000000000000e+00 0.000000000000000000e+00
4.800000000000000000e+01 1.920068467737490181e-02 1.479289940828402332e-03 9.985207100591716456e-01 0.000000000000000000e+00 0.000000000000000000e+00 0.000000000000000000e+00
5.100000000000000000e+01 2.040072746971088868e-02 2.503413746017296455e-03 9.974965862539827421e-01 0.000000000000000000e+00 0.000000000000000000e+00 0.000000000000000000e+00
5.400000000000000000e+01 2.160077026204687556e-02 2.730996813837050560e-03 9.972690031861629611e-01 0.000000000000000000e+00 0.000000000000000000e+00 0.000000000000000000e+00
5.700000000000000000e+01 2.280081305438264039e-02 2.503413746017296455e-03 9.972690031861629611e-01 0.000000000000000000e+00 2.275830678197542133e-04 0.000000000000000000e+00
6.000000000000000000e+01 2.400085584671862726e-02 2.844788347746927612e-03 9.970414201183431802e-01 0.000000000000000000e+00 1.137915339098771066e-04 0.000000000000000000e+00
6.300000000000000000e+01 2.520089863905461414e-02 4.096495220755575623e-03 9.956759217114247162e-01 0.000000000000000000e+00 2.275830678197542133e-04 0.000000000000000000e+00
6.600000000000000000e+01 2.640094143139060101e-02 4.324078288575329727e-03 9.953345471096950448e-01 0.000000000000000000e+00 3.413746017296313199e-04 0.000000000000000000e+00
6.900000000000000000e+01 2.760098422372636584e-02 3.413746017296313308e-03 9.962448793809740577e-01 0.000000000000000000e+00 3.413746017296313199e-04 0.000000000000000000e+00
7.200000000000000000e+01 2.880102701606235271e-02 1.934456076467910759e-03 9.980655439235320836e-01 0.000000000000000000e+00 0.000000000000000000e+00 0.000000000000000000e+00
7.500000000000000000e+01 3.000106980839833959e-02 2.162039144287664864e-03 9.978379608557123026e-01 0.000000000000000000e+00 0.000000000000000000e+00 0.000000000000000000e+00
7.800000000000000000e+01 3.120111260073432646e-02 2.617205279927173507e-03 9.972690031861629611e-01 0.000000000000000000e+00 1.137915339098771066e-04 0.000000000000000000e+00
8.100000000000000000e+01 3.240115539307009129e-02 3.186162949476558769e-03 9.965862539827037292e-01 0.000000000000000000e+00 2.275830678197542133e-04 0.000000000000000000e+00
8.400000000000000000e+01 3.360119818540607817e-02 3.641329085116067413e-03 9.963586709148839482e-01 0.000000000000000000e+00 0.000000000000000000e+00 0.000000000000000000e+00
8.700000000000000000e+01 3.480124097774206504e-02 3.641329085116067413e-03 9.962448793809740577e-01 0.000000000000000000e+00 1.137915339098771066e-04 0.000000000000000000e+00
9.000000000000000000e+01 3.600128377007805192e-02 3.527537551206190360e-03 9.964724624487938387e-01 0.000000000000000000e+00 0.000000000000000000e+00 0.000000000000000000e+00
9.300000000000000000e+01 3.720132656241381675e-02 2.844788347746927612e-03 9.971552116522530707e-01 0.000000000000000000e+00 0.000000000000000000e+00 0.000000000000000000e+00
9.600000000000000000e+01 3.840136935474980362e-02 3.299954483386436255e-03 9.967000455166135087e-01 0.000000000000000000e+00 0.000000000000000000e+00 0.000000000000000000e+00
9.900000000000000000e+01 3.960141214708579049e-02 4.437869822485207214e-03 9.955621301775148257e-01 0.000000000000000000e+00 0.000000000000000000e+00 0.000000000000000000e+00
1.020000000000000000e+02 4.080145493942177737e-02 4.665452890304961318e-03 9.951069640418752638e-01 0.000000000000000000e+00 2.275830678197542133e-04 0.000000000000000000e+00
1.050000000000000000e+02 4.200149773175754220e-02 6.599908966772872511e-03 9.934000910332271284e-01 0.000000000000000000e+00 0.000000000000000000e+00 0.000000000000000000e+00
1.080000000000000000e+02 4.320154052409352907e-02 7.055075102412380721e-03 9.929449248975875664e-01 0.000000000000000000e+00 0.000000000000000000e+00 0.000000000000000000e+00
1.110000000000000000e+02 4.440158331642951595e-02 7.282658170232134826e-03 9.926035502958580059e-01 0.000000000000000000e+00 1.137915339098771066e-04 0.000000000000000000e+00
1.140000000000000000e+02 4.560162610876550282e-02 7.510241238051888930e-03 9.924897587619481154e-01 0.000000000000000000e+00 0.000000000000000000e+00 0.000000000000000000e+00
1.170000000000000000e+02 4.680166890110126765e-02 8.989531178880291046e-03 9.907828857532999800e-01 0.000000000000000000e+00 2.275830678197542133e-04 0.000000000000000000e+00
1.200000000000000000e+02 4.800171169343725452e-02 8.420573509330906217e-03 9.913518434228493215e-01 0.000000000000000000e+00 2.275830678197542133e-04 0.000000000000000000e+00
1.230000000000000000e+02 4.920175448577324140e-02 1.103777878925807886e-02 9.882794720072826111e-01 0.000000000000000000e+00 6.827492034592626399e-04 0.000000000000000000e+00
1.260000000000000000e+02 5.040179727810922827e-02 1.001365498406918582e-02 9.893035958124715146e-01 0.000000000000000000e+00 6.827492034592626399e-04 0.000000000000000000e+00
1.290000000000000000e+02 5.160184007044499310e-02 1.058261265361857065e-02 9.891898042785616241e-01 0.000000000000000000e+00 2.275830678197542133e-04 0.000000000000000000e+00
1.320000000000000000e+02 5.280188286278097998e-02 1.024123805188893906e-02 9.895311788802912956e-01 0.000000000000000000e+00 2.275830678197542133e-04 0.000000000000000000e+00
1.350000000000000000e+02 5.400192565511696685e-02 1.376877560309512985e-02 9.857760582612653533e-01 0.000000000000000000e+00 4.551661356395084266e-04 0.000000000000000000e+00
1.380000000000000000e+02 5.520196844745295373e-02 1.536185707783340945e-02 9.840691852526172179e-01 0.000000000000000000e+00 5.689576695493854790e-04 0.000000000000000000e+00
1.410000000000000000e+02 5.640201123978871856e-02 1.422394173873463806e-02 9.849795175238962308e-01 0.000000000000000000e+00 7.965407373691396923e-04 0.000000000000000000e+00
1.440000000000000000e+02 5.760205403212470543e-02 1.513427401001365448e-02 9.840691852526172179e-01 0.000000000000000000e+00 7.965407373691396923e-04 0.000000000000000000e+00
1.470000000000000000e+02 5.880209682446069230e-02 1.479289940828402289e-02 9.847519344560764498e-01 0.000000000000000000e+00 4.551661356395084266e-04 0.000000000000000000e+00
1.500000000000000000e+02 6.000213961679667918e-02 1.820664542558033533e-02 9.812243969048702885e-01 0.000000000000000000e+00 5.689576695493854790e-04 0.000000000000000000e+00
1.530000000000000000e+02 6.120218240913244401e-02 2.059626763768775473e-02 9.788347746927628101e-01 0.000000000000000000e+00 5.689576695493854790e-04 0.000000000000000000e+00
1.560000000000000000e+02 6.240222520146843088e-02 2.389622212107419055e-02 9.753072371415566488e-01 0.000000000000000000e+00 7.965407373691396923e-04 0.000000000000000000e+00
1.590000000000000000e+02 6.360226799380441776e-02 2.594446973145198010e-02 9.730314064633591720e-01 0.000000000000000000e+00 1.024123805188893906e-03 0.000000000000000000e+00
1.620000000000000000e+02 6.480231078614040463e-02 2.685480200273099652e-02 9.722348657259899385e-01 0.000000000000000000e+00 9.103322712790168532e-04 0.000000000000000000e+00
1.650000000000000000e+02 6.600235357847616946e-02 2.719617660446062984e-02 9.717796995903504875e-01 0.000000000000000000e+00 1.024123805188893906e-03 0.000000000000000000e+00
1.680000000000000000e+02 6.720239637081215633e-02 3.129267182521620200e-02 9.674556213017750927e-01 0.000000000000000000e+00 1.251706873008648227e-03 0.000000000000000000e+00
1.710000000000000000e+02 6.840243916314814321e-02 2.924442421483841592e-02 9.697314519799726806e-01 0.000000000000000000e+00 1.024123805188893906e-03 0.000000000000000000e+00
1.740000000000000000e+02 6.960248195548413008e-02 2.992717341829767910e-02 9.688211197086936677e-01 0.000000000000000000e+00 1.251706873008648227e-03 0.000000000000000000e+00
1.770000000000000000e+02 7.080252474781989491e-02 3.265817023213472836e-02 9.658625398270368478e-01 0.000000000000000000e+00 1.479289940828402332e-03 0.000000000000000000e+00
1.800000000000000000e+02 7.200256754015588179e-02 3.732362312243969055e-02 9.607419208010924416e-01 0.000000000000000000e+00 1.934456076467910759e-03 0.000000000000000000e+00
1.830000000000000000e+02 7.320261033249186866e-02 3.846153846153846367e-02 9.601729631315429891e-01 0.000000000000000000e+00 1.365498406918525280e-03 0.000000000000000000e+00
1.860000000000000000e+02 7.440265312482785554e-02 3.903049613108784677e-02 9.594902139280837572e-01 0.000000000000000000e+00 1.479289940828402332e-03 0.000000000000000000e+00
1.890000000000000000e+02 7.560269591716362036e-02 3.903049613108784677e-02 9.591488393263540857e-01 0.000000000000000000e+00 1.820664542558033706e-03 0.000000000000000000e+00
1.920000000000000000e+02 7.680273870949960724e-02 4.142011834319526964e-02 9.565316340464269373e-01 0.000000000000000000e+00 2.048247610377787811e-03 0.000000000000000000e+00
1.950000000000000000e+02 7.800278150183559411e-02 4.369594902139280895e-02 9.548247610377788019e-01 0.000000000000000000e+00 1.479289940828402332e-03 0.000000000000000000e+00
1.980000000000000000e+02 7.920282429417158099e-02 4.563040509786071841e-02 9.522075557578516536e-01 0.000000000000000000e+00 2.162039144287664864e-03 0.000000000000000000e+00
2.010000000000000000e+02 8.040286708650734582e-02 4.608557123350022489e-02 9.509558488848429691e-01 0.000000000000000000e+00 2.958579881656804664e-03 0.000000000000000000e+00
2.040000000000000000e+02 8.160290987884333269e-02 4.597177969959034827e-02 9.507282658170231882e-01 0.000000000000000000e+00 3.299954483386436255e-03 0.000000000000000000e+00
2.070000000000000000e+02 8.280295267117931957e-02 5.234410559854346667e-02 9.448111060537096595e-01 0.000000000000000000e+00 2.844788347746927612e-03 0.000000000000000000e+00
2.100000000000000000e+02 8.400299546351530644e-02 5.507510241238051940e-02 9.421939007737824001e-01 0.000000000000000000e+00 2.730996813837050560e-03 0.000000000000000000e+00
2.130000000000000000e+02 8.520303825585107127e-02 6.121984524351388457e-02 9.359353664087392000e-01 0.000000000000000000e+00 2.844788347746927612e-03 0.000000000000000000e+00
2.160000000000000000e+02 8.640308104818705814e-02 6.827492034592626269e-02 9.274010013654984119e-01 0.000000000000000000e+00 4.324078288575329727e-03 0.000000000000000000e+00
2.190000000000000000e+02 8.760312384052304502e-02 7.794720072826581692e-02 9.176149294492489394e-01 0.000000000000000000e+00 4.437869822485207214e-03 0.000000000000000000e+00
2.220000000000000000e+02 8.880316663285903189e-02 8.761948111060537114e-02 9.077150659990896875e-01 0.000000000000000000e+00 4.665452890304961318e-03 0.000000000000000000e+00
2.250000000000000000e+02 9.000320942519479672e-02 9.114701866181156020e-02 9.036185707783340737e-01 0.000000000000000000e+00 5.234410559854347014e-03 0.000000000000000000e+00
2.280000000000000000e+02 9.120325221753078360e-02 1.010468821119708677e-01 8.923532089212562468e-01 0.000000000000000000e+00 6.599908966772872511e-03 0.000000000000000000e+00
2.310000000000000000e+02 9.240329500986677047e-02 1.085571233500227523e-01 8.841602184797451303e-01 0.000000000000000000e+00 7.282658170232134826e-03 0.000000000000000000e+00
2.340000000000000000e+02 9.360333780220275735e-02 1.193673190714610866e-01 8.738051888939463163e-01 0.000000000000000000e+00 6.827492034592626616e-03 0.000000000000000000e+00
2.370000000000000000e+02 9.480338059453852217e-02 1.266499772416932179e-01 8.654984069185253093e-01 0.000000000000000000e+00 7.851615839781519654e-03 0.000000000000000000e+00
2.400000000000000000e+02 9.600342338687450905e-02 1.272189349112426149e-01 8.633363677742376119e-01 0.000000000000000000e+00 9.444697314519799256e-03 0.000000000000000000e+00
2.430000000000000000e+02 9.720346617921049592e-02 1.333636777423759801e-01 8.565088757396449592e-01 0.000000000000000000e+00 1.012744651797906244e-02 0.000000000000000000e+00
2.460000000000000000e+02 9.840350897154648280e-02 1.383705052344105513e-01 8.513882567137005530e-01 0.000000000000000000e+00 1.024123805188893906e-02 0.000000000000000000e+00
2.490000000000000000e+02 9.960355176388224763e-02 1.500910332271279124e-01 8.397815202548930547e-01 0.000000000000000000e+00 1.012744651797906244e-02 0.000000000000000000e+00
2.520000000000000000e+02 1.008035945562182345e-01 1.631770596267637652e-01 8.257851615839781889e-01 0.000000000000000000e+00 1.103777878925807886e-02 0.000000000000000000e+00
2.550000000000000000e+02 1.020036373485542214e-01 1.750113791533909890e-01 8.134956759217114586e-01 0.000000000000000000e+00 1.149294492489758707e-02 0.000000000000000000e+00
2.580000000000000000e+02 1.032036801408902082e-01 1.821802457897132577e-01 8.045061447428311086e-01 0.000000000000000000e+00 1.331360946745562164e-02 0.000000000000000000e+00
2.610000000000000000e+02 1.044037229332259731e-01 1.906008192990441552e-01 7.941511151570322946e-01 0.000000000000000000e+00 1.524806554392353283e-02 0.000000000000000000e+00
2.640000000000000000e+02 1.056037657255619600e-01 2.003868912152935722e-01 7.839098771051433712e-01 0.000000000000000000e+00 1.570323167956303931e-02 0.000000000000000000e+00
2.670000000000000000e+02 1.068038085178979468e-01 2.129039599453800558e-01 7.712790168411469693e-01 0.000000000000000000e+00 1.581702321347291593e-02 0.000000000000000000e+00
2.700000000000000000e+02 1.080038513102339337e-01 2.172280382339553950e-01 7.676376877560309175e-01 0.000000000000000000e+00 1.513427401001365448e-02 0.000000000000000000e+00
2.730000000000000000e+02 1.092038941025696985e-01 2.262175694128356895e-01 7.573964497041419941e-01 0.000000000000000000e+00 1.638598088302230249e-02 0.000000000000000000e+00
2.760000000000000000e+02 1.104039368949056854e-01 2.408966772872098427e-01 7.401001365498406370e-01 1.137915339098771066e-04 1.888939462903959851e-02 0.000000000000000000e+00
2.790000000000000000e+02 1.116039796872416723e-01 2.553482020937642427e-01 7.249658625398270884e-01 1.137915339098771066e-04 1.957214383249886169e-02 0.000000000000000000e+00
2.820000000000000000e+02 1.128040224795776592e-01 2.715065999089667503e-01 7.071005917159762788e-01 1.137915339098771066e-04 2.127901684114701791e-02 0.000000000000000000e+00
2.850000000000000000e+02 1.140040652719134240e-01 2.967683204369594985e-01 6.802457897132453413e-01 1.137915339098771066e-04 2.287209831588529751e-02 0.000000000000000000e+00
2.880000000000000000e+02 1.152041080642494109e-01 3.120163859808830487e-01 6.626081019572144237e-01 0.000000000000000000e+00 2.537551206190259354e-02 0.000000000000000000e+00
2.910000000000000000e+02 1.164041508565853977e-01 3.183887118798361393e-01 6.543013199817933057e-01 0.000000000000000000e+00 2.730996813837050646e-02 0.000000000000000000e+00
2.940000000000000000e+02 1.176041936489213846e-01 3.350022758306782089e-01 6.340464269458352398e-01 0.000000000000000000e+00 3.095129722348657214e-02 0.000000000000000000e+00
2.970000000000000000e+02 1.188042364412571494e-01 3.521847974510696200e-01 6.165225307237141017e-01 0.000000000000000000e+00 3.129267182521620200e-02 0.000000000000000000e+00
3.000000000000000000e+02 1.200042792335931363e-01 3.641329085116067343e-01 6.017296313154301135e-01 1.137915339098771066e-04 3.402366863905325473e-02 0.000000000000000000e+00
3.030000000000000000e+02 1.212043220259291232e-01 3.783568502503413811e-01 5.852298588984979899e-01 1.137915339098771066e-04 3.629949931725079404e-02 0.000000000000000000e+00
3.060000000000000000e+02 1.224043648182651101e-01 3.904187528447883304e-01 5.705507510241237812e-01 1.137915339098771066e-04 3.891670459717797015e-02 0.000000000000000000e+00
3.090000000000000000e+02 1.236044076106008749e-01 3.999772416932180219e-01 5.565543923532089154e-01 3.413746017296313199e-04 4.312699135184342586e-02 0.000000000000000000e+00
3.120000000000000000e+02 1.248044504029368618e-01 4.115839781520254648e-01 5.419890760127445972e-01 3.413746017296313199e-04 4.608557123350022489e-02 0.000000000000000000e+00
3.150000000000000000e+02 1.260044931952728486e-01 4.254665452890304955e-01 5.236686390532544477e-01 3.413746017296313199e-04 5.052344105598543383e-02 0.000000000000000000e+00
3.180000000000000000e+02 1.272045359876088355e-01 4.399180700955848677e-01 5.047792444242148457e-01 2.275830678197542133e-04 5.507510241238051940e-02 0.000000000000000000e+00
3.210000000000000000e+02 1.284045787799446003e-01 4.576695493855257313e-01 4.823623122439690269e-01 1.137915339098771066e-04 5.985434683659535821e-02 0.000000000000000000e+00
3.240000000000000000e+02 1.296046215722805872e-01 4.761037778789258268e-01 4.600591715976331542e-01 4.551661356395084266e-04 6.338188438780155420e-02 0.000000000000000000e+00
3.270000000000000000e+02 1.308046643646165741e-01 4.935138825671370189e-01 4.369594902139281034e-01 5.689576695493854790e-04 6.895766954938552240e-02 0.000000000000000000e+00
3.300000000000000000e+02 1.320047071569525610e-01 5.034137460172962708e-01 4.212562585343650468e-01 7.965407373691396923e-04 7.453345471096950448e-02 0.000000000000000000e+00
3.330000000000000000e+02 1.332047499492883258e-01 5.200273099681383959e-01 3.978152025489303800e-01 1.137915339098770958e-03 8.101957214383249950e-02 0.000000000000000000e+00
3.360000000000000000e+02 1.344047927416243127e-01 5.386891215293582169e-01 3.763086026399635742e-01 1.365498406918525280e-03 8.363677742375967561e-02 0.000000000000000000e+00
3.390000000000000000e+02 1.356048355339602995e-01 5.583750568957669413e-01 3.529813381884387979e-01 1.593081474738279385e-03 8.705052344105598805e-02 0.000000000000000000e+00
3.420000000000000000e+02 1.368048783262962864e-01 5.737369139736003820e-01 3.315885298133818826e-01 2.275830678197541916e-03 9.239872553482020301e-02 0.000000000000000000e+00
3.450000000000000000e+02 1.380049211186320512e-01 5.916021847974510806e-01 3.126991351843422806e-01 1.934456076467910759e-03 9.376422394173873631e-02 0.000000000000000000e+00
3.480000000000000000e+02 1.392049639109680381e-01 6.005917159763313196e-01 2.982476103777879084e-01 2.503413746017296455e-03 9.865725989986344480e-02 0.000000000000000000e+00
3.510000000000000000e+02 1.404050067033040250e-01 6.101502048247610110e-01 2.869822485207100815e-01 2.844788347746927612e-03 1.000227583067819781e-01 0.000000000000000000e+00
3.540000000000000000e+02 1.416050494956400119e-01 6.206190259444697155e-01 2.688893946290396020e-01 2.730996813837050560e-03 1.077605826126536159e-01 0.000000000000000000e+00
3.570000000000000000e+02 1.428050922879757767e-01 6.326809285389166648e-01 2.538689121529358328e-01 3.413746017296313308e-03 1.100364132908511622e-01 0.000000000000000000e+00
3.600000000000000000e+02 1.440051350803117636e-01 6.397360036413290985e-01 2.403277196176604458e-01 4.551661356395083832e-03 1.153846153846153910e-01 0.000000000000000000e+00
3.630000000000000000e+02 1.452051778726477504e-01 6.512289485662267063e-01 2.231451979972690070e-01 5.917159763313609329e-03 1.197086936731907164e-01 0.000000000000000000e+00
3.660000000000000000e+02 1.464052206649837373e-01 6.571461083295402350e-01 2.124487938097405493e-01 6.030951297223486815e-03 1.243741465634956717e-01 0.000000000000000000e+00
3.690000000000000000e+02 1.476052634573195022e-01 6.695493855257168558e-01 1.965179790623577671e-01 6.486117432862995025e-03 1.274465179790623681e-01 0.000000000000000000e+00
3.720000000000000000e+02 1.488053062496554890e-01 6.736458807464724696e-01 1.820664542558033672e-01 7.624032771961766417e-03 1.366636322257624159e-01 0.000000000000000000e+00
3.750000000000000000e+02 1.500053490419914759e-01 6.792216659080564378e-01 1.711424670004551563e-01 9.899863450159307465e-03 1.397360036413290985e-01 0.000000000000000000e+00
3.780000000000000000e+02 1.512053918343274628e-01 6.869594902139281034e-01 1.607874374146563423e-01 1.024123805188893906e-02 1.420118343195266308e-01 0.000000000000000000e+00
3.810000000000000000e+02 1.524054346266632276e-01 6.933318161128811941e-01 1.512289485662266786e-01 1.058261265361857065e-02 1.448566226672735602e-01 0.000000000000000000e+00
3.840000000000000000e+02 1.536054774189992145e-01 6.986800182066453813e-01 1.413290851160673711e-01 1.137915339098771045e-02 1.486117432862995025e-01 0.000000000000000000e+00
3.870000000000000000e+02 1.548055202113352014e-01 7.045971779699590209e-01 1.330223031406463363e-01 1.206190259444697363e-02 1.503186162949476656e-01 0.000000000000000000e+00
3.900000000000000000e+02 1.560055630036711882e-01 7.113108784706417831e-01 1.233500227583067821e-01 1.217569412835685025e-02 1.531634046426945950e-01 0.000000000000000000e+00
3.930000000000000000e+02 1.572056057960069531e-01 7.173418297678653133e-01 1.143604915794264876e-01 1.456531634046426965e-02 1.537323623122439642e-01 0.000000000000000000e+00
3.960000000000000000e+02 1.584056485883429399e-01 7.239417387346381849e-01 1.092398725534820259e-01 1.490669094219390124e-02 1.519116977696859383e-01 0.000000000000000000e+00
3.990000000000000000e+02 1.596056913806789268e-01 7.292899408284023721e-01 1.046882111970869333e-01 1.581702321347291593e-02 1.502048247610377751e-01 0.000000000000000000e+00
4.020000000000000000e+02 1.608057341730149137e-01 7.256486117432863203e-01 1.010468821119708677e-01 1.649977241693217911e-02 1.568047337278106468e-01 0.000000000000000000e+00
4.050000000000000000e+02 1.620057769653506785e-01 7.261037778789257713e-01 9.387801547564861293e-02 1.843422849340009204e-02 1.615839781520254925e-01 0.000000000000000000e+00
4.080000000000000000e+02 1.632058197576866654e-01 7.296313154301320436e-01 8.898497951752389057e-02 1.900318616294947513e-02 1.623805188893946427e-01 0.000000000000000000e+00
4.110000000000000000e+02 1.644058625500226523e-01 7.307692307692307265e-01 8.568502503413745475e-02 2.014110150204824826e-02 1.634046426945835184e-01 0.000000000000000000e+00
4.140000000000000000e+02 1.656059053423586391e-01 7.345243513882566688e-01 7.897132453345470648e-02 2.253072371415566766e-02 1.639736003641329154e-01 0.000000000000000000e+00
4.170000000000000000e+02 1.668059481346944040e-01 7.378243058716431602e-01 7.487482931269913433e-02 2.389622212107419055e-02 1.634046426945835184e-01 0.000000000000000000e+00
4.200000000000000000e+02 1.680059909270303908e-01 7.422621756941283344e-01 7.271279016841146470e-02 2.605826126536185672e-02 1.589667728720983164e-01 0.000000000000000000e+00
4.230000000000000000e+02 1.692060337193663777e-01 7.492034592626308775e-01 6.690942193900774326e-02 2.685480200273099652e-02 1.570323167956304000e-01 0.000000000000000000e+00
4.260000000000000000e+02 1.704060765117023646e-01 7.536413290851160518e-01 6.474738279472007363e-02 2.503413746017296368e-02 1.565771506599908935e-01 0.000000000000000000e+00
4.290000000000000000e+02 1.716061193040381294e-01 7.540964952207556138e-01 6.349567592171143082e-02 2.628584433318160996e-02 1.561219845243513871e-01 0.000000000000000000e+00
4.320000000000000000e+02 1.728061620963741163e-01 7.591033227127901295e-01 5.985434683659535821e-02 2.719617660446062984e-02 1.538461538461538547e-01 0.000000000000000000e+00
4.350000000000000000e+02 1.740062048887101032e-01 7.657032316795630011e-01 5.712335002275830548e-02 2.628584433318160996e-02 1.508875739644970349e-01 0.000000000000000000e+00
4.380000000000000000e+02 1.752062476810460900e-01 7.710514337733272994e-01 5.223031406463359005e-02 2.651342740100136666e-02 1.502048247610377751e-01 0.000000000000000000e+00
4.410000000000000000e+02 1.764062904733818549e-01 7.728720983158853253e-01 4.790623577605826466e-02 2.935821574874829254e-02 1.498634501593081592e-01 0.000000000000000000e+00
4.440000000000000000e+02 1.776063332657178417e-01 7.784478834774692935e-01 4.745106964041875125e-02 2.924442421483841592e-02 1.448566226672735602e-01 0.000000000000000000e+00
4.470000000000000000e+02 1.788063760580538286e-01 7.864132908511606290e-01 4.540282203004096517e-02 2.765134274010013632e-02 1.405325443786982209e-01 0.000000000000000000e+00
4.500000000000000000e+02 1.800064188503898155e-01 7.824305871643150168e-01 4.710969503868912139e-02 3.026854802002730896e-02 1.401911697769686049e-01 0.000000000000000000e+00
4.530000000000000000e+02 1.812064616427258024e-01 7.824305871643150168e-01 4.631315430131998506e-02 3.038233955393718558e-02 1.408739189804278646e-01 0.000000000000000000e+00
4.560000000000000000e+02 1.824065044350615672e-01 7.818616294947655643e-01 4.745106964041875125e-02 3.038233955393718558e-02 1.403049613108784677e-01 0.000000000000000000e+00
4.590000000000000000e+02 1.836065472273975541e-01 7.881201638598088755e-01 4.460628129267182190e-02 3.174783796085571541e-02 1.355257168866636219e-01 0.000000000000000000e+00
4.620000000000000000e+02 1.848065900197335409e-01 7.963131543013199920e-01 4.472007282658170546e-02 3.186162949476559203e-02 1.271051433773327244e-01 0.000000000000000000e+00
4.650000000000000000e+02 1.860066328120695278e-01 8.043923532089212181e-01 4.312699135184342586e-02 2.958579881656804578e-02 1.228948566226672756e-01 0.000000000000000000e+00
4.680000000000000000e+02 1.872066756044052926e-01 8.059854346836595740e-01 4.210286754665452935e-02 3.117888029130632538e-02 1.207328174783796060e-01 0.000000000000000000e+00
4.710000000000000000e+02 1.884067183967412795e-01 8.083750568957669413e-01 4.119253527537550946e-02 3.038233955393718558e-02 1.200500682749203463e-01 0.000000000000000000e+00
4.740000000000000000e+02 1.896067611890772664e-01 8.117888029130633232e-01 3.891670459717797015e-02 3.026854802002730896e-02 1.190259444697314567e-01 0.000000000000000000e+00
4.770000000000000000e+02 1.908068039814132533e-01 8.192990441511152078e-01 3.652708238507055422e-02 3.049613108784706567e-02 1.136777423759672279e-01 0.000000000000000000e+00
4.800000000000000000e+02 1.920068467737490181e-01 8.183887118798361948e-01 3.812016385980882688e-02 3.152025489303595523e-02 1.119708693673190647e-01 0.000000000000000000e+00
4.830000000000000000e+02 1.932068895660850050e-01 8.205507510241237812e-01 3.709604005461993731e-02 3.243058716431497512e-02 1.099226217569412856e-01 0.000000000000000000e+00
4.860000000000000000e+02 1.944069323584209918e-01 8.203231679563040002e-01 3.584433318161128756e-02 3.243058716431497512e-02 1.114019116977696816e-01 0.000000000000000000e+00
4.890000000000000000e+02 1.956069751507569787e-01 8.256713700500682984e-01 3.527537551206190447e-02 3.129267182521620200e-02 1.077605826126536159e-01 0.000000000000000000e+00
4.920000000000000000e+02 1.968070179430927436e-01 8.326126536185707305e-01 3.504779244424215123e-02 3.083750568957669552e-02 1.015020482476103741e-01 0.000000000000000000e+00
4.950000000000000000e+02 1.980070607354287304e-01 8.350022758306782089e-01 3.390987710514337811e-02 3.254437869822485174e-02 9.854346836595356818e-02 0.000000000000000000e+00
4.980000000000000000e+02 1.992071035277647173e-01 8.395539371870732737e-01 3.231679563040509851e-02 3.208921256258534527e-02 9.604005461993628257e-02 0.000000000000000000e+00
5.010000000000000000e+02 2.004071463201007042e-01 8.397815202548930547e-01 3.163404642694583185e-02 3.402366863905325473e-02 9.456076467910787264e-02 0.000000000000000000e+00
5.040000000000000000e+02 2.016071891124364690e-01 8.419435593991807520e-01 3.004096495220755572e-02 3.345471096950387163e-02 9.456076467910787264e-02 0.000000000000000000e+00
5.070000000000000000e+02 2.028072319047724559e-01 8.410332271279017391e-01 3.038233955393718558e-02 3.334091943559399501e-02 9.524351388256713236e-02 0.000000000000000000e+00
5.100000000000000000e+02 2.040072746971084428e-01 8.435366408739189970e-01 2.935821574874829254e-02 3.356850250341374825e-02 9.353664087391898307e-02 0.000000000000000000e+00
5.130000000000000000e+02 2.052073174894444296e-01 8.445607646791079004e-01 2.730996813837050646e-02 3.413746017296313134e-02 9.399180700955848955e-02 0.000000000000000000e+00
5.160000000000000000e+02 2.064073602817801945e-01 8.469503868912152678e-01 2.787892580791988956e-02 3.527537551206190447e-02 8.989531178880291740e-02 0.000000000000000000e+00
5.190000000000000000e+02 2.076074030741161813e-01 8.494538006372326366e-01 2.878925807919890598e-02 3.538916704597178109e-02 8.636777423759672834e-02 0.000000000000000000e+00
5.220000000000000000e+02 2.088074458664521682e-01 8.489986345015930747e-01 2.913063268092853930e-02 3.709604005461993731e-02 8.477469276285844180e-02 0.000000000000000000e+00
5.250000000000000000e+02 2.100074886587881551e-01 8.497951752389621971e-01 3.026854802002730896e-02 3.800637232589895026e-02 8.192990441511151245e-02 0.000000000000000000e+00
5.280000000000000000e+02 2.112075314511239199e-01 8.544606281292671524e-01 3.004096495220755572e-02 3.698224852071006069e-02 7.851615839781520001e-02 0.000000000000000000e+00
5.310000000000000000e+02 2.124075742434599068e-01 8.592398725534819981e-01 2.969959035047792587e-02 3.686845698680018407e-02 7.419208010923987462e-02 0.000000000000000000e+00
5.340000000000000000e+02 2.136076170357958937e-01 8.603777878925807920e-01 2.833409194355939950e-02 3.698224852071006069e-02 7.430587164314975124e-02 0.000000000000000000e+00
5.370000000000000000e+02 2.148076598281318805e-01 8.624260355029585989e-01 2.822030040964952288e-02 3.595812471552116418e-02 7.339553937187073829e-02 0.000000000000000000e+00
5.400000000000000000e+02 2.160077026204676454e-01 8.674328629949932257e-01 2.776513427401001294e-02 3.527537551206190447e-02 6.952662721893490549e-02 0.000000000000000000e+00
5.430000000000000000e+02 2.172077454128036322e-01 8.736913973600364258e-01 2.708238507055074976e-02 3.379608557123350149e-02 6.543013199817933334e-02 0.000000000000000000e+00
5.460000000000000000e+02 2.184077882051396191e-01 8.749431042330451103e-01 2.753755120619025970e-02 3.595812471552116418e-02 6.156121984524351443e-02 0.000000000000000000e+00
5.490000000000000000e+02 2.196078309974756060e-01 8.773327264451524776e-01 2.662721893491124328e-02 3.800637232589895026e-02 5.803368229403732537e-02 0.000000000000000000e+00
5.520000000000000000e+02 2.208078737898113708e-01 8.800637232589895165e-01 2.628584433318160996e-02 3.664087391898043083e-02 5.700955848884842886e-02 0.000000000000000000e+00
5.550000000000000000e+02 2.220079165821473577e-01 8.796085571233500655e-01 2.617205279927173334e-02 3.447883477469276120e-02 5.974055530268548159e-02 0.000000000000000000e+00
5.580000000000000000e+02 2.232079593744833446e-01 8.784706417842512716e-01 2.480655439235321044e-02 3.629949931725079404e-02 6.042330450614474130e-02 0.000000000000000000e+00
5.610000000000000000e+02 2.244080021668193314e-01 8.790395994538006130e-01 2.423759672280382388e-02 3.629949931725079404e-02 6.042330450614474130e-02 0.000000000000000000e+00
5.640000000000000000e+02 2.256080449591550963e-01 8.809740555302685294e-01 2.378243058716431393e-02 3.629949931725079404e-02 5.894401456531633832e-02 0.000000000000000000e+00
5.670000000000000000e+02 2.268080877514910831e-01 8.792671825216203940e-01 2.435138825671370050e-02 3.698224852071006069e-02 5.939918070095585173e-02 0.000000000000000000e+00
5.700000000000000000e+02 2.280081305438270700e-01 8.816568047337277614e-01 2.309968138370505075e-02 3.720983158852981393e-02 5.803368229403732537e-02 0.000000000000000000e+00
5.730000000000000000e+02 2.292081733361630569e-01 8.856395084205734847e-01 2.344105598543468408e-02 3.709604005461993731e-02 5.382339553937186966e-02 0.000000000000000000e+00
5.760000000000000000e+02 2.304082161284988217e-01 8.906463359126081114e-01 2.264451524806554428e-02 3.618570778334091742e-02 5.052344105598543383e-02 0.000000000000000000e+00
5.790000000000000000e+02 2.316082589208348086e-01 8.938324988620847122e-01 2.241693218024579104e-02 3.527537551206190447e-02 4.847519344560764776e-02 0.000000000000000000e+00
5.820000000000000000e+02 2.328083017131707955e-01 8.986117432862994470e-01 2.105143377332726468e-02 3.436504324078288458e-02 4.597177969959034827e-02 0.000000000000000000e+00
5.850000000000000000e+02 2.340083445055067823e-01 9.033909877105142927e-01 1.979972690031861493e-02 3.402366863905325473e-02 4.278561675011378906e-02 0.000000000000000000e+00
5.880000000000000000e+02 2.352083872978425472e-01 9.048702776513427581e-01 1.900318616294947513e-02 3.390987710514337811e-02 4.221665908056440597e-02 0.000000000000000000e+00
5.910000000000000000e+02 2.364084300901785340e-01 9.046426945835229771e-01 1.923076923076923184e-02 3.425125170687300796e-02 4.187528447883477611e-02 0.000000000000000000e+00
5.940000000000000000e+02 2.376084728825145209e-01 9.045289030496130867e-01 1.991351843422849502e-02 3.436504324078288458e-02 4.119253527537550946e-02 0.000000000000000000e+00
5.970000000000000000e+02 2.388085156748505078e-01 9.062357760582612221e-01 1.968593536640873831e-02 3.243058716431497512e-02 4.164770141101502288e-02 0.000000000000000000e+00
6.000000000000000000e+02 2.400085584671862726e-01 9.035047792444241832e-01 2.127901684114701791e-02 3.174783796085571541e-02 4.346836595357305572e-02 0.000000000000000000e+00
6.030000000000000000e+02 2.412086012595222595e-01 9.041875284478835262e-01 2.059626763768775473e-02 3.049613108784706567e-02 4.472007282658170546e-02 0.000000000000000000e+00
6.060000000000000000e+02 2.424086440518582464e-01 9.064633591260810030e-01 2.139280837505689453e-02 2.890304961310878606e-02 4.324078288575330248e-02 0.000000000000000000e+00
6.090000000000000000e+02 2.436086868441942332e-01 9.088529813381884814e-01 2.196176604460628110e-02 2.867546654528902936e-02 4.050978607191624975e-02 0.000000000000000000e+00
6.120000000000000000e+02 2.448087296365299981e-01 9.096495220755576039e-01 2.116522530723714129e-02 2.913063268092853930e-02 4.005461993627674328e-02 0.000000000000000000e+00
6.150000000000000000e+02 2.460087724288659849e-01 9.123805188893946427e-01 2.059626763768775473e-02 2.913063268092853930e-02 3.789258079198907364e-02 0.000000000000000000e+00
6.180000000000000000e+02 2.472088152212019718e-01 9.139736003641328876e-01 2.071005917159763482e-02 2.878925807919890598e-02 3.652708238507055422e-02 0.000000000000000000e+00
6.210000000000000000e+02 2.484088580135379587e-01 9.163632225762403660e-01 2.162039144287665124e-02 2.822030040964952288e-02 3.379608557123350149e-02 0.000000000000000000e+00
6.240000000000000000e+02 2.496089008058737235e-01 9.170459717796995980e-01 2.014110150204824826e-02 2.878925807919890598e-02 3.402366863905325473e-02 0.000000000000000000e+00
6.270000000000000000e+02 2.508089435982097104e-01 9.184114701866180619e-01 1.979972690031861493e-02 2.890304961310878606e-02 3.288575329995448160e-02 0.000000000000000000e+00
6.300000000000000000e+02 2.520089863905456973e-01 9.196631770596267463e-01 1.911697769685935522e-02 2.913063268092853930e-02 3.208921256258534527e-02 0.000000000000000000e+00
6.330000000000000000e+02 2.532090291828816842e-01 9.222803823395538947e-01 1.911697769685935522e-02 2.822030040964952288e-02 3.038233955393718558e-02 0.000000000000000000e+00
6.360000000000000000e+02 2.544090719752174490e-01 9.211424670004552118e-01 1.854802002730996865e-02 2.958579881656804578e-02 3.072371415566681890e-02 0.000000000000000000e+00
6.390000000000000000e+02 2.556091147675534359e-01 9.235320892125625791e-01 1.832043695949021542e-02 2.867546654528902936e-02 2.947200728265816916e-02 0.000000000000000000e+00
6.420000000000000000e+02 2.568091575598894227e-01 9.248975876194811541e-01 1.809285389167045871e-02 2.878925807919890598e-02 2.822030040964952288e-02 0.000000000000000000e+00
6.450000000000000000e+02 2.580092003522254096e-01 9.250113791533909335e-01 1.843422849340009204e-02 2.867546654528902936e-02 2.787892580791988956e-02 0.000000000000000000e+00
6.480000000000000000e+02 2.592092431445611744e-01 9.269458352298588499e-01 1.809285389167045871e-02 2.799271734182976618e-02 2.696859353664087314e-02 0.000000000000000000e+00
6.510000000000000000e+02 2.604092859368971613e-01 9.289940828402366568e-01 1.763768775603095224e-02 2.674101046882111990e-02 2.662721893491124328e-02 0.000000000000000000e+00
6.540000000000000000e+02 2.616093287292331482e-01 9.285389167045972059e-01 1.672735548475193582e-02 2.856167501137915274e-02 2.617205279927173334e-02 0.000000000000000000e+00
6.570000000000000000e+02 2.628093715215691351e-01 9.289940828402366568e-01 1.741010468821119553e-02 2.833409194355939950e-02 2.526172052799271692e-02 0.000000000000000000e+00
6.600000000000000000e+02 2.640094143139048999e-01 9.301319981793354508e-01 1.752389622212107562e-02 2.787892580791988956e-02 2.446517979062357712e-02 0.000000000000000000e+00
6.630000000000000000e+02 2.652094571062408868e-01 9.309285389167045732e-01 1.775147928994082885e-02 2.674101046882111990e-02 2.457897132453345374e-02 0.000000000000000000e+00
6.660000000000000000e+02 2.664094998985768736e-01 9.303595812471552318e-01 1.877560309512972189e-02 2.799271734182976618e-02 2.287209831588529751e-02 0.000000000000000000e+00
6.690000000000000000e+02 2.676095426909128605e-01 9.328629949931724896e-01 1.854802002730996865e-02 2.787892580791988956e-02 2.071005917159763482e-02 0.000000000000000000e+00
6.720000000000000000e+02 2.688095854832486253e-01 9.325216203914429292e-01 1.900318616294947513e-02 2.935821574874829254e-02 1.911697769685935522e-02 0.000000000000000000e+00
6.750000000000000000e+02 2.700096282755846122e-01 9.355939918070095285e-01 1.763768775603095224e-02 2.753755120619025970e-02 1.923076923076923184e-02 0.000000000000000000e+00
6.780000000000000000e+02 2.712096710679205991e-01 9.366181156121984319e-01 1.718252162039144229e-02 2.878925807919890598e-02 1.741010468821119553e-02 0.000000000000000000e+00
6.810000000000000000e+02 2.724097138602565860e-01 9.396904870277651423e-01 1.661356395084205573e-02 2.844788347746927612e-02 1.524806554392353283e-02 0.000000000000000000e+00
