# itime ezz other fcc hcp bcc ico
0.000000000000000000e+00 0.000000000000000000e+00 1.365498406918525280e-03 9.986345015930814251e-01 0.000000000000000000e+00 0.000000000000000000e+00 0.000000000000000000e+00
4.000000000000000000e+03 9.999788976049472922e-04 2.275830678197542133e-04 9.997724169321802190e-01 0.000000000000000000e+00 0.000000000000000000e+00 0.000000000000000000e+00
8.000000000000000000e+03 1.999957795209894584e-03 1.137915339098770958e-03 9.988620846609012061e-01 0.000000000000000000e+00 0.000000000000000000e+00 0.000000000000000000e+00
1.200000000000000000e+04 2.999936692815063921e-03 1.820664542558033706e-03 9.980655439235320836e-01 0.000000000000000000e+00 1.137915339098771066e-04 0.000000000000000000e+00
1.600000000000000000e+04 3.999915590420011213e-03 5.689576695493854790e-04 9.994310423304506585e-01 0.000000000000000000e+00 0.000000000000000000e+00 0.000000000000000000e+00
2.000000000000000000e+04 4.999894488024958505e-03 4.551661356395084266e-04 9.995448338643604380e-01 0.000000000000000000e+00 0.000000000000000000e+00 0.000000000000000000e+00
2.400000000000000000e+04 5.999873385629905798e-03 2.048247610377787811e-03 9.979517523896221931e-01 0.000000000000000000e+00 0.000000000000000000e+00 0.000000000000000000e+00
2.800000000000000000e+04 6.999852283235075134e-03 7.965407373691396923e-04 9.992034592626308775e-01 0.000000000000000000e+00 0.000000000000000000e+00 0.000000000000000000e+00
3.200000000000000000e+04 7.999831180840022427e-03 3.413746017296313199e-04 9.996586253982703285e-01 0.000000000000000000e+00 0.000000000000000000e+00 0.000000000000000000e+00
3.600000000000000000e+04 8.999810078444969719e-03 1.024123805188893906e-03 9.989758761948110966e-01 0.000000000000000000e+00 0.000000000000000000e+00 0.000000000000000000e+00
4.000000000000000000e+04 9.999788976049917011e-03 4.551661356395084266e-04 9.995448338643604380e-01 0.000000000000000000e+00 0.000000000000000000e+00 0.000000000000000000e+00
4.400000000000000000e+04 1.099976787365508635e-02 2.389622212107419402e-03 9.976103777878926326e-01 0.000000000000000000e+00 0.000000000000000000e+00 0.000000000000000000e+00
4.800000000000000000e+04 1.199974677126003364e-02 2.162039144287664864e-03 9.978379608557123026e-01 0.000000000000000000e+00 0.000000000000000000e+00 0.000000000000000000e+00
5.200000000000000000e+04 1.299972566886498093e-02 9.103322712790168532e-04 9.990896677287209870e-01 0.000000000000000000e+00 0.000000000000000000e+00 0.000000000000000000e+00
5.600000000000000000e+04 1.399970456646992822e-02 2.730996813837050560e-03 9.972690031861629611e-01 0.000000000000000000e+00 0.000000000000000000e+00 0.000000000000000000e+00
6.000000000000000000e+04 1.499968346407509756e-02 1.024123805188893906e-03 9.989758761948110966e-01 0.000000000000000000e+00 0.000000000000000000e+00 0.000000000000000000e+00
6.400000000000000000e+04 1.599966236168004485e-02 1.137915339098771066e-04 9.998862084660901095e-01 0.000000000000000000e+00 0.000000000000000000e+00 0.000000000000000000e+00
6.800000000000000000e+04 1.699964125928499215e-02 2.275830678197542133e-04 9.997724169321802190e-01 0.000000000000000000e+00 0.000000000000000000e+00 0.000000000000000000e+00
7.200000000000000000e+04 1.799962015688993944e-02 1.934456076467910759e-03 9.980655439235320836e-01 0.000000000000000000e+00 0.000000000000000000e+00 0.000000000000000000e+00
7.600000000000000000e+04 1.899959905449510877e-02 1.365498406918525280e-03 9.986345015930814251e-01 0.000000000000000000e+00 0.000000000000000000e+00 0.000000000000000000e+00
8.000000000000000000e+04 1.999957795210005607e-02 1.479289940828402332e-03 9.985207100591716456e-01 0.000000000000000000e+00 0.000000000000000000e+00 0.000000000000000000e+00
8.400000000000000000e+04 2.099955684970500336e-02 1.251706873008648227e-03 9.987482931269913156e-01 0.000000000000000000e+00 0.000000000000000000e+00 0.000000000000000000e+00
8.800000000000000000e+04 2.199953574730995065e-02 2.503413746017296455e-03 9.973827947200728516e-01 0.000000000000000000e+00 1.137915339098771066e-04 0.000000000000000000e+00
9.200000000000000000e+04 2.299951464491511999e-02 1.593081474738279385e-03 9.984069185252617551e-01 0.000000000000000000e+00 0.000000000000000000e+00 0.000000000000000000e+00
9.600000000000000000e+04 2.399949354252006728e-02 2.048247610377787811e-03 9.979517523896221931e-01 0.000000000000000000e+00 0.000000000000000000e+00 0.000000000000000000e+00
1.000000000000000000e+05 2.499947244012501457e-02 2.730996813837050560e-03 9.972690031861629611e-01 0.000000000000000000e+00 0.000000000000000000e+00 0.000000000000000000e+00
1.040000000000000000e+05 2.599945133772996186e-02 3.072371415566681717e-03 9.968138370505233992e-01 0.000000000000000000e+00 1.137915339098771066e-04 0.000000000000000000e+00
1.080000000000000000e+05 2.699943023533513120e-02 3.413746017296313308e-03 9.965862539827037292e-01 0.000000000000000000e+00 0.000000000000000000e+00 0.000000000000000000e+00
1.120000000000000000e+05 2.799940913294007849e-02 3.755120619025944465e-03 9.960172963131542767e-01 0.000000000000000000e+00 2.275830678197542133e-04 0.000000000000000000e+00
1.160000000000000000e+05 2.899938803054502579e-02 3.868912152935821518e-03 9.961310878470641672e-01 0.000000000000000000e+00 0.000000000000000000e+00 0.000000000000000000e+00
1.200000000000000000e+05 2.999936692814997308e-02 4.893035958124715423e-03 9.951069640418752638e-01 0.000000000000000000e+00 0.000000000000000000e+00 0.000000000000000000e+00
1.240000000000000000e+05 3.099934582575514241e-02 3.527537551206190360e-03 9.962448793809740577e-01 0.000000000000000000e+00 2.275830678197542133e-04 0.000000000000000000e+00
1.280000000000000000e+05 3.199932472336008971e-02 5.006827492034592909e-03 9.948793809740554828e-01 0.000000000000000000e+00 1.137915339098771066e-04 0.000000000000000000e+00
1.320000000000000000e+05 3.299930362096503700e-02 5.917159763313609329e-03 9.940828402366863603e-01 0.000000000000000000e+00 0.000000000000000000e+00 0.000000000000000000e+00
1.360000000000000000e+05 3.399928251856998429e-02 3.982703686845699004e-03 9.959035047792443862e-01 0.000000000000000000e+00 1.137915339098771066e-04 0.000000000000000000e+00
1.400000000000000000e+05 3.499926141617515363e-02 5.917159763313609329e-03 9.940828402366863603e-01 0.000000000000000000e+00 0.000000000000000000e+00 0.000000000000000000e+00
1.440000000000000000e+05 3.599924031378010092e-02 6.827492034592626616e-03 9.930587164314974569e-01 0.000000000000000000e+00 1.137915339098771066e-04 0.000000000000000000e+00
1.480000000000000000e+05 3.699921921138504821e-02 5.234410559854347014e-03 9.945380063723259223e-01 0.000000000000000000e+00 2.275830678197542133e-04 0.000000000000000000e+00
1.520000000000000000e+05 3.799919810898999550e-02 7.624032771961766417e-03 9.921483841602184439e-01 0.000000000000000000e+00 2.275830678197542133e-04 0.000000000000000000e+00
1.560000000000000000e+05 3.899917700659516484e-02 9.330905780609922637e-03 9.902139280837505275e-01 0.000000000000000000e+00 4.551661356395084266e-04 0.000000000000000000e+00
1.600000000000000000e+05 3.999915590420011213e-02 6.372325898953117539e-03 9.934000910332271284e-01 0.000000000000000000e+00 2.275830678197542133e-04 0.000000000000000000e+00
1.640000000000000000e+05 4.099913480180505942e-02 1.001365498406918582e-02 9.896449704142011861e-01 0.000000000000000000e+00 3.413746017296313199e-04 0.000000000000000000e+00
1.680000000000000000e+05 4.199911369941000672e-02 6.827492034592626616e-03 9.928311333636777869e-01 0.000000000000000000e+00 3.413746017296313199e-04 0.000000000000000000e+00
1.720000000000000000e+05 4.299909259701517605e-02 1.024123805188893906e-02 9.893035958124715146e-01 0.000000000000000000e+00 4.551661356395084266e-04 0.000000000000000000e+00
1.760000000000000000e+05 4.399907149462012335e-02 8.079198907601274626e-03 9.918070095584888834e-01 0.000000000000000000e+00 1.137915339098771066e-04 0.000000000000000000e+00
1.800000000000000000e+05 4.499905039222507064e-02 1.274465179790623508e-02 9.869139736003641472e-01 0.000000000000000000e+00 3.413746017296313199e-04 0.000000000000000000e+00
1.840000000000000000e+05 4.599902928983001793e-02 7.510241238051888930e-03 9.924897587619481154e-01 0.000000000000000000e+00 0.000000000000000000e+00 0.000000000000000000e+00
1.880000000000000000e+05 4.699900818743518727e-02 1.115157032316795548e-02 9.879380974055530507e-01 0.000000000000000000e+00 9.103322712790168532e-04 0.000000000000000000e+00
1.920000000000000000e+05 4.799898708504013456e-02 1.365498406918525323e-02 9.849795175238962308e-01 0.000000000000000000e+00 1.365498406918525280e-03 0.000000000000000000e+00
1.960000000000000000e+05 4.899896598264508185e-02 1.240327719617660522e-02 9.872553482020938187e-01 0.000000000000000000e+00 3.413746017296313199e-04 0.000000000000000000e+00
2.000000000000000000e+05 4.999894488025002914e-02 1.194811106053709528e-02 9.872553482020938187e-01 0.000000000000000000e+00 7.965407373691396923e-04 0.000000000000000000e+00
2.040000000000000000e+05 5.099892377785519848e-02 1.285844333181611343e-02 9.866863905325443662e-01 0.000000000000000000e+00 4.551661356395084266e-04 0.000000000000000000e+00
2.080000000000000000e+05 5.199890267546014577e-02 1.706873008648156567e-02 9.815657715065999600e-01 0.000000000000000000e+00 1.365498406918525280e-03 0.000000000000000000e+00
2.120000000000000000e+05 5.299888157306509306e-02 1.718252162039144229e-02 9.824761037778789730e-01 0.000000000000000000e+00 3.413746017296313199e-04 0.000000000000000000e+00
2.160000000000000000e+05 5.399886047067004036e-02 1.479289940828402289e-02 9.848657259899863403e-01 0.000000000000000000e+00 3.413746017296313199e-04 0.000000000000000000e+00
2.200000000000000000e+05 5.499883936827520969e-02 1.957214383249886169e-02 9.794037323623122626e-01 0.000000000000000000e+00 1.024123805188893906e-03 0.000000000000000000e+00
2.240000000000000000e+05 5.599881826588015699e-02 2.071005917159763482e-02 9.788347746927628101e-01 0.000000000000000000e+00 4.551661356395084266e-04 0.000000000000000000e+00
2.280000000000000000e+05 5.699879716348510428e-02 2.321347291761493084e-02 9.762175694128356618e-01 0.000000000000000000e+00 5.689576695493854790e-04 0.000000000000000000e+00
2.320000000000000000e+05 5.799877606109005157e-02 2.856167501137915274e-02 9.705279927173418031e-01 0.000000000000000000e+00 9.103322712790168532e-04 0.000000000000000000e+00
2.360000000000000000e+05 5.899875495869522091e-02 2.856167501137915274e-02 9.703004096495220221e-01 0.000000000000000000e+00 1.137915339098770958e-03 0.000000000000000000e+00
2.400000000000000000e+05 5.999873385630016820e-02 2.344105598543468408e-02 9.753072371415566488e-01 0.000000000000000000e+00 1.251706873008648227e-03 0.000000000000000000e+00
2.440000000000000000e+05 6.099871275390511549e-02 2.969959035047792587e-02 9.681383705052344357e-01 0.000000000000000000e+00 2.162039144287664864e-03 0.000000000000000000e+00
2.480000000000000000e+05 6.199869165151006278e-02 2.947200728265816916e-02 9.692762858443332297e-01 0.000000000000000000e+00 1.251706873008648227e-03 0.000000000000000000e+00
2.520000000000000000e+05 6.299867054911523212e-02 3.072371415566681890e-02 9.667728720983158608e-01 0.000000000000000000e+00 2.503413746017296455e-03 0.000000000000000000e+00
2.560000000000000000e+05 6.399864944672017941e-02 2.628584433318160996e-02 9.723486572598998290e-01 0.000000000000000000e+00 1.365498406918525280e-03 0.000000000000000000e+00
2.600000000000000000e+05 6.499862834432512670e-02 3.015475648611743234e-02 9.673418297678653133e-01 0.000000000000000000e+00 2.503413746017296455e-03 0.000000000000000000e+00
2.640000000000000000e+05 6.599860724193007400e-02 4.449248975876194528e-02 9.533454710969503365e-01 0.000000000000000000e+00 2.162039144287664864e-03 0.000000000000000000e+00
2.680000000000000000e+05 6.699858613953524333e-02 3.789258079198907364e-02 9.590350477924441952e-01 0.000000000000000000e+00 3.072371415566681717e-03 0.000000000000000000e+00
2.720000000000000000e+05 6.799856503714019063e-02 4.039599453800637313e-02 9.576695493855257313e-01 0.000000000000000000e+00 1.934456076467910759e-03 0.000000000000000000e+00
2.760000000000000000e+05 6.899854393474513792e-02 3.903049613108784677e-02 9.576695493855257313e-01 0.000000000000000000e+00 3.299954483386436255e-03 0.000000000000000000e+00
2.800000000000000000e+05 6.999852283235008521e-02 5.177514792899408358e-02 9.460628129267182329e-01 0.000000000000000000e+00 2.162039144287664864e-03 0.000000000000000000e+00
2.840000000000000000e+05 7.099850172995525455e-02 5.245789713245334329e-02 9.442421483841602070e-01 0.000000000000000000e+00 3.299954483386436255e-03 0.000000000000000000e+00
2.880000000000000000e+05 7.199848062756020184e-02 5.223031406463359005e-02 9.434456076467910846e-01 0.000000000000000000e+00 4.324078288575329727e-03 0.000000000000000000e+00
2.920000000000000000e+05 7.299845952516514913e-02 5.746472462448793533e-02 9.373008648156576639e-01 0.000000000000000000e+00 5.234410559854347014e-03 0.000000000000000000e+00
2.960000000000000000e+05 7.399843842277009642e-02 6.884387801547564578e-02 9.267182521620391800e-01 0.000000000000000000e+00 4.437869822485207214e-03 0.000000000000000000e+00
3.000000000000000000e+05 7.499841732037504372e-02 6.759217114246700298e-02 9.269458352298588499e-01 0.000000000000000000e+00 5.461993627674101119e-03 0.000000000000000000e+00
3.040000000000000000e+05 7.599839621798021305e-02 6.486117432862995025e-02 9.295630405097861093e-01 0.000000000000000000e+00 5.575785161583977738e-03 0.000000000000000000e+00
3.080000000000000000e+05 7.699837511558516034e-02 8.887118798361401395e-02 9.004324078288575839e-01 0.000000000000000000e+00 1.069640418752844727e-02 0.000000000000000000e+00
3.120000000000000000e+05 7.799835401319010764e-02 8.864360491579426071e-02 8.998634501593081314e-01 1.137915339098771066e-04 1.137915339098771045e-02 0.000000000000000000e+00
3.160000000000000000e+05 7.899833291079505493e-02 1.364360491579426626e-01 8.282885753299954468e-01 3.413746017296313308e-03 3.186162949476559203e-02 0.000000000000000000e+00
3.200000000000000000e+05 7.999831180840022427e-02 1.407601274465179741e-01 8.239644970414201630e-01 7.965407373691398007e-03 2.730996813837050646e-02 0.000000000000000000e+00
3.240000000000000000e+05 8.099829070600517156e-02 1.412152935821574806e-01 8.030268548020027541e-01 1.319981793354574502e-02 4.255803368229403583e-02 0.000000000000000000e+00
3.280000000000000000e+05 8.199826960361011885e-02 7.316795630405098505e-02 6.644287664997724496e-01 2.451069640418752915e-01 1.729631315430131891e-02 0.000000000000000000e+00
3.320000000000000000e+05 8.299824850121506614e-02 5.894401456531633832e-02 6.751251706873008240e-01 2.525034137460173134e-01 1.342740100136549826e-02 0.000000000000000000e+00
3.360000000000000000e+05 8.399822739882023548e-02 7.237141556668183484e-02 6.602184797451069453e-01 2.507965407373691225e-01 1.661356395084205573e-02 0.000000000000000000e+00
3.400000000000000000e+05 8.499820629642518277e-02 6.986800182066454923e-02 6.634046426945835462e-01 2.492034592626308498e-01 1.752389622212107562e-02 0.000000000000000000e+00
3.440000000000000000e+05 8.599818519403013006e-02 6.702321347291761988e-02 6.673873463814292695e-01 2.507965407373691225e-01 1.479289940828402289e-02 0.000000000000000000e+00
3.480000000000000000e+05 8.699816409163507736e-02 8.079198907601274626e-02 6.540737369139736357e-01 2.519344560764679164e-01 1.319981793354574502e-02 0.000000000000000000e+00
3.520000000000000000e+05 8.799814298924024669e-02 8.056440600819299303e-02 6.513427401001365968e-01 2.531861629494765453e-01 1.490669094219390124e-02 0.000000000000000000e+00
3.560000000000000000e+05 8.899812188684519398e-02 7.919890760127445972e-02 6.552116522530723186e-01 2.515930814747383004e-01 1.399635867091488309e-02 0.000000000000000000e+00
3.600000000000000000e+05 8.999810078445014128e-02 8.375056895766955223e-02 6.504324078288575839e-01 2.459035047792444140e-01 1.991351843422849502e-02 0.000000000000000000e+00
3.640000000000000000e+05 9.099807968205508857e-02 8.340919435593992237e-02 6.513427401001365968e-01 2.503413746017296160e-01 1.490669094219390124e-02 0.000000000000000000e+00
3.680000000000000000e+05 9.199805857966025791e-02 9.706417842512517213e-02 6.380291306326809631e-01 2.455621301775147980e-01 1.934456076467910846e-02 0.000000000000000000e+00
3.720000000000000000e+05 9.299803747726520520e-02 8.602639963586708460e-02 6.454255803368229572e-01 2.496586253982703563e-01 1.888939462903959851e-02 0.000000000000000000e+00
3.760000000000000000e+05 9.399801637487015249e-02 9.035047792444242387e-02 6.401911697769685494e-01 2.468138370505234547e-01 2.264451524806554428e-02 0.000000000000000000e+00
3.800000000000000000e+05 9.499799527247509978e-02 9.592626308602640595e-02 6.411015020482475624e-01 2.448793809740555383e-01 1.809285389167045871e-02 0.000000000000000000e+00
3.840000000000000000e+05 9.599797417008026912e-02 9.888484296768319803e-02 6.360946745562130467e-01 2.432862994993172379e-01 2.173418297678652786e-02 0.000000000000000000e+00
3.880000000000000000e+05 9.699795306768521641e-02 1.077605826126536159e-01 6.211879836140191680e-01 2.416932180245789652e-01 2.935821574874829254e-02 0.000000000000000000e+00
3.920000000000000000e+05 9.799793196529016370e-02 1.083295402822029990e-01 6.225534820209376319e-01 2.454483386436049075e-01 2.366863905325443732e-02 0.000000000000000000e+00
3.960000000000000000e+05 9.899791086289511099e-02 1.178880291306326766e-01 6.119708693673190369e-01 2.405553026854801990e-01 2.958579881656804578e-02 0.000000000000000000e+00
4.000000000000000000e+05 9.999788976050028033e-02 1.137915339098771045e-01 6.121984524351388179e-01 2.413518434228493492e-01 3.265817023213472836e-02 0.000000000000000000e+00
4.040000000000000000e+05 1.009978686581052276e-01 1.282430587164314906e-01 6.026399635867091265e-01 2.379380974055530229e-01 3.117888029130632538e-02 0.000000000000000000e+00
4.080000000000000000e+05 1.019978475557101749e-01 1.469048702776513393e-01 5.686162949476558648e-01 2.358898497951752438e-01 4.858898497951752438e-02 0.000000000000000000e+00
4.120000000000000000e+05 1.029978264533151222e-01 1.604460628129267263e-01 5.526854802002730827e-01 2.496586253982703563e-01 3.720983158852981393e-02 0.000000000000000000e+00
4.160000000000000000e+05 1.039978053509202915e-01 7.441966317705962786e-02 6.481565771506599960e-01 2.547792444242148457e-01 2.264451524806554428e-02 0.000000000000000000e+00
4.200000000000000000e+05 1.049977842485252388e-01 6.827492034592626269e-02 6.499772416932180219e-01 2.575102412380518846e-01 2.423759672280382388e-02 0.000000000000000000e+00
4.240000000000000000e+05 1.059977631461301861e-01 7.237141556668183484e-02 6.472462448793809831e-01 2.569412835685024876e-01 2.344105598543468408e-02 0.000000000000000000e+00
4.280000000000000000e+05 1.069977420437351334e-01 7.294037323623121793e-02 6.486117432862994470e-01 2.558033682294037492e-01 2.264451524806554428e-02 0.000000000000000000e+00
4.320000000000000000e+05 1.079977209413403028e-01 7.111970869367319203e-02 6.482703686845698865e-01 2.567137005006827621e-01 2.389622212107419055e-02 0.000000000000000000e+00
4.360000000000000000e+05 1.089976998389452501e-01 6.895766954938552240e-02 6.508875739644970349e-01 2.591033227127901850e-01 2.105143377332726468e-02 0.000000000000000000e+00
4.400000000000000000e+05 1.099976787365501973e-01 7.487482931269913433e-02 6.442876649977241632e-01 2.567137005006827621e-01 2.412380518889394726e-02 0.000000000000000000e+00
4.440000000000000000e+05 1.109976576341551446e-01 7.498862084660901095e-02 6.426945835229859183e-01 2.592171142467000200e-01 2.309968138370505075e-02 0.000000000000000000e+00
4.480000000000000000e+05 1.119976365317603140e-01 7.077833409194356218e-02 6.439462903959944917e-01 2.584205735093308975e-01 2.685480200273099652e-02 0.000000000000000000e+00
4.520000000000000000e+05 1.129976154293652613e-01 7.578516158397814728e-02 6.422394173873463563e-01 2.544378698224852298e-01 2.753755120619025970e-02 0.000000000000000000e+00
4.560000000000000000e+05 1.139975943269702086e-01 8.170232134729175921e-02 6.392808375056895365e-01 2.529585798816568198e-01 2.605826126536185672e-02 0.000000000000000000e+00
4.600000000000000000e+05 1.149975732245751558e-01 7.817478379608557015e-02 6.433773327264451503e-01 2.545516613563950648e-01 2.389622212107419055e-02 0.000000000000000000e+00
4.640000000000000000e+05 1.159975521221803252e-01 7.783340919435594030e-02 6.391670459717796460e-01 2.540964952207555583e-01 2.890304961310878606e-02 0.000000000000000000e+00
4.680000000000000000e+05 1.169975310197852725e-01 7.988165680473373331e-02 6.431497496586253693e-01 2.540964952207555583e-01 2.287209831588529751e-02 0.000000000000000000e+00
4.720000000000000000e+05 1.179975099173902198e-01 7.851615839781520001e-02 6.412152935821574529e-01 2.526172052799271484e-01 2.765134274010013632e-02 0.000000000000000000e+00
4.760000000000000000e+05 1.189974888149951671e-01 8.261265361857077216e-02 6.387118798361401950e-01 2.513654984069185194e-01 2.730996813837050646e-02 0.000000000000000000e+00
4.800000000000000000e+05 1.199974677126003364e-01 7.976786527082385669e-02 6.424670004551661373e-01 2.534137460172963263e-01 2.435138825671370050e-02 0.000000000000000000e+00
4.840000000000000000e+05 1.209974466102052837e-01 8.215748748293126569e-02 6.413290851160673434e-01 2.525034137460173134e-01 2.401001365498407064e-02 0.000000000000000000e+00
4.880000000000000000e+05 1.219974255078102310e-01 7.897132453345470648e-02 6.417842512517069054e-01 2.540964952207555583e-01 2.514792899408284030e-02 0.000000000000000000e+00
4.920000000000000000e+05 1.229974044054151783e-01 9.160218479745106668e-02 6.304050978607191880e-01 2.521620391442876419e-01 2.583067819754210348e-02 0.000000000000000000e+00
4.960000000000000000e+05 1.239973833030203476e-01 8.375056895766955223e-02 6.352981338188439242e-01 2.492034592626308498e-01 3.174783796085571541e-02 0.000000000000000000e+00
5.000000000000000000e+05 1.249973622006252949e-01 8.784706417842512438e-02 6.339326354119253493e-01 2.521620391442876419e-01 2.605826126536185672e-02 0.000000000000000000e+00
5.040000000000000000e+05 1.259973410982302422e-01 8.522985889849794827e-02 6.345015930814746907e-01 2.496586253982703563e-01 3.060992262175694228e-02 0.000000000000000000e+00
5.080000000000000000e+05 1.269973199958351895e-01 9.888484296768319803e-02 6.243741465634956578e-01 2.452207555757851543e-01 3.152025489303595523e-02 0.000000000000000000e+00
5.120000000000000000e+05 1.279972988934403588e-01 8.773327264451524776e-02 6.309740555302685294e-01 2.480655439235320836e-01 3.322712790168411146e-02 0.000000000000000000e+00
5.160000000000000000e+05 1.289972777910453061e-01 9.080564406008193035e-02 6.314292216659080914e-01 2.467000455166135642e-01 3.106508875739644876e-02 0.000000000000000000e+00
5.200000000000000000e+05 1.299972566886502534e-01 9.012289485662267063e-02 6.279016841147018191e-01 2.451069640418752915e-01 3.686845698680018407e-02 0.000000000000000000e+00
5.240000000000000000e+05 1.309972355862552007e-01 9.410559854346836617e-02 6.261948111060536837e-01 2.476103777878925771e-01 3.208921256258534527e-02 0.000000000000000000e+00
5.280000000000000000e+05 1.319972144838603700e-01 9.387801547564861293e-02 6.315430131998179819e-01 2.468138370505234547e-01 2.776513427401001294e-02 0.000000000000000000e+00
5.320000000000000000e+05 1.329971933814653173e-01 1.015020482476103741e-01 6.225534820209376319e-01 2.482931269913518368e-01 2.765134274010013632e-02 0.000000000000000000e+00
5.360000000000000000e+05 1.339971722790702646e-01 9.729176149294492537e-02 6.268775603095130267e-01 2.487482931269913433e-01 2.708238507055074976e-02 0.000000000000000000e+00
5.400000000000000000e+05 1.349971511766752119e-01 1.003641329085116080e-01 6.281292671825216001e-01 2.452207555757851543e-01 2.628584433318160996e-02 0.000000000000000000e+00
5.440000000000000000e+05 1.359971300742803813e-01 9.820209376422393832e-02 6.242603550295857673e-01 2.473827947200728239e-01 3.015475648611743234e-02 0.000000000000000000e+00
5.480000000000000000e+05 1.369971089718853285e-01 9.922621756941284177e-02 6.257396449704142327e-01 2.515930814747383004e-01 2.344105598543468408e-02 0.000000000000000000e+00
5.520000000000000000e+05 1.379970878694902758e-01 1.125398270368684617e-01 6.185707783340919086e-01 2.431725079654073751e-01 2.571688666363222686e-02 0.000000000000000000e+00
5.560000000000000000e+05 1.389970667670952231e-01 1.121984524351388318e-01 6.190259444697314706e-01 2.437414656349567721e-01 2.503413746017296368e-02 0.000000000000000000e+00
5.600000000000000000e+05 1.399970456647003925e-01 1.115157032316795582e-01 6.228948566226673034e-01 2.415794264906691025e-01 2.401001365498407064e-02 0.000000000000000000e+00
5.640000000000000000e+05 1.409970245623053398e-01 1.153846153846153910e-01 6.181156121984524576e-01 2.411242603550295960e-01 2.537551206190259354e-02 0.000000000000000000e+00
5.680000000000000000e+05 1.419970034599102870e-01 1.074192080109239861e-01 6.256258534365043422e-01 2.401001365498406925e-01 2.685480200273099652e-02 0.000000000000000000e+00
5.720000000000000000e+05 1.429969823575152343e-01 1.161811561219845274e-01 6.192535275375512516e-01 2.398725534820209393e-01 2.469276285844333035e-02 0.000000000000000000e+00
5.760000000000000000e+05 1.439969612551204037e-01 1.133363677742375980e-01 6.331360946745562268e-01 2.267865270823850588e-01 2.674101046882111990e-02 0.000000000000000000e+00
5.800000000000000000e+05 1.449969401527253510e-01 8.784706417842512438e-02 6.960628129267182329e-01 1.976558944014565333e-01 1.843422849340009204e-02 0.000000000000000000e+00
5.840000000000000000e+05 1.459969190503302983e-01 9.342284934000910646e-02 6.892353208921255803e-01 1.935593991807009473e-01 2.378243058716431393e-02 0.000000000000000000e+00
5.880000000000000000e+05 1.469968979479352456e-01 9.433318161128811941e-02 6.940145653163404260e-01 1.906008192990441552e-01 2.105143377332726468e-02 0.000000000000000000e+00
5.920000000000000000e+05 1.479968768455401928e-01 9.319526627218935322e-02 6.901456531634045932e-01 1.945835229858898507e-01 2.207555757851615771e-02 0.000000000000000000e+00
5.960000000000000000e+05 1.489968557431453622e-01 9.342284934000910646e-02 6.899180700955849233e-01 1.909421939007737712e-01 2.571688666363222686e-02 0.000000000000000000e+00
6.000000000000000000e+05 1.499968346407503095e-01 9.615384615384615918e-02 6.821802457897132577e-01 1.946973145197997135e-01 2.696859353664087314e-02 0.000000000000000000e+00
6.040000000000000000e+05 1.509968135383552568e-01 9.228493400091032639e-02 6.898042785616750328e-01 1.952662721893491105e-01 2.264451524806554428e-02 0.000000000000000000e+00
6.080000000000000000e+05 1.519967924359602041e-01 8.932635411925353430e-02 6.894629039599453613e-01 1.940145653163404538e-01 2.719617660446062984e-02 0.000000000000000000e+00
6.120000000000000000e+05 1.529967713335653734e-01 9.478834774692762588e-02 6.890077378243059103e-01 1.953800637232590010e-01 2.082385070550751144e-02 0.000000000000000000e+00
6.160000000000000000e+05 1.539967502311703207e-01 1.054847519344560697e-01 6.775147928994083024e-01 1.926490669094219343e-01 2.435138825671370050e-02 0.000000000000000000e+00
6.200000000000000000e+05 1.549967291287752680e-01 1.152708238507055144e-01 6.721665908056441152e-01 1.877560309512972259e-01 2.480655439235321044e-02 0.000000000000000000e+00
6.240000000000000000e+05 1.559967080263802153e-01 1.134501593081474746e-01 6.706873008648156498e-01 1.924214838416021811e-01 2.344105598543468408e-02 0.000000000000000000e+00
6.280000000000000000e+05 1.569966869239853846e-01 1.093536640873919025e-01 6.695493855257168558e-01 1.918525261720528119e-01 2.924442421483841592e-02 0.000000000000000000e+00
6.320000000000000000e+05 1.579966658215903319e-01 1.224396904870277691e-01 6.598771051433773849e-01 1.884387801547564856e-01 2.924442421483841592e-02 0.000000000000000000e+00
6.360000000000000000e+05 1.589966447191952792e-01 1.247155211652253015e-01 6.562357760582612221e-01 1.874146563495675821e-01 3.163404642694583185e-02 0.000000000000000000e+00
6.400000000000000000e+05 1.599966236168002265e-01 1.243741465634956717e-01 6.525944469731451703e-01 1.885525716886663761e-01 3.447883477469276120e-02 0.000000000000000000e+00
6.440000000000000000e+05 1.609966025144053958e-01 1.291533909877105035e-01 6.455393718707328476e-01 1.857077833409194467e-01 3.959945380063722986e-02 0.000000000000000000e+00
6.480000000000000000e+05 1.619965814120103431e-01 1.340464269458352398e-01 6.432635411925352598e-01 1.825216203914428736e-01 4.016841147018661989e-02 0.000000000000000000e+00
6.520000000000000000e+05 1.629965603096152904e-01 1.438324988620846567e-01 6.334774692762858983e-01 1.837733272644515303e-01 3.891670459717797015e-02 0.000000000000000000e+00
6.560000000000000000e+05 1.639965392072202377e-01 1.622667273554847522e-01 6.215293582157487284e-01 1.755803368229403860e-01 4.062357760582612637e-02 0.000000000000000000e+00
6.600000000000000000e+05 1.649965181048254070e-01 1.664770141101502010e-01 6.121984524351388179e-01 1.760355029585798925e-01 4.528903049613108855e-02 0.000000000000000000e+00
6.640000000000000000e+05 1.659964970024303543e-01 1.652253072371415443e-01 6.108329540282203540e-01 1.780837505689576716e-01 4.585798816568047165e-02 0.000000000000000000e+00
6.680000000000000000e+05 1.669964759000353016e-01 1.744424214838415921e-01 6.024123805188893455e-01 1.721665908056440597e-01 5.097860719162494031e-02 0.000000000000000000e+00
6.720000000000000000e+05 1.679964547976402489e-01 1.755803368229403860e-01 6.001365498406918686e-01 1.761492944924897552e-01 4.813381884387801790e-02 0.000000000000000000e+00
6.760000000000000000e+05 1.689964336952454182e-01 1.865043240782885692e-01 5.881884387801548097e-01 1.762630860263996457e-01 4.904415111515703085e-02 0.000000000000000000e+00
6.800000000000000000e+05 1.699964125928503655e-01 1.841147018661811463e-01 5.933090578060992160e-01 1.718252162039144160e-01 5.075102412380518707e-02 0.000000000000000000e+00
6.840000000000000000e+05 1.709963914904553128e-01 1.926490669094219343e-01 5.845471096950386469e-01 1.649977241693217911e-01 5.780609922621757213e-02 0.000000000000000000e+00
6.880000000000000000e+05 1.719963703880602601e-01 2.080109239872553473e-01 5.487027765134273594e-01 1.969731451979972736e-01 4.631315430131998506e-02 0.000000000000000000e+00
6.920000000000000000e+05 1.729963492856654295e-01 2.639963586709149004e-02 8.247610377787892855e-01 1.471324533454710926e-01 1.706873008648156654e-03 0.000000000000000000e+00
6.960000000000000000e+05 1.739963281832703768e-01 2.309968138370505075e-02 8.266954938552572019e-01 1.488393263541192557e-01 1.365498406918525280e-03 0.000000000000000000e+00
7.000000000000000000e+05 1.749963070808753240e-01 2.742375967228038308e-02 8.233955393718707105e-01 1.480427856167501055e-01 1.137915339098770958e-03 0.000000000000000000e+00
7.040000000000000000e+05 1.759962859784802713e-01 2.162039144287665124e-02 8.280609922621756658e-01 1.492944924897587622e-01 1.024123805188893906e-03 0.000000000000000000e+00
7.080000000000000000e+05 1.769962648760854407e-01 2.355484751934456070e-02 8.261265361857077494e-01 1.483841602184797492e-01 1.934456076467910759e-03 0.000000000000000000e+00
7.120000000000000000e+05 1.779962437736903880e-01 2.503413746017296368e-02 8.247610377787892855e-01 1.483841602184797492e-01 1.820664542558033706e-03 0.000000000000000000e+00
7.160000000000000000e+05 1.789962226712953353e-01 2.708238507055074976e-02 8.233955393718707105e-01 1.487255348202093652e-01 7.965407373691396923e-04 0.000000000000000000e+00
7.200000000000000000e+05 1.799962015689002826e-01 2.662721893491124328e-02 8.239644970414201630e-01 1.488393263541192557e-01 5.689576695493854790e-04 0.000000000000000000e+00
7.240000000000000000e+05 1.809961804665054519e-01 2.730996813837050646e-02 8.220300409649522466e-01 1.495220755575785154e-01 1.137915339098770958e-03 0.000000000000000000e+00
7.280000000000000000e+05 1.819961593641103992e-01 2.992717341829767910e-02 8.200955848884843302e-01 1.489531178880291185e-01 1.024123805188893906e-03 0.000000000000000000e+00
7.320000000000000000e+05 1.829961382617153465e-01 2.685480200273099652e-02 8.239644970414201630e-01 1.489531178880291185e-01 2.275830678197542133e-04 0.000000000000000000e+00
7.360000000000000000e+05 1.839961171593202938e-01 2.958579881656804578e-02 8.204369594902138907e-01 1.496358670914884059e-01 3.413746017296313199e-04 0.000000000000000000e+00
7.400000000000000000e+05 1.849960960569254631e-01 2.787892580791988956e-02 8.225989986345015881e-01 1.484979517523896120e-01 1.024123805188893906e-03 0.000000000000000000e+00
7.440000000000000000e+05 1.859960749545304104e-01 3.004096495220755572e-02 8.200955848884843302e-01 1.491807009558488717e-01 6.827492034592626399e-04 0.000000000000000000e+00
7.480000000000000000e+05 1.869960538521353577e-01 2.548930359581247015e-02 8.248748293126991760e-01 1.490669094219390090e-01 5.689576695493854790e-04 0.000000000000000000e+00
7.520000000000000000e+05 1.879960327497403050e-01 3.026854802002730896e-02 8.204369594902138907e-01 1.484979517523896120e-01 7.965407373691396923e-04 0.000000000000000000e+00
7.560000000000000000e+05 1.889960116473454743e-01 2.947200728265816916e-02 8.204369594902138907e-01 1.497496586253982687e-01 3.413746017296313199e-04 0.000000000000000000e+00
7.600000000000000000e+05 1.899959905449504216e-01 3.527537551206190447e-02 8.146335912608101415e-01 1.488393263541192557e-01 1.251706873008648227e-03 0.000000000000000000e+00
7.640000000000000000e+05 1.909959694425553689e-01 2.992717341829767910e-02 8.202093764223942207e-01 1.490669094219390090e-01 7.965407373691396923e-04 0.000000000000000000e+00
7.680000000000000000e+05 1.919959483401603162e-01 3.083750568957669552e-02 8.187300864815657553e-01 1.489531178880291185e-01 1.479289940828402332e-03 0.000000000000000000e+00
7.720000000000000000e+05 1.929959272377654855e-01 3.686845698680018407e-02 8.115612198452435422e-01 1.491807009558488717e-01 2.389622212107419402e-03 0.000000000000000000e+00
7.760000000000000000e+05 1.939959061353704328e-01 3.208921256258534527e-02 8.181611288120164138e-01 1.486117432862995025e-01 1.137915339098770958e-03 0.000000000000000000e+00
7.800000000000000000e+05 1.949958850329753801e-01 3.755120619025944378e-02 8.123577605826126646e-01 1.487255348202093652e-01 1.365498406918525280e-03 0.000000000000000000e+00
7.840000000000000000e+05 1.959958639305803274e-01 3.834774692762858705e-02 8.109922621756940897e-01 1.494082840236686527e-01 1.251706873008648227e-03 0.000000000000000000e+00
7.880000000000000000e+05 1.969958428281854967e-01 3.903049613108784677e-02 8.092853891670459543e-01 1.500910332271279124e-01 1.593081474738279385e-03 0.000000000000000000e+00
7.920000000000000000e+05 1.979958217257904440e-01 4.085116067364587961e-02 8.084888484296768318e-01 1.482703686845698587e-01 2.389622212107419402e-03 0.000000000000000000e+00
7.960000000000000000e+05 1.989958006233953913e-01 4.244424214838415921e-02 8.076923076923077094e-01 1.479289940828402428e-01 1.934456076467910759e-03 0.000000000000000000e+00
8.000000000000000000e+05 1.999957795210003386e-01 4.415111515703231543e-02 8.051888939462903405e-01 1.486117432862995025e-01 2.048247610377787811e-03 0.000000000000000000e+00
8.040000000000000000e+05 2.009957584186055080e-01 4.642694583522986168e-02 7.940373236231224041e-01 1.563495675921711403e-01 3.186162949476558769e-03 0.000000000000000000e+00
8.080000000000000000e+05 2.019957373162104552e-01 2.105143377332726468e-02 6.783113336367774249e-01 2.997269003186163183e-01 9.103322712790168532e-04 0.000000000000000000e+00
8.120000000000000000e+05 2.029957162138154025e-01 2.332726445152480746e-02 6.768320436959490705e-01 2.994993172507965373e-01 3.413746017296313199e-04 0.000000000000000000e+00
8.160000000000000000e+05 2.039956951114203498e-01 2.207555757851615771e-02 6.791078743741465473e-01 2.983614019116977434e-01 4.551661356395084266e-04 0.000000000000000000e+00
8.200000000000000000e+05 2.049956740090255192e-01 2.503413746017296368e-02 6.764906690942193990e-01 2.980200273099681274e-01 4.551661356395084266e-04 0.000000000000000000e+00
8.240000000000000000e+05 2.059956529066304665e-01 3.072371415566681890e-02 6.709148839326354308e-01 2.972234865725990050e-01 1.137915339098770958e-03 0.000000000000000000e+00
8.280000000000000000e+05 2.069956318042354138e-01 2.548930359581247015e-02 6.762630860263996180e-01 2.976786527082385114e-01 5.689576695493854790e-04 0.000000000000000000e+00
8.320000000000000000e+05 2.079956107018403610e-01 2.537551206190259354e-02 6.747837960855712636e-01 2.989303595812471404e-01 9.103322712790168532e-04 0.000000000000000000e+00
8.360000000000000000e+05 2.089955895994455304e-01 3.060992262175694228e-02 6.712562585343649912e-01 2.975648611743286209e-01 5.689576695493854790e-04 0.000000000000000000e+00
8.400000000000000000e+05 2.099955684970504777e-01 2.822030040964952288e-02 6.720527992717342247e-01 2.984751934456076339e-01 1.251706873008648227e-03 0.000000000000000000e+00
8.440000000000000000e+05 2.109955473946554250e-01 2.742375967228038308e-02 6.747837960855712636e-01 2.963131543013199920e-01 1.479289940828402332e-03 0.000000000000000000e+00
8.480000000000000000e+05 2.119955262922603723e-01 3.186162949476559203e-02 6.704597177969958688e-01 2.972234865725990050e-01 4.551661356395084266e-04 0.000000000000000000e+00
8.520000000000000000e+05 2.129955051898655416e-01 3.288575329995448160e-02 6.689804278561675144e-01 2.972234865725990050e-01 9.103322712790168532e-04 0.000000000000000000e+00
8.560000000000000000e+05 2.139954840874704889e-01 3.368229403732362487e-02 6.678425125170687204e-01 2.971096950386891145e-01 1.365498406918525280e-03 0.000000000000000000e+00
8.600000000000000000e+05 2.149954629850754362e-01 3.117888029130632538e-02 6.718252162039144437e-01 2.956304050978607045e-01 1.365498406918525280e-03 0.000000000000000000e+00
8.640000000000000000e+05 2.159954418826803835e-01 3.402366863905325473e-02 6.681838871187983919e-01 2.965407373691397175e-01 1.251706873008648227e-03 0.000000000000000000e+00
8.680000000000000000e+05 2.169954207802855528e-01 3.425125170687300796e-02 6.675011379153390489e-01 2.969959035047792240e-01 1.251706873008648227e-03 0.000000000000000000e+00
8.720000000000000000e+05 2.179953996778905001e-01 3.766499772416932040e-02 6.655666818388711325e-01 2.952890304961310886e-01 1.479289940828402332e-03 0.000000000000000000e+00
8.760000000000000000e+05 2.189953785754954474e-01 3.914428766499772339e-02 6.623805188893946427e-01 2.967683204369594985e-01 1.706873008648156654e-03 0.000000000000000000e+00
8.800000000000000000e+05 2.199953574731003947e-01 3.106508875739644876e-02 6.708010923987255403e-01 2.967683204369594985e-01 1.365498406918525280e-03 0.000000000000000000e+00
8.840000000000000000e+05 2.209953363707055640e-01 3.516158397815202785e-02 6.676149294492489394e-01 2.948338643604915821e-01 2.389622212107419402e-03 0.000000000000000000e+00
8.880000000000000000e+05 2.219953152683105113e-01 3.561675011379153433e-02 6.662494310423304755e-01 2.957441966317705950e-01 2.389622212107419402e-03 0.000000000000000000e+00
8.920000000000000000e+05 2.229952941659154586e-01 3.538916704597178109e-02 6.656804733727810230e-01 2.965407373691397175e-01 2.389622212107419402e-03 0.000000000000000000e+00
8.960000000000000000e+05 2.239952730635204059e-01 3.823395539371871044e-02 6.613563950842057393e-01 2.963131543013199920e-01 4.096495220755575623e-03 0.000000000000000000e+00
9.000000000000000000e+05 2.249952519611253532e-01 3.823395539371871044e-02 6.636322257624033272e-01 2.963131543013199920e-01 1.820664542558033706e-03 0.000000000000000000e+00
9.040000000000000000e+05 2.259952308587305225e-01 3.914428766499772339e-02 6.642011834319526686e-01 2.939235320892125691e-01 2.730996813837050560e-03 0.000000000000000000e+00
9.080000000000000000e+05 2.269952097563354698e-01 4.062357760582612637e-02 6.615839781520255203e-01 2.948338643604915821e-01 2.958579881656804664e-03 0.000000000000000000e+00
