# itime ezz other fcc hcp bcc ico
0.000000000000000000e+00 0.000000000000000000e+00 4.551661356395084266e-04 9.995448338643604380e-01 0.000000000000000000e+00 0.000000000000000000e+00 0.000000000000000000e+00
2.500000000000000000e+02 1.000002852838544065e-02 9.103322712790168532e-04 9.990896677287209870e-01 0.000000000000000000e+00 0.000000000000000000e+00 0.000000000000000000e+00
5.000000000000000000e+02 2.000005705677065926e-02 2.275830678197542133e-04 9.997724169321802190e-01 0.000000000000000000e+00 0.000000000000000000e+00 0.000000000000000000e+00
7.500000000000000000e+02 3.000008558515609991e-02 3.072371415566681717e-03 9.968138370505233992e-01 0.000000000000000000e+00 1.137915339098771066e-04 0.000000000000000000e+00
1.000000000000000000e+03 4.000011411354154056e-02 4.665452890304961318e-03 9.952207555757851543e-01 0.000000000000000000e+00 1.137915339098771066e-04 0.000000000000000000e+00
1.250000000000000000e+03 5.000014264192675917e-02 7.851615839781519654e-03 9.914656349567592120e-01 0.000000000000000000e+00 6.827492034592626399e-04 0.000000000000000000e+00
1.500000000000000000e+03 6.000017117031219982e-02 2.207555757851615771e-02 9.774692762858443462e-01 0.000000000000000000e+00 4.551661356395084266e-04 0.000000000000000000e+00
1.750000000000000000e+03 7.000019969869764047e-02 3.311333636777423484e-02 9.662039144287665193e-01 0.000000000000000000e+00 6.827492034592626399e-04 0.000000000000000000e+00
2.000000000000000000e+03 8.000022822708285908e-02 7.680928538916705073e-02 9.184114701866180619e-01 0.000000000000000000e+00 4.779244424214838804e-03 0.000000000000000000e+00
2.250000000000000000e+03 9.000025675546829973e-02 1.610150204824760956e-01 8.194128356850249872e-01 0.000000000000000000e+00 1.957214383249886169e-02 0.000000000000000000e+00
2.500000000000000000e+03 1.000002852838537404e-01 3.400091033227127801e-01 4.994310423304506030e-01 1.137915339098770958e-03 1.594219390077378229e-01 0.000000000000000000e+00
2.750000000000000000e+03 1.100003138122389590e-01 4.127218934911242587e-01 2.816340464269458388e-01 3.675466545289030745e-02 2.688893946290396020e-01 0.000000000000000000e+00
3.000000000000000000e+03 1.200003423406243996e-01 4.545971779699590209e-01 2.104005461993627701e-01 6.929904415111515226e-02 2.657032316795630567e-01 0.000000000000000000e+00
3.250000000000000000e+03 1.300003708690098403e-01 5.035275375512061613e-01 1.586253982703686727e-01 9.023668639053254725e-02 2.474965862539827144e-01 1.137915339098771066e-04
3.500000000000000000e+03 1.400003993973950589e-01 5.195721438324988339e-01 1.391670459717797015e-01 1.027537551206190308e-01 2.385070550751024199e-01 0.000000000000000000e+00
3.750000000000000000e+03 1.500004279257804995e-01 5.547337278106508895e-01 1.099226217569412856e-01 1.149294492489758707e-01 2.204142011834319403e-01 0.000000000000000000e+00
4.000000000000000000e+03 1.600004564541659402e-01 6.046882111970869333e-01 8.978152025489304078e-02 1.225534820209376458e-01 1.829767865270823801e-01 0.000000000000000000e+00
4.250000000000000000e+03 1.700004849825511588e-01 6.265361857077833552e-01 8.932635411925353430e-02 1.286982248520709970e-01 1.554392353208921274e-01 0.000000000000000000e+00
4.500000000000000000e+03 1.800005135109365995e-01 6.391670459717796460e-01 9.330905780609922984e-02 1.357532999544833752e-01 1.317705962676376796e-01 0.000000000000000000e+00
4.750000000000000000e+03 1.900005420393220401e-01 6.726217569412835662e-01 8.022303140646336317e-02 1.404187528447883582e-01 1.067364588074647264e-01 0.000000000000000000e+00
5.000000000000000000e+03 2.000005705677072587e-01 6.705735093309057593e-01 8.340919435593992237e-02 1.490669094219390090e-01 9.695038689121529552e-02 0.000000000000000000e+00
5.250000000000000000e+03 2.100005990960926994e-01 6.909421939007738267e-01 8.022303140646336317e-02 1.478152025489303523e-01 8.090578060992262288e-02 1.137915339098771066e-04
5.500000000000000000e+03 2.200006276244781400e-01 6.977696859353663683e-01 8.124715521165225274e-02 1.448566226672735602e-01 7.612653618570777714e-02 0.000000000000000000e+00
5.750000000000000000e+03 2.300006561528633586e-01 7.238279472007282944e-01 7.294037323623121793e-02 1.372325898953117851e-01 6.599908966772871644e-02 0.000000000000000000e+00
6.000000000000000000e+03 2.400006846812487993e-01 7.416932180245789930e-01 7.157487482931269851e-02 1.333636777423759801e-01 5.336822940373236318e-02 0.000000000000000000e+00
6.250000000000000000e+03 2.500007132096342399e-01 7.545516613563950648e-01 6.873008648156576916e-02 1.274465179790623681e-01 4.915794264906690747e-02 1.137915339098771066e-04
6.500000000000000000e+03 2.600007417380194585e-01 7.637687756030950847e-01 6.531634046426945672e-02 1.203914428766499761e-01 5.029585798816568060e-02 2.275830678197542133e-04
6.750000000000000000e+03 2.700007702664048992e-01 7.694583522985889434e-01 6.725079654073737312e-02 1.183431952662721831e-01 4.483386436049158208e-02 1.137915339098771066e-04
7.000000000000000000e+03 2.800007987947903398e-01 7.787892580791988539e-01 6.508875739644970349e-02 1.161811561219845274e-01 3.959945380063722986e-02 3.413746017296313199e-04
7.250000000000000000e+03 2.900008273231755584e-01 7.852753755120619461e-01 6.634046426945834629e-02 1.098088302230314089e-01 3.834774692762858705e-02 2.275830678197542133e-04
7.500000000000000000e+03 3.000008558515609991e-01 7.984751934456076894e-01 6.668183887118799003e-02 1.059399180700955900e-01 2.867546654528902936e-02 2.275830678197542133e-04
7.750000000000000000e+03 3.100008843799464398e-01 8.084888484296768318e-01 6.247155211652252738e-02 9.945380063723259501e-02 2.935821574874829254e-02 2.275830678197542133e-04
8.000000000000000000e+03 3.200009129083316584e-01 8.171370050068275104e-01 6.008192990441511144e-02 9.456076467910787264e-02 2.787892580791988956e-02 3.413746017296313199e-04
8.250000000000000000e+03 3.300009414367170990e-01 8.294264906690942407e-01 5.302685480200273332e-02 8.989531178880291740e-02 2.708238507055074976e-02 5.689576695493854790e-04
8.500000000000000000e+03 3.400009699651025397e-01 8.495675921711424161e-01 5.052344105598543383e-02 7.874374146563495325e-02 2.116522530723714129e-02 0.000000000000000000e+00
8.750000000000000000e+03 3.500009984934877583e-01 8.422849340009103125e-01 5.006827492034592736e-02 8.761948111060537114e-02 1.945835229858898507e-02 5.689576695493854790e-04
9.000000000000000000e+03 3.600010270218731989e-01 8.559399180700956178e-01 5.063723258989531045e-02 7.669549385525717411e-02 1.615839781520254925e-02 5.689576695493854790e-04
9.250000000000000000e+03 3.700010555502586396e-01 8.662949476558944317e-01 4.608557123350022489e-02 7.373691397360036814e-02 1.331360946745562164e-02 5.689576695493854790e-04
9.500000000000000000e+03 3.800010840786438582e-01 8.695949021392808120e-01 4.506144742831133532e-02 7.146108329540282189e-02 1.354119253527537488e-02 3.413746017296313199e-04
9.750000000000000000e+03 3.900011126070292988e-01 8.783568502503413811e-01 4.494765589440145870e-02 6.599908966772871644e-02 1.024123805188893906e-02 4.551661356395084266e-04
1.000000000000000000e+04 4.000011411354147395e-01 8.840464269458352398e-01 4.472007282658170546e-02 5.894401456531633832e-02 1.160673645880746542e-02 6.827492034592626399e-04
1.025000000000000000e+04 4.100011696637999581e-01 8.895084205735093175e-01 4.654073736913973830e-02 5.461993627674101293e-02 8.989531178880291046e-03 3.413746017296313199e-04
1.050000000000000000e+04 4.200011981921853987e-01 8.988393263541192280e-01 4.597177969959034827e-02 4.676832043695949154e-02 8.079198907601274626e-03 3.413746017296313199e-04
1.075000000000000000e+04 4.300012267205708394e-01 8.980427856167501055e-01 4.824761037778789452e-02 4.437869822485206867e-02 8.761948111060537808e-03 5.689576695493854790e-04
1.100000000000000000e+04 4.400012552489560580e-01 9.170459717796995980e-01 3.846153846153846367e-02 3.618570778334091742e-02 7.168866636322257339e-03 1.137915339098770958e-03
1.125000000000000000e+04 4.500012837773414986e-01 9.151115157032316816e-01 4.278561675011378906e-02 3.436504324078288458e-02 6.941283568502503235e-03 7.965407373691396923e-04
1.150000000000000000e+04 4.600013123057269393e-01 9.196631770596267463e-01 3.994082840236686666e-02 3.288575329995448160e-02 6.599908966772872511e-03 9.103322712790168532e-04
1.175000000000000000e+04 4.700013408341121579e-01 9.299044151115156698e-01 3.527537551206190447e-02 2.878925807919890598e-02 5.234410559854347014e-03 7.965407373691396923e-04
1.200000000000000000e+04 4.800013693624975986e-01 9.281975421028675344e-01 3.652708238507055422e-02 2.776513427401001294e-02 6.486117432862995025e-03 1.024123805188893906e-03
1.225000000000000000e+04 4.900013978908830392e-01 9.286527082385070964e-01 3.664087391898043083e-02 2.810650887573964626e-02 5.803368229403732710e-03 7.965407373691396923e-04
1.250000000000000000e+04 5.000014264192682578e-01 9.349112426035502965e-01 2.981338188438780248e-02 2.765134274010013632e-02 6.486117432862995025e-03 1.137915339098770958e-03
1.275000000000000000e+04 5.100014549476536985e-01 9.444697314519799880e-01 2.708238507055074976e-02 2.298588984979517413e-02 4.437869822485207214e-03 1.024123805188893906e-03
1.300000000000000000e+04 5.200014834760391391e-01 9.464041875284479044e-01 2.548930359581247015e-02 2.184797451069640448e-02 5.461993627674101119e-03 7.965407373691396923e-04
1.325000000000000000e+04 5.300015120044243577e-01 9.456076467910787819e-01 2.548930359581247015e-02 2.230314064633591095e-02 5.120619025944469528e-03 1.479289940828402332e-03
1.350000000000000000e+04 5.400015405328097984e-01 9.509558488848429691e-01 2.298588984979517413e-02 2.025489303595812488e-02 4.779244424214838804e-03 1.024123805188893906e-03
1.375000000000000000e+04 5.500015690611952390e-01 9.499317250796540657e-01 2.378243058716431393e-02 2.048247610377787811e-02 4.324078288575329727e-03 1.479289940828402332e-03
1.400000000000000000e+04 5.600015975895804576e-01 9.547109695038689114e-01 2.093764223941738806e-02 1.741010468821119553e-02 5.006827492034592909e-03 1.934456076467910759e-03
1.425000000000000000e+04 5.700016261179658983e-01 9.609695038689121116e-01 1.570323167956303931e-02 1.684114701866181243e-02 4.437869822485207214e-03 2.048247610377787811e-03
1.450000000000000000e+04 5.800016546463513389e-01 9.607419208010924416e-01 1.570323167956303931e-02 1.741010468821119553e-02 4.096495220755575623e-03 2.048247610377787811e-03
1.475000000000000000e+04 5.900016831747365575e-01 9.642694583522986029e-01 1.422394173873463806e-02 1.649977241693217911e-02 3.527537551206190360e-03 1.479289940828402332e-03
1.500000000000000000e+04 6.000017117031219982e-01 9.644970414201183839e-01 1.502048247610377786e-02 1.558944014565316269e-02 3.413746017296313308e-03 1.479289940828402332e-03
1.525000000000000000e+04 6.100017402315074388e-01 9.714383249886208160e-01 1.115157032316795548e-02 1.217569412835685025e-02 3.299954483386436255e-03 1.934456076467910759e-03
1.550000000000000000e+04 6.200017687598926575e-01 9.742831133363677454e-01 1.046882111970869403e-02 1.149294492489758707e-02 2.048247610377787811e-03 1.706873008648156654e-03
1.575000000000000000e+04 6.300017972882780981e-01 9.759899863450158808e-01 1.069640418752844727e-02 1.001365498406918582e-02 1.820664542558033706e-03 1.479289940828402332e-03
1.600000000000000000e+04 6.400018258166635388e-01 9.759899863450158808e-01 1.058261265361857065e-02 9.330905780609922637e-03 1.934456076467910759e-03 2.162039144287664864e-03
1.625000000000000000e+04 6.500018543450487574e-01 9.814519799726900695e-01 1.012744651797906244e-02 5.917159763313609329e-03 1.251706873008648227e-03 1.251706873008648227e-03
1.650000000000000000e+04 6.600018828734341980e-01 9.819071461083295205e-01 8.306781975421027864e-03 7.055075102412380721e-03 1.593081474738279385e-03 1.137915339098770958e-03
1.675000000000000000e+04 6.700019114018196387e-01 9.833864360491579859e-01 7.282658170232134826e-03 7.055075102412380721e-03 1.365498406918525280e-03 9.103322712790168532e-04
1.700000000000000000e+04 6.800019399302048573e-01 9.855484751934455723e-01 5.803368229403732710e-03 5.120619025944469528e-03 1.479289940828402332e-03 2.048247610377787811e-03
1.725000000000000000e+04 6.900019684585902979e-01 9.865725989986344757e-01 5.461993627674101119e-03 4.779244424214838804e-03 1.024123805188893906e-03 2.162039144287664864e-03
1.750000000000000000e+04 7.000019969869757386e-01 9.858898497951752438e-01 5.803368229403732710e-03 4.893035958124715423e-03 1.137915339098770958e-03 2.275830678197541916e-03
1.775000000000000000e+04 7.100020255153609572e-01 9.849795175238962308e-01 5.689576695493855224e-03 5.689576695493855224e-03 1.137915339098770958e-03 2.503413746017296455e-03
1.800000000000000000e+04 7.200020540437463978e-01 9.879380974055530507e-01 4.893035958124715423e-03 4.437869822485207214e-03 1.251706873008648227e-03 1.479289940828402332e-03
1.825000000000000000e+04 7.300020825721318385e-01 9.863450159308146947e-01 4.893035958124715423e-03 5.689576695493855224e-03 5.689576695493854790e-04 2.503413746017296455e-03
1.850000000000000000e+04 7.400021111005170571e-01 9.873691397360035982e-01 4.779244424214838804e-03 4.551661356395083832e-03 1.479289940828402332e-03 1.820664542558033706e-03
1.875000000000000000e+04 7.500021396289024977e-01 9.903277196176604180e-01 4.210286754665453109e-03 3.755120619025944465e-03 1.137915339098771066e-04 1.593081474738279385e-03
1.900000000000000000e+04 7.600021681572879384e-01 9.881656804733728316e-01 4.210286754665453109e-03 4.096495220755575623e-03 6.827492034592626399e-04 2.844788347746927612e-03
1.925000000000000000e+04 7.700021966856731570e-01 9.878243058716431602e-01 4.779244424214838804e-03 4.437869822485207214e-03 5.689576695493854790e-04 2.389622212107419402e-03
1.950000000000000000e+04 7.800022252140585977e-01 9.893035958124715146e-01 3.186162949476558769e-03 3.982703686845699004e-03 6.827492034592626399e-04 2.844788347746927612e-03
1.975000000000000000e+04 7.900022537424440383e-01 9.914656349567592120e-01 2.503413746017296455e-03 2.958579881656804664e-03 6.827492034592626399e-04 2.389622212107419402e-03
2.000000000000000000e+04 8.000022822708292569e-01 9.919208010923987739e-01 2.275830678197541916e-03 3.186162949476558769e-03 4.551661356395084266e-04 2.162039144287664864e-03
2.025000000000000000e+04 8.100023107992146976e-01 9.918070095584888834e-01 2.048247610377787811e-03 2.958579881656804664e-03 5.689576695493854790e-04 2.617205279927173507e-03
2.050000000000000000e+04 8.200023393276001382e-01 9.926035502958580059e-01 1.593081474738279385e-03 2.503413746017296455e-03 5.689576695493854790e-04 2.730996813837050560e-03
2.075000000000000000e+04 8.300023678559853568e-01 9.928311333636777869e-01 2.389622212107419402e-03 2.162039144287664864e-03 4.551661356395084266e-04 2.162039144287664864e-03
2.100000000000000000e+04 8.400023963843707975e-01 9.919208010923987739e-01 2.617205279927173507e-03 2.162039144287664864e-03 7.965407373691396923e-04 2.503413746017296455e-03
2.125000000000000000e+04 8.500024249127562381e-01 9.939690487027764698e-01 1.137915339098770958e-03 1.706873008648156654e-03 9.103322712790168532e-04 2.275830678197541916e-03
2.150000000000000000e+04 8.600024534411414567e-01 9.955621301775148257e-01 1.479289940828402332e-03 1.137915339098770958e-03 7.965407373691396923e-04 1.024123805188893906e-03
2.175000000000000000e+04 8.700024819695268974e-01 9.936276741010469093e-01 1.479289940828402332e-03 1.479289940828402332e-03 3.413746017296313199e-04 3.072371415566681717e-03
2.200000000000000000e+04 8.800025104979123380e-01 9.947655894401457033e-01 7.965407373691396923e-04 1.706873008648156654e-03 5.689576695493854790e-04 2.162039144287664864e-03
2.225000000000000000e+04 8.900025390262975566e-01 9.955621301775148257e-01 5.689576695493854790e-04 6.827492034592626399e-04 4.551661356395084266e-04 2.730996813837050560e-03
2.250000000000000000e+04 9.000025675546829973e-01 9.945380063723259223e-01 9.103322712790168532e-04 1.137915339098770958e-03 9.103322712790168532e-04 2.503413746017296455e-03
2.275000000000000000e+04 9.100025960830684379e-01 9.960172963131542767e-01 3.413746017296313199e-04 7.965407373691396923e-04 6.827492034592626399e-04 2.162039144287664864e-03
2.300000000000000000e+04 9.200026246114536566e-01 9.959035047792443862e-01 9.103322712790168532e-04 5.689576695493854790e-04 6.827492034592626399e-04 1.934456076467910759e-03
2.325000000000000000e+04 9.300026531398390972e-01 9.960172963131542767e-01 7.965407373691396923e-04 4.551661356395084266e-04 3.413746017296313199e-04 2.389622212107419402e-03
2.350000000000000000e+04 9.400026816682245379e-01 9.948793809740554828e-01 7.965407373691396923e-04 1.479289940828402332e-03 1.137915339098771066e-04 2.730996813837050560e-03
2.375000000000000000e+04 9.500027101966097565e-01 9.961310878470641672e-01 6.827492034592626399e-04 9.103322712790168532e-04 0.000000000000000000e+00 2.275830678197541916e-03
2.400000000000000000e+04 9.600027387249951971e-01 9.956759217114247162e-01 7.965407373691396923e-04 3.413746017296313199e-04 3.413746017296313199e-04 2.844788347746927612e-03
2.425000000000000000e+04 9.700027672533806378e-01 9.959035047792443862e-01 1.024123805188893906e-03 5.689576695493854790e-04 2.275830678197542133e-04 2.275830678197541916e-03
2.450000000000000000e+04 9.800027957817658564e-01 9.962448793809740577e-01 6.827492034592626399e-04 7.965407373691396923e-04 0.000000000000000000e+00 2.275830678197541916e-03
2.475000000000000000e+04 9.900028243101512970e-01 9.967000455166135087e-01 7.965407373691396923e-04 5.689576695493854790e-04 1.137915339098771066e-04 1.820664542558033706e-03
2.500000000000000000e+04 1.000002852838536516e+00 9.968138370505233992e-01 5.689576695493854790e-04 7.965407373691396923e-04 0.000000000000000000e+00 1.820664542558033706e-03
