# itime ezz other fcc hcp bcc ico
0.000000000000000000e+00 0.000000000000000000e+00 4.551661356395084266e-04 9.995448338643604380e-01 0.000000000000000000e+00 0.000000000000000000e+00 0.000000000000000000e+00
2.500000000000000000e+02 9.999714566177875241e-04 3.413746017296313199e-04 9.996586253982703285e-01 0.000000000000000000e+00 0.000000000000000000e+00 0.000000000000000000e+00
5.000000000000000000e+02 1.999942913235575048e-03 5.689576695493854790e-04 9.993172507965407680e-01 0.000000000000000000e+00 1.137915339098771066e-04 0.000000000000000000e+00
7.500000000000000000e+02 2.999914369853362572e-03 1.593081474738279385e-03 9.984069185252617551e-01 0.000000000000000000e+00 0.000000000000000000e+00 0.000000000000000000e+00
1.000000000000000000e+03 3.999885826471150096e-03 1.706873008648156654e-03 9.982931269913518646e-01 0.000000000000000000e+00 0.000000000000000000e+00 0.000000000000000000e+00
1.250000000000000000e+03 4.999857283088937621e-03 1.137915339098770958e-03 9.988620846609012061e-01 0.000000000000000000e+00 0.000000000000000000e+00 0.000000000000000000e+00
1.500000000000000000e+03 5.999828739706725145e-03 3.413746017296313199e-04 9.995448338643604380e-01 0.000000000000000000e+00 1.137915339098771066e-04 0.000000000000000000e+00
1.750000000000000000e+03 6.999800196324512669e-03 4.551661356395084266e-04 9.995448338643604380e-01 0.000000000000000000e+00 0.000000000000000000e+00 0.000000000000000000e+00
2.000000000000000000e+03 7.999771652942522238e-03 7.965407373691396923e-04 9.992034592626308775e-01 0.000000000000000000e+00 0.000000000000000000e+00 0.000000000000000000e+00
2.250000000000000000e+03 8.999743109560309762e-03 2.162039144287664864e-03 9.978379608557123026e-01 0.000000000000000000e+00 0.000000000000000000e+00 0.000000000000000000e+00
2.500000000000000000e+03 9.999714566178097286e-03 1.820664542558033706e-03 9.981793354574419741e-01 0.000000000000000000e+00 0.000000000000000000e+00 0.000000000000000000e+00
2.750000000000000000e+03 1.099968602279588481e-02 4.551661356395084266e-04 9.995448338643604380e-01 0.000000000000000000e+00 0.000000000000000000e+00 0.000000000000000000e+00
3.000000000000000000e+03 1.199965747941367233e-02 2.275830678197542133e-04 9.997724169321802190e-01 0.000000000000000000e+00 0.000000000000000000e+00 0.000000000000000000e+00
3.250000000000000000e+03 1.299962893603145986e-02 1.479289940828402332e-03 9.984069185252617551e-01 0.000000000000000000e+00 1.137915339098771066e-04 0.000000000000000000e+00
3.500000000000000000e+03 1.399960039264924738e-02 1.365498406918525280e-03 9.986345015930814251e-01 0.000000000000000000e+00 0.000000000000000000e+00 0.000000000000000000e+00
3.750000000000000000e+03 1.499957184926703491e-02 1.251706873008648227e-03 9.987482931269913156e-01 0.000000000000000000e+00 0.000000000000000000e+00 0.000000000000000000e+00
4.000000000000000000e+03 1.599954330588482243e-02 7.965407373691396923e-04 9.990896677287209870e-01 0.000000000000000000e+00 1.137915339098771066e-04 0.000000000000000000e+00
4.250000000000000000e+03 1.699951476250260995e-02 1.706873008648156654e-03 9.982931269913518646e-01 0.000000000000000000e+00 0.000000000000000000e+00 0.000000000000000000e+00
4.500000000000000000e+03 1.799948621912039748e-02 0.000000000000000000e+00 1.000000000000000000e+00 0.000000000000000000e+00 0.000000000000000000e+00 0.000000000000000000e+00
4.750000000000000000e+03 1.899945767573818500e-02 1.934456076467910759e-03 9.980655439235320836e-01 0.000000000000000000e+00 0.000000000000000000e+00 0.000000000000000000e+00
5.000000000000000000e+03 1.999942913235597253e-02 4.096495220755575623e-03 9.959035047792443862e-01 0.000000000000000000e+00 0.000000000000000000e+00 0.000000000000000000e+00
5.250000000000000000e+03 2.099940058897376005e-02 1.934456076467910759e-03 9.980655439235320836e-01 0.000000000000000000e+00 0.000000000000000000e+00 0.000000000000000000e+00
5.500000000000000000e+03 2.199937204559154758e-02 9.103322712790168532e-04 9.990896677287209870e-01 0.000000000000000000e+00 0.000000000000000000e+00 0.000000000000000000e+00
5.750000000000000000e+03 2.299934350220933510e-02 2.275830678197541916e-03 9.977241693218024121e-01 0.000000000000000000e+00 0.000000000000000000e+00 0.000000000000000000e+00
6.000000000000000000e+03 2.399931495882734467e-02 2.844788347746927612e-03 9.970414201183431802e-01 0.000000000000000000e+00 1.137915339098771066e-04 0.000000000000000000e+00
6.250000000000000000e+03 2.499928641544513219e-02 1.820664542558033706e-03 9.981793354574419741e-01 0.000000000000000000e+00 0.000000000000000000e+00 0.000000000000000000e+00
6.500000000000000000e+03 2.599925787206291972e-02 5.006827492034592909e-03 9.948793809740554828e-01 0.000000000000000000e+00 1.137915339098771066e-04 0.000000000000000000e+00
6.750000000000000000e+03 2.699922932868070724e-02 3.641329085116067413e-03 9.963586709148839482e-01 0.000000000000000000e+00 0.000000000000000000e+00 0.000000000000000000e+00
7.000000000000000000e+03 2.799920078529849476e-02 3.641329085116067413e-03 9.962448793809740577e-01 0.000000000000000000e+00 1.137915339098771066e-04 0.000000000000000000e+00
7.250000000000000000e+03 2.899917224191628229e-02 3.527537551206190360e-03 9.964724624487938387e-01 0.000000000000000000e+00 0.000000000000000000e+00 0.000000000000000000e+00
7.500000000000000000e+03 2.999914369853406981e-02 5.120619025944469528e-03 9.948793809740554828e-01 0.000000000000000000e+00 0.000000000000000000e+00 0.000000000000000000e+00
7.750000000000000000e+03 3.099911515515185734e-02 5.348202093764223633e-03 9.945380063723259223e-01 0.000000000000000000e+00 1.137915339098771066e-04 0.000000000000000000e+00
8.000000000000000000e+03 3.199908661176964486e-02 6.030951297223486815e-03 9.938552571688666903e-01 0.000000000000000000e+00 1.137915339098771066e-04 0.000000000000000000e+00
8.250000000000000000e+03 3.299905806838743239e-02 7.282658170232134826e-03 9.926035502958580059e-01 0.000000000000000000e+00 1.137915339098771066e-04 0.000000000000000000e+00
8.500000000000000000e+03 3.399902952500521991e-02 2.844788347746927612e-03 9.970414201183431802e-01 0.000000000000000000e+00 1.137915339098771066e-04 0.000000000000000000e+00
8.750000000000000000e+03 3.499900098162300743e-02 7.624032771961766417e-03 9.919208010923987739e-01 0.000000000000000000e+00 4.551661356395084266e-04 0.000000000000000000e+00
9.000000000000000000e+03 3.599897243824079496e-02 5.917159763313609329e-03 9.940828402366863603e-01 0.000000000000000000e+00 0.000000000000000000e+00 0.000000000000000000e+00
9.250000000000000000e+03 3.699894389485858248e-02 5.348202093764223633e-03 9.945380063723259223e-01 0.000000000000000000e+00 1.137915339098771066e-04 0.000000000000000000e+00
9.500000000000000000e+03 3.799891535147637001e-02 8.420573509330906217e-03 9.914656349567592120e-01 0.000000000000000000e+00 1.137915339098771066e-04 0.000000000000000000e+00
9.750000000000000000e+03 3.899888680809437957e-02 5.917159763313609329e-03 9.940828402366863603e-01 0.000000000000000000e+00 0.000000000000000000e+00 0.000000000000000000e+00
1.000000000000000000e+04 3.999885826471216710e-02 7.055075102412380721e-03 9.927173418297678964e-01 0.000000000000000000e+00 2.275830678197542133e-04 0.000000000000000000e+00
1.025000000000000000e+04 4.099882972132995462e-02 9.444697314519799256e-03 9.902139280837505275e-01 0.000000000000000000e+00 3.413746017296313199e-04 0.000000000000000000e+00
1.050000000000000000e+04 4.199880117794774215e-02 8.534365043240782836e-03 9.912380518889394310e-01 0.000000000000000000e+00 2.275830678197542133e-04 0.000000000000000000e+00
1.075000000000000000e+04 4.299877263456552967e-02 1.035502958579881741e-02 9.888484296768320636e-01 0.000000000000000000e+00 7.965407373691396923e-04 0.000000000000000000e+00
1.100000000000000000e+04 4.399874409118331720e-02 9.899863450159307465e-03 9.891898042785616241e-01 0.000000000000000000e+00 9.103322712790168532e-04 0.000000000000000000e+00
1.125000000000000000e+04 4.499871554780110472e-02 1.274465179790623508e-02 9.869139736003641472e-01 0.000000000000000000e+00 3.413746017296313199e-04 0.000000000000000000e+00
1.150000000000000000e+04 4.599868700441889224e-02 8.875739644970414427e-03 9.911242603550295405e-01 0.000000000000000000e+00 0.000000000000000000e+00 0.000000000000000000e+00
1.175000000000000000e+04 4.699865846103667977e-02 9.786071916249430847e-03 9.899863450159308575e-01 0.000000000000000000e+00 2.275830678197542133e-04 0.000000000000000000e+00
1.200000000000000000e+04 4.799862991765446729e-02 1.024123805188893906e-02 9.890760127446518446e-01 0.000000000000000000e+00 6.827492034592626399e-04 0.000000000000000000e+00
1.225000000000000000e+04 4.899860137427225482e-02 7.851615839781519654e-03 9.918070095584888834e-01 0.000000000000000000e+00 3.413746017296313199e-04 0.000000000000000000e+00
1.250000000000000000e+04 4.999857283089004234e-02 1.399635867091488309e-02 9.856622667273554628e-01 0.000000000000000000e+00 3.413746017296313199e-04 0.000000000000000000e+00
1.275000000000000000e+04 5.099854428750782986e-02 1.319981793354574502e-02 9.866863905325443662e-01 0.000000000000000000e+00 1.137915339098771066e-04 0.000000000000000000e+00
1.300000000000000000e+04 5.199851574412561739e-02 1.433773327264451468e-02 9.854346836595356818e-01 0.000000000000000000e+00 2.275830678197542133e-04 0.000000000000000000e+00
1.325000000000000000e+04 5.299848720074340491e-02 1.354119253527537488e-02 9.855484751934455723e-01 0.000000000000000000e+00 9.103322712790168532e-04 0.000000000000000000e+00
1.350000000000000000e+04 5.399845865736119244e-02 1.695493855257168905e-02 9.823623122439690825e-01 0.000000000000000000e+00 6.827492034592626399e-04 0.000000000000000000e+00
1.375000000000000000e+04 5.499843011397920201e-02 2.139280837505689453e-02 9.780382339553936877e-01 0.000000000000000000e+00 5.689576695493854790e-04 0.000000000000000000e+00
1.400000000000000000e+04 5.599840157059698953e-02 2.332726445152480746e-02 9.762175694128356618e-01 0.000000000000000000e+00 4.551661356395084266e-04 0.000000000000000000e+00
1.425000000000000000e+04 5.699837302721477705e-02 1.843422849340009204e-02 9.802002730996813851e-01 0.000000000000000000e+00 1.365498406918525280e-03 0.000000000000000000e+00
1.450000000000000000e+04 5.799834448383256458e-02 2.184797451069640448e-02 9.771279016841146747e-01 0.000000000000000000e+00 1.024123805188893906e-03 0.000000000000000000e+00
1.475000000000000000e+04 5.899831594045035210e-02 2.207555757851615771e-02 9.764451524806554428e-01 0.000000000000000000e+00 1.479289940828402332e-03 0.000000000000000000e+00
1.500000000000000000e+04 5.999828739706813963e-02 2.992717341829767910e-02 9.687073281747837772e-01 0.000000000000000000e+00 1.365498406918525280e-03 0.000000000000000000e+00
1.525000000000000000e+04 6.099825885368592715e-02 3.038233955393718558e-02 9.683659535730542167e-01 0.000000000000000000e+00 1.251706873008648227e-03 0.000000000000000000e+00
1.550000000000000000e+04 6.199823031030371467e-02 2.753755120619025970e-02 9.714383249886208160e-01 0.000000000000000000e+00 1.024123805188893906e-03 0.000000000000000000e+00
1.575000000000000000e+04 6.299820176692150220e-02 2.742375967228038308e-02 9.712107419208011461e-01 0.000000000000000000e+00 1.365498406918525280e-03 0.000000000000000000e+00
1.600000000000000000e+04 6.399817322353928972e-02 3.026854802002730896e-02 9.676832043695948737e-01 0.000000000000000000e+00 2.048247610377787811e-03 0.000000000000000000e+00
1.625000000000000000e+04 6.499814468015707725e-02 2.878925807919890598e-02 9.696176604460627901e-01 0.000000000000000000e+00 1.593081474738279385e-03 0.000000000000000000e+00
1.650000000000000000e+04 6.599811613677486477e-02 4.073736913973600299e-02 9.575557578516158408e-01 0.000000000000000000e+00 1.706873008648156654e-03 0.000000000000000000e+00
1.675000000000000000e+04 6.699808759339265229e-02 4.107874374146563284e-02 9.561902594446972659e-01 0.000000000000000000e+00 2.730996813837050560e-03 0.000000000000000000e+00
1.700000000000000000e+04 6.799805905001043982e-02 4.039599453800637313e-02 9.566454255803368278e-01 0.000000000000000000e+00 2.958579881656804664e-03 0.000000000000000000e+00
1.725000000000000000e+04 6.899803050662822734e-02 4.301319981793354230e-02 9.550523441055985829e-01 0.000000000000000000e+00 1.934456076467910759e-03 0.000000000000000000e+00
1.750000000000000000e+04 6.999800196324623691e-02 4.460628129267182190e-02 9.510696404187528596e-01 0.000000000000000000e+00 4.324078288575329727e-03 0.000000000000000000e+00
1.775000000000000000e+04 7.099797341986402444e-02 5.302685480200273332e-02 9.437869822485207560e-01 0.000000000000000000e+00 3.186162949476558769e-03 0.000000000000000000e+00
1.800000000000000000e+04 7.199794487648181196e-02 6.110605370960400795e-02 9.345698680018206250e-01 0.000000000000000000e+00 4.324078288575329727e-03 0.000000000000000000e+00
1.825000000000000000e+04 7.299791633309959948e-02 5.234410559854346667e-02 9.425352753755120716e-01 0.000000000000000000e+00 5.120619025944469528e-03 0.000000000000000000e+00
1.850000000000000000e+04 7.399788778971738701e-02 6.042330450614474130e-02 9.353664087391898585e-01 0.000000000000000000e+00 4.210286754665453109e-03 0.000000000000000000e+00
1.875000000000000000e+04 7.499785924633517453e-02 6.531634046426945672e-02 9.294492489758762188e-01 0.000000000000000000e+00 5.234410559854347014e-03 0.000000000000000000e+00
1.900000000000000000e+04 7.599783070295296206e-02 7.806099226217569353e-02 9.168183887118798170e-01 0.000000000000000000e+00 5.120619025944469528e-03 0.000000000000000000e+00
1.925000000000000000e+04 7.699780215957074958e-02 7.908511606736458310e-02 9.146563495675921196e-01 0.000000000000000000e+00 6.258534365043240920e-03 0.000000000000000000e+00
1.950000000000000000e+04 7.799777361618853710e-02 8.329540282203004575e-02 9.085116067364588099e-01 0.000000000000000000e+00 8.192990441511151245e-03 0.000000000000000000e+00
1.975000000000000000e+04 7.899774507280632463e-02 8.773327264451524776e-02 9.063495675921711126e-01 0.000000000000000000e+00 5.917159763313609329e-03 0.000000000000000000e+00
2.000000000000000000e+04 7.999771652942411215e-02 1.037778789258079204e-01 8.888256713700500855e-01 0.000000000000000000e+00 7.396449704142011444e-03 0.000000000000000000e+00
2.025000000000000000e+04 8.099768798604189968e-02 1.316568047337278169e-01 8.520710059171597850e-01 0.000000000000000000e+00 1.627218934911242587e-02 0.000000000000000000e+00
2.050000000000000000e+04 8.199765944265968720e-02 1.330223031406463363e-01 8.388711879836140417e-01 0.000000000000000000e+00 2.810650887573964626e-02 0.000000000000000000e+00
2.075000000000000000e+04 8.299763089927747473e-02 1.630632680928539024e-01 8.035958124715520956e-01 5.689576695493854790e-04 3.277196176604460498e-02 0.000000000000000000e+00
2.100000000000000000e+04 8.399760235589526225e-02 1.763768775603095085e-01 7.823167956304051263e-01 1.137915339098771066e-04 4.119253527537550946e-02 0.000000000000000000e+00
2.125000000000000000e+04 8.499757381251304977e-02 1.748975876194810986e-01 7.793582157487483064e-01 1.251706873008648227e-03 4.449248975876194528e-02 0.000000000000000000e+00
2.150000000000000000e+04 8.599754526913105934e-02 2.102867546654528796e-01 7.172280382339554228e-01 2.730996813837050560e-03 6.975421028675465873e-02 0.000000000000000000e+00
2.175000000000000000e+04 8.699751672574884687e-02 2.295175238962221254e-01 6.372325898953118406e-01 6.713700500682749130e-03 1.265361857077833274e-01 0.000000000000000000e+00
2.200000000000000000e+04 8.799748818236663439e-02 2.468138370505234547e-01 5.514337733272643982e-01 3.334091943559399501e-02 1.684114701866181174e-01 0.000000000000000000e+00
2.225000000000000000e+04 8.899745963898442191e-02 2.514792899408284099e-01 5.289030496131087444e-01 8.522985889849794827e-02 1.343878015475648557e-01 0.000000000000000000e+00
2.250000000000000000e+04 8.999743109560220944e-02 2.291761492944924816e-01 5.634956759217114586e-01 1.370050068274920319e-01 7.032316795630405570e-02 0.000000000000000000e+00
2.275000000000000000e+04 9.099740255221999696e-02 2.092626308602640040e-01 5.467683204369594430e-01 1.800182066454255880e-01 6.395084205735093730e-02 0.000000000000000000e+00
2.300000000000000000e+04 9.199737400883778449e-02 1.588529813381884259e-01 5.335685025034136997e-01 2.257624032771961831e-01 8.181611288120163583e-02 0.000000000000000000e+00
2.325000000000000000e+04 9.299734546545557201e-02 1.467910787437414766e-01 5.475648611743286764e-01 2.485207100591715901e-01 5.712335002275830548e-02 0.000000000000000000e+00
2.350000000000000000e+04 9.399731692207335954e-02 1.341602184797451025e-01 5.547337278106508895e-01 2.653618570778333852e-01 4.574419663177059503e-02 0.000000000000000000e+00
2.375000000000000000e+04 9.499728837869114706e-02 1.380291306326809353e-01 5.423304506144742687e-01 2.637687756030951403e-01 5.587164314974965573e-02 0.000000000000000000e+00
2.400000000000000000e+04 9.599725983530893458e-02 1.466772872098315861e-01 5.284478834774692935e-01 2.672963131543013016e-01 5.757851615839781195e-02 0.000000000000000000e+00
2.425000000000000000e+04 9.699723129192672211e-02 1.359808830223031284e-01 5.348202093764223841e-01 2.758306781975420896e-01 5.336822940373236318e-02 0.000000000000000000e+00
2.450000000000000000e+04 9.799720274854450963e-02 1.379153390987710448e-01 5.235548475193445572e-01 2.849340009103322746e-01 5.359581247155211642e-02 0.000000000000000000e+00
2.475000000000000000e+04 9.899717420516229716e-02 1.334774692762858428e-01 5.059171597633136397e-01 3.116750113791533772e-01 4.893035958124715423e-02 0.000000000000000000e+00
2.500000000000000000e+04 9.999714566178008468e-02 1.527082385070550885e-01 4.881656804733727761e-01 2.975648611743286209e-01 6.156121984524351443e-02 0.000000000000000000e+00
2.525000000000000000e+04 1.009971171183980942e-01 1.546426945835229771e-01 4.864588074647246407e-01 2.998406918525261533e-01 5.905780609922621494e-02 0.000000000000000000e+00
2.550000000000000000e+04 1.019970885750158818e-01 1.456531634046426826e-01 4.833864360491579304e-01 3.047337278106508895e-01 6.622667273554846967e-02 0.000000000000000000e+00
2.575000000000000000e+04 1.029970600316336693e-01 1.710286754665452935e-01 4.503868912152935722e-01 3.026854802002730827e-01 7.589895311788802390e-02 0.000000000000000000e+00
2.600000000000000000e+04 1.039970314882514568e-01 1.538461538461538547e-01 4.501593081474738467e-01 3.073509330905780379e-01 8.864360491579426071e-02 0.000000000000000000e+00
2.625000000000000000e+04 1.049970029448692443e-01 1.523668639053254448e-01 4.664314974965862448e-01 3.108784706417842547e-01 7.032316795630405570e-02 0.000000000000000000e+00
2.650000000000000000e+04 1.059969744014870319e-01 1.593081474738279601e-01 4.658625398270368478e-01 3.177059626763768518e-01 5.712335002275830548e-02 0.000000000000000000e+00
2.675000000000000000e+04 1.069969458581048194e-01 1.573736913973600438e-01 4.621074192080109055e-01 3.156577150659991005e-01 6.486117432862995025e-02 0.000000000000000000e+00
2.700000000000000000e+04 1.079969173147226069e-01 1.715976331360946627e-01 4.542558033682294050e-01 3.105370960400546387e-01 6.360946745562130744e-02 0.000000000000000000e+00
2.725000000000000000e+04 1.089968887713403944e-01 1.626081019572143960e-01 4.604005461993627701e-01 3.086026399635867223e-01 6.838871187983613931e-02 0.000000000000000000e+00
2.750000000000000000e+04 1.099968602279581820e-01 1.603322712790168358e-01 4.591488393263541412e-01 3.099681383705052418e-01 7.055075102412380894e-02 0.000000000000000000e+00
2.775000000000000000e+04 1.109968316845759695e-01 1.695493855257168836e-01 4.581247155211652378e-01 3.134956759217114031e-01 5.883022303140646170e-02 0.000000000000000000e+00
2.800000000000000000e+04 1.119968031411937570e-01 1.598771051433773294e-01 4.704142011834319681e-01 3.080336822940373254e-01 6.167501137915339104e-02 0.000000000000000000e+00
2.825000000000000000e+04 1.129967745978115445e-01 1.568047337278106468e-01 4.728038233955393910e-01 3.174783796085571264e-01 5.291306326809285671e-02 0.000000000000000000e+00
2.850000000000000000e+04 1.139967460544293321e-01 1.817250796540737234e-01 4.498179335457441752e-01 3.097405553026854608e-01 5.871643149749658508e-02 0.000000000000000000e+00
2.875000000000000000e+04 1.149967175110471196e-01 1.711424670004551563e-01 4.576695493855257313e-01 3.136094674556212936e-01 5.757851615839781195e-02 0.000000000000000000e+00
2.900000000000000000e+04 1.159966889676649071e-01 1.777423759672280279e-01 4.548247610377788019e-01 3.062130177514792995e-01 6.121984524351388457e-02 0.000000000000000000e+00
2.925000000000000000e+04 1.169966604242829167e-01 1.906008192990441552e-01 4.425352753755120716e-01 3.007510241238051663e-01 6.611288120163859305e-02 0.000000000000000000e+00
2.950000000000000000e+04 1.179966318809007042e-01 1.845698680018206528e-01 4.404870277651342647e-01 3.063268092853891900e-01 6.861629494765589254e-02 0.000000000000000000e+00
2.975000000000000000e+04 1.189966033375184917e-01 1.995903504779244497e-01 4.382111970869367323e-01 3.020027309968138507e-01 6.019572143832498806e-02 0.000000000000000000e+00
3.000000000000000000e+04 1.199965747941362793e-01 2.033454710969503920e-01 4.291078743741465473e-01 3.024578971324533572e-01 6.508875739644970349e-02 0.000000000000000000e+00
3.025000000000000000e+04 1.209965462507540668e-01 2.173418297678652578e-01 4.155666818388711881e-01 2.963131543013199920e-01 7.077833409194356218e-02 0.000000000000000000e+00
3.050000000000000000e+04 1.219965177073718543e-01 2.214383249886208438e-01 4.101046882111971104e-01 2.949476558944014726e-01 7.350933090578061491e-02 0.000000000000000000e+00
3.075000000000000000e+04 1.229964891639896418e-01 2.247382794720072796e-01 4.043013199817933612e-01 2.873236231224396975e-01 8.363677742375967561e-02 0.000000000000000000e+00
3.100000000000000000e+04 1.239964606206074293e-01 2.345243513882567243e-01 3.892808375056895920e-01 2.894856622667273394e-01 8.670914883932635819e-02 0.000000000000000000e+00
3.125000000000000000e+04 1.249964320772252169e-01 2.257624032771961831e-01 4.093081474738279324e-01 2.853891670459717811e-01 7.954028220300408958e-02 0.000000000000000000e+00
3.150000000000000000e+04 1.259964035338430044e-01 2.272416932180245652e-01 3.782430587164314906e-01 2.969959035047792240e-01 9.751934456076467861e-02 0.000000000000000000e+00
3.175000000000000000e+04 1.269963749904607919e-01 2.430587164314974846e-01 3.584433318161128756e-01 2.996131087847064278e-01 9.888484296768319803e-02 0.000000000000000000e+00
3.200000000000000000e+04 1.279963464470785794e-01 2.278106508875739622e-01 3.566226672735548497e-01 3.142922166590805810e-01 1.012744651797906209e-01 0.000000000000000000e+00
3.225000000000000000e+04 1.289963179036963670e-01 2.504551661356395065e-01 3.368229403732362348e-01 3.035958124715520956e-01 1.091260810195721492e-01 0.000000000000000000e+00
3.250000000000000000e+04 1.299962893603141545e-01 2.609239872553482109e-01 3.247610377787892855e-01 2.954028220300409791e-01 1.189121529358215801e-01 0.000000000000000000e+00
3.275000000000000000e+04 1.309962608169319420e-01 2.355484751934456000e-01 3.222576240327719721e-01 3.309057806099225951e-01 1.112881201638598050e-01 0.000000000000000000e+00
3.300000000000000000e+04 1.319962322735499516e-01 2.356622667273554905e-01 3.222576240327719721e-01 3.263541192535275304e-01 1.157259899863450209e-01 0.000000000000000000e+00
3.325000000000000000e+04 1.329962037301677391e-01 2.470414201183432079e-01 3.104233045061447482e-01 3.212335002275830687e-01 1.213017751479289891e-01 0.000000000000000000e+00
3.350000000000000000e+04 1.339961751867855266e-01 2.487482931269913433e-01 3.012061902594446727e-01 3.261265361857078049e-01 1.239189804278561652e-01 0.000000000000000000e+00
3.375000000000000000e+04 1.349961466434033142e-01 2.542102867546654488e-01 2.985889849795175244e-01 3.229403732362312041e-01 1.242603550295857950e-01 0.000000000000000000e+00
3.400000000000000000e+04 1.359961181000211017e-01 2.600136549840691980e-01 2.864132908511606845e-01 3.196404187528447682e-01 1.339326354119253493e-01 0.000000000000000000e+00
3.425000000000000000e+04 1.369960895566388892e-01 2.750341374601729671e-01 2.240555302685480199e-01 3.125853436504323901e-01 1.883249886208466228e-01 0.000000000000000000e+00
3.450000000000000000e+04 1.379960610132566767e-01 2.600136549840691980e-01 2.148384160218479721e-01 3.517296313154301135e-01 1.734182976786527164e-01 0.000000000000000000e+00
3.475000000000000000e+04 1.389960324698744643e-01 2.745789713245334607e-01 1.974283113336367801e-01 3.612881201638598050e-01 1.667045971779699542e-01 0.000000000000000000e+00
3.500000000000000000e+04 1.399960039264922518e-01 2.734410559854346667e-01 2.039144287664997612e-01 3.736913973600364258e-01 1.489531178880291185e-01 0.000000000000000000e+00
3.525000000000000000e+04 1.409959753831100393e-01 2.685480200273099860e-01 1.960628129267182607e-01 3.731224396904870289e-01 1.622667273554847522e-01 0.000000000000000000e+00
3.550000000000000000e+04 1.419959468397278268e-01 2.775375512061902805e-01 1.891215293582157453e-01 3.768775603095129711e-01 1.564633591260810308e-01 0.000000000000000000e+00
3.575000000000000000e+04 1.429959182963456144e-01 2.735548475193445572e-01 1.778561675011379184e-01 3.783568502503413811e-01 1.702321347291761433e-01 0.000000000000000000e+00
3.600000000000000000e+04 1.439958897529634019e-01 2.850477924442421651e-01 1.705735093309057870e-01 3.763086026399635742e-01 1.680700955848884737e-01 0.000000000000000000e+00
3.625000000000000000e+04 1.449958612095811894e-01 2.664997724169321791e-01 1.653390987710514348e-01 3.809740555302685294e-01 1.871870732817478289e-01 0.000000000000000000e+00
3.650000000000000000e+04 1.459958326661989769e-01 2.740100136549840637e-01 1.517979062357760478e-01 3.864360491579426626e-01 1.877560309512972259e-01 0.000000000000000000e+00
3.675000000000000000e+04 1.469958041228169865e-01 2.742375967228038447e-01 1.530496131087847045e-01 3.865498406918525531e-01 1.861629494765589532e-01 0.000000000000000000e+00
3.700000000000000000e+04 1.479957755794347740e-01 2.765134274010013771e-01 1.457669549385525731e-01 3.832498862084661173e-01 1.944697314519799602e-01 0.000000000000000000e+00
3.725000000000000000e+04 1.489957470360525615e-01 2.728720983158853253e-01 1.373463814292216756e-01 3.755120619025944517e-01 2.142694583522985752e-01 0.000000000000000000e+00
3.750000000000000000e+04 1.499957184926703491e-01 2.761720527992717611e-01 1.338188438780154865e-01 3.859808830223031562e-01 2.040282203004096517e-01 0.000000000000000000e+00
3.775000000000000000e+04 1.509956899492881366e-01 2.654756486117432757e-01 1.381429221665907980e-01 4.047564861174328676e-01 1.916249431042330587e-01 0.000000000000000000e+00
3.800000000000000000e+04 1.519956614059059241e-01 2.675238962221210826e-01 1.260810195721438209e-01 3.939462903959945472e-01 2.124487938097405493e-01 0.000000000000000000e+00
3.825000000000000000e+04 1.529956328625237116e-01 2.700273099681383959e-01 1.236913973600364119e-01 3.998634501593081314e-01 2.064178425125170746e-01 0.000000000000000000e+00
3.850000000000000000e+04 1.539956043191414992e-01 2.644515248065543722e-01 1.224396904870277691e-01 4.032771961766044577e-01 2.098315885298133732e-01 0.000000000000000000e+00
3.875000000000000000e+04 1.549955757757592867e-01 2.716203914428766408e-01 1.181156121984524299e-01 4.114701866181156298e-01 1.987938097405552995e-01 0.000000000000000000e+00
3.900000000000000000e+04 1.559955472323770742e-01 2.784478834774692935e-01 1.115157032316795582e-01 4.178425125170687204e-01 1.921939007737824279e-01 0.000000000000000000e+00
3.925000000000000000e+04 1.569955186889948617e-01 2.664997724169321791e-01 1.143604915794264876e-01 4.252389622212107145e-01 1.939007737824305910e-01 0.000000000000000000e+00
3.950000000000000000e+04 1.579954901456126493e-01 2.726445152480655443e-01 1.126536185707783383e-01 4.235320892125625791e-01 1.911697769685935244e-01 0.000000000000000000e+00
3.975000000000000000e+04 1.589954616022304368e-01 2.664997724169321791e-01 1.143604915794264876e-01 4.317250796540737512e-01 1.874146563495675821e-01 0.000000000000000000e+00
4.000000000000000000e+04 1.599954330588482243e-01 2.779927173418297870e-01 1.083295402822029990e-01 4.292216659080564378e-01 1.844560764679107900e-01 0.000000000000000000e+00
4.025000000000000000e+04 1.609954045154660118e-01 2.707100591715976279e-01 1.068502503413746030e-01 4.413973600364132777e-01 1.810423304506144637e-01 0.000000000000000000e+00
4.050000000000000000e+04 1.619953759720837994e-01 2.841374601729631522e-01 1.061675011379153433e-01 4.416249431042330587e-01 1.680700955848884737e-01 0.000000000000000000e+00
4.075000000000000000e+04 1.629953474287018089e-01 2.709376422394174089e-01 1.061675011379153433e-01 4.432180245789713036e-01 1.796768320436959443e-01 0.000000000000000000e+00
4.100000000000000000e+04 1.639953188853195964e-01 2.700273099681383959e-01 9.717796995903504875e-02 4.384387801547565133e-01 1.943559399180700975e-01 0.000000000000000000e+00
4.125000000000000000e+04 1.649952903419373840e-01 2.608101957214383204e-01 1.022985889849795244e-01 4.527765134274009950e-01 1.841147018661811463e-01 0.000000000000000000e+00
4.150000000000000000e+04 1.659952617985551715e-01 2.685480200273099860e-01 1.021847974510696339e-01 4.604005461993627701e-01 1.688666363222576239e-01 0.000000000000000000e+00
4.175000000000000000e+04 1.669952332551729590e-01 2.629722348657259623e-01 9.353664087391898307e-02 4.550523441055985274e-01 1.884387801547564856e-01 0.000000000000000000e+00
4.200000000000000000e+04 1.679952047117907465e-01 2.594446973145198010e-01 8.670914883932635819e-02 4.676832043695949293e-01 1.861629494765589532e-01 0.000000000000000000e+00
4.225000000000000000e+04 1.689951761684085341e-01 2.552344105598543522e-01 8.136094674556212936e-02 4.865725989986344757e-01 1.768320436959490149e-01 0.000000000000000000e+00
4.250000000000000000e+04 1.699951476250263216e-01 2.481793354574419741e-01 8.033682294037323979e-02 4.987482931269913711e-01 1.727355484751934567e-01 0.000000000000000000e+00
4.275000000000000000e+04 1.709951190816441091e-01 2.485207100591715901e-01 8.409194355939918208e-02 5.116067364588074984e-01 1.557806099226217433e-01 0.000000000000000000e+00
4.300000000000000000e+04 1.719950905382618966e-01 2.519344560764679164e-01 8.249886208466089554e-02 5.155894401456531106e-01 1.499772416932180219e-01 0.000000000000000000e+00
4.325000000000000000e+04 1.729950619948796842e-01 2.542102867546654488e-01 8.022303140646336317e-02 5.159308147473827821e-01 1.496358670914884059e-01 0.000000000000000000e+00
4.350000000000000000e+04 1.739950334514974717e-01 2.412380518889394587e-01 8.500227583067819503e-02 5.335685025034136997e-01 1.401911697769686049e-01 0.000000000000000000e+00
4.375000000000000000e+04 1.749950049081152592e-01 2.364588074647246130e-01 8.898497951752389057e-02 5.456304050978607600e-01 1.289258079198907503e-01 0.000000000000000000e+00
4.400000000000000000e+04 1.759949763647330467e-01 2.372553482020937632e-01 8.864360491579426071e-02 5.490441511151570309e-01 1.250568957669549452e-01 0.000000000000000000e+00
4.425000000000000000e+04 1.769949478213508343e-01 2.349795175238962308e-01 8.818843878015475424e-02 5.548475193445607800e-01 1.219845243513882627e-01 0.000000000000000000e+00
4.450000000000000000e+04 1.779949192779688438e-01 2.307692307692307820e-01 8.932635411925353430e-02 5.543923532089212181e-01 1.255120619025944517e-01 0.000000000000000000e+00
4.475000000000000000e+04 1.789948907345866314e-01 2.262175694128356895e-01 9.456076467910787264e-02 5.581474738279471604e-01 1.210741920801092358e-01 0.000000000000000000e+00
4.500000000000000000e+04 1.799948621912044189e-01 2.257624032771961831e-01 9.035047792444242387e-02 5.642922166590805810e-01 1.195949021392808398e-01 0.000000000000000000e+00
4.525000000000000000e+04 1.809948336478222064e-01 2.280382339553937154e-01 9.080564406008193035e-02 5.634956759217114586e-01 1.176604460628129234e-01 0.000000000000000000e+00
4.550000000000000000e+04 1.819948051044399939e-01 2.250796540737369233e-01 9.194355939918069653e-02 5.647473827947200320e-01 1.182294037323623065e-01 0.000000000000000000e+00
4.575000000000000000e+04 1.829947765610577814e-01 2.259899863450159363e-01 9.274010013654984674e-02 5.671370050068275104e-01 1.141329085116067343e-01 0.000000000000000000e+00
4.600000000000000000e+04 1.839947480176755690e-01 2.259899863450159363e-01 9.592626308602640595e-02 5.773782430587164338e-01 1.007055075102412378e-01 0.000000000000000000e+00
4.625000000000000000e+04 1.849947194742933565e-01 2.206417842512516936e-01 9.649522075557578904e-02 5.707783340919435622e-01 1.120846609012289552e-01 0.000000000000000000e+00
4.650000000000000000e+04 1.859946909309111440e-01 2.262175694128356895e-01 9.649522075557578904e-02 5.787437414656350088e-01 9.854346836595356818e-02 0.000000000000000000e+00
4.675000000000000000e+04 1.869946623875289315e-01 2.261037778789257990e-01 9.672280382339554228e-02 5.776058261265362148e-01 9.956759217114247162e-02 0.000000000000000000e+00
4.700000000000000000e+04 1.879946338441467191e-01 2.222348657259899940e-01 9.535730541647700897e-02 5.782885753299954468e-01 1.041192535275375503e-01 0.000000000000000000e+00
4.725000000000000000e+04 1.889946053007645066e-01 2.245106964041875264e-01 9.342284934000910646e-02 5.842057350933090865e-01 9.786071916249430847e-02 0.000000000000000000e+00
4.750000000000000000e+04 1.899945767573822941e-01 2.253072371415566766e-01 9.547109695038688559e-02 5.838643604915794150e-01 9.535730541647700897e-02 0.000000000000000000e+00
4.775000000000000000e+04 1.909945482140000816e-01 2.096040054619936199e-01 1.002503413746017313e-01 5.827264451524806210e-01 1.074192080109239861e-01 0.000000000000000000e+00
4.800000000000000000e+04 1.919945196706178692e-01 2.108557123350022766e-01 9.820209376422393832e-02 5.936504324078288874e-01 9.729176149294492537e-02 0.000000000000000000e+00
4.825000000000000000e+04 1.929944911272356567e-01 2.031178880291306388e-01 9.433318161128811941e-02 6.102639963586709015e-01 9.228493400091032639e-02 0.000000000000000000e+00
4.850000000000000000e+04 1.939944625838536663e-01 1.851388256713700498e-01 9.353664087391898307e-02 6.302913063268092975e-01 9.103322712790168358e-02 0.000000000000000000e+00
4.875000000000000000e+04 1.949944340404714538e-01 1.079881656804733692e-01 1.170914883932635403e-01 7.276968593536641272e-01 4.722348657259899801e-02 0.000000000000000000e+00
4.900000000000000000e+04 1.959944054970892413e-01 7.168866636322257513e-02 1.253982703686845612e-01 7.754893035958124736e-01 2.742375967228038308e-02 0.000000000000000000e+00
4.925000000000000000e+04 1.969943769537070288e-01 6.110605370960400795e-02 1.366636322257624159e-01 7.746927628584433512e-01 2.753755120619025970e-02 0.000000000000000000e+00
4.950000000000000000e+04 1.979943484103248164e-01 5.336822940373236318e-02 1.465634956759217233e-01 7.750341374601729116e-01 2.503413746017296368e-02 0.000000000000000000e+00
4.975000000000000000e+04 1.989943198669426039e-01 5.484751934456076616e-02 1.470186618115612298e-01 7.767410104688211581e-01 2.139280837505689453e-02 0.000000000000000000e+00
5.000000000000000000e+04 1.999942913235603914e-01 4.050978607191624975e-02 1.474738279472007363e-01 7.940373236231224041e-01 1.797906235776058209e-02 0.000000000000000000e+00
5.025000000000000000e+04 2.009942627801781789e-01 3.277196176604460498e-02 1.492944924897587622e-01 8.026854802002730827e-01 1.524806554392353283e-02 0.000000000000000000e+00
5.050000000000000000e+04 2.019942342367959665e-01 3.220300409649522189e-02 1.481565771506599960e-01 8.066681838871188059e-01 1.297223486572599005e-02 0.000000000000000000e+00
5.075000000000000000e+04 2.029942056934137540e-01 2.730996813837050646e-02 1.482703686845698587e-01 8.119025944469731026e-01 1.251706873008648184e-02 0.000000000000000000e+00
5.100000000000000000e+04 2.039941771500315415e-01 2.116522530723714129e-02 1.512289485662266786e-01 8.237369139736003820e-01 3.868912152935821518e-03 0.000000000000000000e+00
5.125000000000000000e+04 2.049941486066493290e-01 1.251706873008648227e-03 1.533909877105143482e-01 8.453573054164770229e-01 0.000000000000000000e+00 0.000000000000000000e+00
5.150000000000000000e+04 2.059941200632671165e-01 2.617205279927173507e-03 1.538461538461538547e-01 8.435366408739189970e-01 0.000000000000000000e+00 0.000000000000000000e+00
5.175000000000000000e+04 2.069940915198849041e-01 0.000000000000000000e+00 1.538461538461538547e-01 8.461538461538461453e-01 0.000000000000000000e+00 0.000000000000000000e+00
5.200000000000000000e+04 2.079940629765026916e-01 9.103322712790168532e-04 1.536185707783341015e-01 8.454710969503869133e-01 0.000000000000000000e+00 0.000000000000000000e+00
5.225000000000000000e+04 2.089940344331207012e-01 0.000000000000000000e+00 1.538461538461538547e-01 8.461538461538461453e-01 0.000000000000000000e+00 0.000000000000000000e+00
5.250000000000000000e+04 2.099940058897384887e-01 7.965407373691396923e-04 1.538461538461538547e-01 8.453573054164770229e-01 0.000000000000000000e+00 0.000000000000000000e+00
5.275000000000000000e+04 2.109939773463562762e-01 3.413746017296313199e-04 1.538461538461538547e-01 8.458124715521164738e-01 0.000000000000000000e+00 0.000000000000000000e+00
5.300000000000000000e+04 2.119939488029740637e-01 1.024123805188893906e-03 1.536185707783341015e-01 8.453573054164770229e-01 0.000000000000000000e+00 0.000000000000000000e+00
5.325000000000000000e+04 2.129939202595918513e-01 0.000000000000000000e+00 1.538461538461538547e-01 8.461538461538461453e-01 0.000000000000000000e+00 0.000000000000000000e+00
5.350000000000000000e+04 2.139938917162096388e-01 6.827492034592626399e-04 1.537323623122439642e-01 8.455848884842968038e-01 0.000000000000000000e+00 0.000000000000000000e+00
5.375000000000000000e+04 2.149938631728274263e-01 7.965407373691396923e-04 1.535047792444242110e-01 8.456986800182066943e-01 0.000000000000000000e+00 0.000000000000000000e+00
5.400000000000000000e+04 2.159938346294452138e-01 1.137915339098771066e-04 1.538461538461538547e-01 8.460400546199362548e-01 0.000000000000000000e+00 0.000000000000000000e+00
5.425000000000000000e+04 2.169938060860630014e-01 4.551661356395084266e-04 1.538461538461538547e-01 8.456986800182066943e-01 0.000000000000000000e+00 0.000000000000000000e+00
5.450000000000000000e+04 2.179937775426807889e-01 2.275830678197542133e-04 1.536185707783341015e-01 8.461538461538461453e-01 0.000000000000000000e+00 0.000000000000000000e+00
5.475000000000000000e+04 2.189937489992985764e-01 0.000000000000000000e+00 1.538461538461538547e-01 8.461538461538461453e-01 0.000000000000000000e+00 0.000000000000000000e+00
5.500000000000000000e+04 2.199937204559163639e-01 4.551661356395084266e-04 1.538461538461538547e-01 8.456986800182066943e-01 0.000000000000000000e+00 0.000000000000000000e+00
5.525000000000000000e+04 2.209936919125341515e-01 4.551661356395084266e-04 1.536185707783341015e-01 8.459262630860263643e-01 0.000000000000000000e+00 0.000000000000000000e+00
5.550000000000000000e+04 2.219936633691519390e-01 0.000000000000000000e+00 1.538461538461538547e-01 8.461538461538461453e-01 0.000000000000000000e+00 0.000000000000000000e+00
5.575000000000000000e+04 2.229936348257697265e-01 6.827492034592626399e-04 1.535047792444242110e-01 8.458124715521164738e-01 0.000000000000000000e+00 0.000000000000000000e+00
5.600000000000000000e+04 2.239936062823875140e-01 4.551661356395084266e-04 1.538461538461538547e-01 8.456986800182066943e-01 0.000000000000000000e+00 0.000000000000000000e+00
5.625000000000000000e+04 2.249935777390055236e-01 3.413746017296313199e-04 1.538461538461538547e-01 8.458124715521164738e-01 0.000000000000000000e+00 0.000000000000000000e+00
5.650000000000000000e+04 2.259935491956233111e-01 6.827492034592626399e-04 1.538461538461538547e-01 8.454710969503869133e-01 0.000000000000000000e+00 0.000000000000000000e+00
5.675000000000000000e+04 2.269935206522410986e-01 0.000000000000000000e+00 1.538461538461538547e-01 8.461538461538461453e-01 0.000000000000000000e+00 0.000000000000000000e+00
