# itime ezz other fcc hcp bcc ico
0.000000000000000000e+00 0.000000000000000000e+00 0.000000000000000000e+00 1.000000000000000000e+00 0.000000000000000000e+00 0.000000000000000000e+00 0.000000000000000000e+00
4.000000000000000000e+04 9.999986704345875665e-03 0.000000000000000000e+00 1.000000000000000000e+00 0.000000000000000000e+00 0.000000000000000000e+00 0.000000000000000000e+00
8.000000000000000000e+04 1.999997340869197338e-02 0.000000000000000000e+00 1.000000000000000000e+00 0.000000000000000000e+00 0.000000000000000000e+00 0.000000000000000000e+00
1.200000000000000000e+05 2.999996011303784904e-02 0.000000000000000000e+00 1.000000000000000000e+00 0.000000000000000000e+00 0.000000000000000000e+00 0.000000000000000000e+00
1.600000000000000000e+05 3.999994681738394675e-02 0.000000000000000000e+00 1.000000000000000000e+00 0.000000000000000000e+00 0.000000000000000000e+00 0.000000000000000000e+00
2.000000000000000000e+05 4.999993352172982242e-02 0.000000000000000000e+00 1.000000000000000000e+00 0.000000000000000000e+00 0.000000000000000000e+00 0.000000000000000000e+00
2.400000000000000000e+05 5.999992022607592013e-02 0.000000000000000000e+00 1.000000000000000000e+00 0.000000000000000000e+00 0.000000000000000000e+00 0.000000000000000000e+00
2.800000000000000000e+05 6.999990693042179579e-02 4.551661356395084266e-04 9.995448338643604380e-01 0.000000000000000000e+00 0.000000000000000000e+00 0.000000000000000000e+00
3.200000000000000000e+05 7.999989363476789350e-02 0.000000000000000000e+00 1.000000000000000000e+00 0.000000000000000000e+00 0.000000000000000000e+00 0.000000000000000000e+00
3.600000000000000000e+05 8.999988033911376917e-02 1.365498406918525280e-03 9.985207100591716456e-01 0.000000000000000000e+00 1.137915339098771066e-04 0.000000000000000000e+00
4.000000000000000000e+05 9.999986704345986688e-02 3.299954483386436255e-03 9.965862539827037292e-01 0.000000000000000000e+00 1.137915339098771066e-04 0.000000000000000000e+00
4.400000000000000000e+05 1.099998537478057425e-01 5.826126536185707860e-02 7.061902594446972659e-01 2.348657259899863403e-01 6.827492034592626399e-04 0.000000000000000000e+00
4.800000000000000000e+05 1.199998404521518403e-01 5.837505689576695522e-02 7.092626308602639762e-01 2.314519799726900418e-01 9.103322712790168532e-04 0.000000000000000000e+00
5.200000000000000000e+05 1.299998271564977159e-01 1.030951297223486607e-01 6.817250796540736957e-01 2.084660901228948537e-01 6.713700500682749130e-03 0.000000000000000000e+00
5.600000000000000000e+05 1.399998138608438136e-01 1.058261265361857134e-01 6.779699590350477534e-01 2.060764679107874309e-01 1.012744651797906244e-02 0.000000000000000000e+00
6.000000000000000000e+05 1.499998005651896893e-01 9.706417842512517213e-02 6.900318616294948137e-01 2.059626763768775681e-01 6.941283568502503235e-03 0.000000000000000000e+00
6.400000000000000000e+05 1.599997872695357870e-01 1.075329995448338627e-01 6.869594902139281034e-01 1.982248520710059303e-01 7.282658170232134826e-03 0.000000000000000000e+00
6.800000000000000000e+05 1.699997739738816627e-01 1.532771961766044577e-01 6.995903504779243942e-01 1.398497951752389612e-01 7.168866636322257339e-03 1.137915339098771066e-04
7.200000000000000000e+05 1.799997606782277604e-01 1.512289485662266786e-01 6.997041420118342847e-01 1.421256258534364936e-01 6.941283568502503235e-03 0.000000000000000000e+00
7.600000000000000000e+05 1.899997473825736360e-01 1.490669094219390090e-01 6.992489758761948337e-01 1.454255803368229294e-01 6.258534365043240920e-03 0.000000000000000000e+00
8.000000000000000000e+05 1.999997340869197338e-01 1.562357760582612776e-01 6.833181611288120516e-01 1.552116522530723741e-01 5.234410559854347014e-03 0.000000000000000000e+00
8.400000000000000000e+05 2.099997207912656094e-01 1.535047792444242110e-01 6.861629494765589810e-01 1.552116522530723741e-01 5.120619025944469528e-03 0.000000000000000000e+00
8.800000000000000000e+05 2.199997074956117071e-01 1.259672280382339582e-01 7.104005461993627701e-01 1.599908966772872199e-01 3.641329085116067413e-03 0.000000000000000000e+00
9.200000000000000000e+05 2.299996941999575828e-01 1.259672280382339582e-01 7.114246700045516736e-01 1.581702321347291662e-01 4.437869822485207214e-03 0.000000000000000000e+00
9.600000000000000000e+05 2.399996809043036805e-01 1.079881656804733692e-01 7.437414656349567998e-01 1.462221210741920796e-01 2.048247610377787811e-03 0.000000000000000000e+00
1.000000000000000000e+06 2.499996676086495562e-01 1.037778789258079204e-01 7.477241693218024121e-01 1.466772872098315861e-01 1.820664542558033706e-03 0.000000000000000000e+00
1.040000000000000000e+06 2.599996543129956539e-01 1.049157942649066866e-01 7.427173418297678964e-01 1.517979062357760478e-01 5.689576695493854790e-04 0.000000000000000000e+00
1.080000000000000000e+06 2.699996410173415295e-01 1.070778334091943562e-01 7.358898497951752438e-01 1.558944014565316338e-01 1.137915339098770958e-03 0.000000000000000000e+00
1.120000000000000000e+06 2.799996277216876273e-01 1.077605826126536159e-01 7.348657259899863403e-01 1.557806099226217433e-01 1.593081474738279385e-03 0.000000000000000000e+00
1.160000000000000000e+06 2.899996144260335029e-01 1.124260355029585851e-01 7.398725534820209671e-01 1.450842057350933134e-01 2.617205279927173507e-03 0.000000000000000000e+00
1.200000000000000000e+06 2.999996011303796006e-01 1.150432407828857473e-01 7.385070550751023921e-01 1.445152480655439164e-01 1.934456076467910759e-03 0.000000000000000000e+00
1.240000000000000000e+06 3.099995878347254763e-01 1.185707783340919502e-01 7.132453345471096995e-01 1.611288120163859861e-01 7.055075102412380721e-03 0.000000000000000000e+00
1.280000000000000000e+06 3.199995745390715740e-01 1.083295402822029990e-01 7.432862994993172379e-01 1.439462903959945472e-01 4.437869822485207214e-03 0.000000000000000000e+00
1.320000000000000000e+06 3.299995612434174497e-01 1.103777878925807920e-01 7.393035958124715146e-01 1.461083295402822169e-01 4.210286754665453109e-03 0.000000000000000000e+00
1.360000000000000000e+06 3.399995479477635474e-01 1.144742831133363642e-01 7.337278106508875464e-01 1.475876194811105990e-01 4.210286754665453109e-03 0.000000000000000000e+00
1.400000000000000000e+06 3.499995346521094230e-01 1.249431042330450548e-01 6.916249431042330587e-01 1.808147473827947105e-01 2.617205279927173507e-03 0.000000000000000000e+00
1.440000000000000000e+06 3.599995213564555208e-01 1.356395084205735124e-01 6.727355484751934567e-01 1.890077378243058825e-01 2.617205279927173507e-03 0.000000000000000000e+00
1.480000000000000000e+06 3.699995080608013964e-01 1.498634501593081592e-01 6.492944924897587899e-01 1.969731451979972736e-01 3.868912152935821518e-03 0.000000000000000000e+00
1.520000000000000000e+06 3.799994947651474941e-01 1.499772416932180219e-01 6.591943559399180419e-01 1.884387801547564856e-01 2.389622212107419402e-03 0.000000000000000000e+00
1.560000000000000000e+06 3.899994814694931478e-01 1.507737824305871721e-01 6.613563950842057393e-01 1.843422849340008995e-01 3.527537551206190360e-03 0.000000000000000000e+00
1.600000000000000000e+06 3.999994681738394675e-01 1.521392808375056915e-01 6.673873463814292695e-01 1.761492944924897552e-01 4.324078288575329727e-03 0.000000000000000000e+00
1.640000000000000000e+06 4.099994548781855652e-01 1.537323623122439642e-01 6.583978152025489194e-01 1.841147018661811463e-01 3.755120619025944465e-03 0.000000000000000000e+00
1.680000000000000000e+06 4.199994415825314409e-01 1.557806099226217433e-01 6.568047337278106745e-01 1.826354119253527641e-01 4.779244424214838804e-03 0.000000000000000000e+00
1.720000000000000000e+06 4.299994282868770945e-01 1.515703231679562946e-01 6.842284934000910646e-01 1.560081929904415243e-01 8.192990441511151245e-03 0.000000000000000000e+00
1.760000000000000000e+06 4.399994149912234143e-01 1.527082385070550885e-01 6.819526627218934767e-01 1.583978152025489194e-01 6.941283568502503235e-03 0.000000000000000000e+00
1.800000000000000000e+06 4.499994016955695120e-01 1.521392808375056915e-01 6.780837505689576439e-01 1.631770596267637652e-01 6.599908966772872511e-03 0.000000000000000000e+00
1.840000000000000000e+06 4.599993883999153876e-01 1.533909877105143482e-01 6.736458807464724696e-01 1.667045971779699542e-01 6.258534365043240920e-03 0.000000000000000000e+00
1.880000000000000000e+06 4.699993751042610413e-01 1.566909421939007840e-01 6.960628129267182329e-01 1.433773327264451503e-01 3.868912152935821518e-03 0.000000000000000000e+00
1.920000000000000000e+06 4.799993618086073610e-01 1.589667728720983164e-01 6.885525716886663483e-01 1.475876194811105990e-01 4.893035958124715423e-03 0.000000000000000000e+00
1.960000000000000000e+06 4.899993485129534587e-01 1.515703231679562946e-01 6.822940373236231482e-01 1.637460172963131622e-01 2.389622212107419402e-03 0.000000000000000000e+00
2.000000000000000000e+06 4.999993352172993344e-01 1.326809285389166926e-01 7.094902139280837572e-01 1.549840691852526209e-01 2.844788347746927612e-03 0.000000000000000000e+00
2.040000000000000000e+06 5.099993219216449880e-01 1.309740555302685572e-01 7.167728720983158608e-01 1.494082840236686527e-01 2.844788347746927612e-03 0.000000000000000000e+00
2.080000000000000000e+06 5.199993086259910857e-01 1.300637232589895442e-01 7.184797451069639962e-01 1.498634501593081592e-01 1.593081474738279385e-03 0.000000000000000000e+00
2.120000000000000000e+06 5.299992953303374055e-01 1.348429676832043622e-01 7.174556213017750927e-01 1.457669549385525731e-01 1.934456076467910759e-03 0.000000000000000000e+00
2.160000000000000000e+06 5.399992820346830591e-01 1.374601729631315383e-01 7.115384615384615641e-01 1.487255348202093652e-01 2.275830678197541916e-03 0.000000000000000000e+00
2.200000000000000000e+06 5.499992687390289348e-01 1.467910787437414766e-01 7.083522985889849632e-01 1.421256258534364936e-01 2.730996813837050560e-03 0.000000000000000000e+00
2.240000000000000000e+06 5.599992554433750325e-01 1.437187073281747940e-01 7.056213017751479244e-01 1.490669094219390090e-01 1.593081474738279385e-03 0.000000000000000000e+00
2.280000000000000000e+06 5.699992421477213522e-01 1.499772416932180219e-01 7.067592171142467183e-01 1.407601274465179741e-01 2.503413746017296455e-03 0.000000000000000000e+00
2.320000000000000000e+06 5.799992288520670058e-01 1.513427401001365413e-01 7.083522985889849632e-01 1.378015475648611821e-01 2.503413746017296455e-03 0.000000000000000000e+00
2.360000000000000000e+06 5.899992155564133256e-01 1.516841147018661851e-01 7.077833409194356218e-01 1.383705052344105513e-01 2.162039144287664864e-03 0.000000000000000000e+00
2.400000000000000000e+06 5.999992022607589792e-01 1.492944924897587622e-01 7.121074192080109055e-01 1.354119253527537592e-01 3.186162949476558769e-03 0.000000000000000000e+00
2.440000000000000000e+06 6.099991889651052990e-01 1.778561675011379184e-01 6.652253072371415721e-01 1.494082840236686527e-01 7.510241238051888930e-03 0.000000000000000000e+00
2.480000000000000000e+06 6.199991756694509526e-01 1.706873008648156498e-01 6.736458807464724696e-01 1.515703231679562946e-01 4.096495220755575623e-03 0.000000000000000000e+00
2.520000000000000000e+06 6.299991623737972724e-01 1.679563040509786109e-01 6.737596722803823601e-01 1.514565316340464318e-01 6.827492034592626616e-03 0.000000000000000000e+00
2.560000000000000000e+06 6.399991490781429260e-01 1.779699590350477811e-01 6.722803823395538947e-01 1.461083295402822169e-01 3.641329085116067413e-03 0.000000000000000000e+00
2.600000000000000000e+06 6.499991357824892457e-01 1.444014565316340537e-01 7.256486117432863203e-01 1.265361857077833274e-01 3.413746017296313308e-03 0.000000000000000000e+00
2.640000000000000000e+06 6.599991224868348993e-01 1.423532089212562468e-01 7.328174783796085334e-01 1.233500227583067821e-01 1.479289940828402332e-03 0.000000000000000000e+00
2.680000000000000000e+06 6.699991091911812191e-01 1.387118798361401950e-01 7.342967683204369989e-01 1.248293126991351781e-01 2.162039144287664864e-03 0.000000000000000000e+00
2.720000000000000000e+06 6.799990958955268727e-01 1.379153390987710448e-01 7.332726445152480954e-01 1.260810195721438209e-01 2.730996813837050560e-03 0.000000000000000000e+00
2.760000000000000000e+06 6.899990825998731925e-01 1.364360491579426626e-01 7.319071461083295205e-01 1.274465179790623681e-01 4.210286754665453109e-03 0.000000000000000000e+00
2.800000000000000000e+06 6.999990693042188461e-01 1.384842967683204418e-01 7.275830678197542367e-01 1.285844333181611343e-01 5.348202093764223633e-03 0.000000000000000000e+00
2.840000000000000000e+06 7.099990560085647218e-01 1.531634046426945950e-01 6.721665908056441152e-01 1.727355484751934567e-01 1.934456076467910759e-03 0.000000000000000000e+00
2.880000000000000000e+06 7.199990427129108195e-01 1.610150204824760956e-01 6.383705052344105235e-01 1.976558944014565333e-01 2.958579881656804664e-03 0.000000000000000000e+00
2.920000000000000000e+06 7.299990294172569172e-01 1.527082385070550885e-01 6.860491579426490905e-01 1.557806099226217433e-01 5.461993627674101119e-03 0.000000000000000000e+00
2.960000000000000000e+06 7.399990161216027929e-01 1.537323623122439642e-01 6.859353664087392000e-01 1.531634046426945950e-01 7.168866636322257339e-03 0.000000000000000000e+00
3.000000000000000000e+06 7.499990028259486685e-01 1.539599453800637174e-01 6.863905325443786509e-01 1.527082385070550885e-01 6.941283568502503235e-03 0.000000000000000000e+00
3.040000000000000000e+06 7.599989895302947662e-01 1.539599453800637174e-01 6.919663177059627301e-01 1.473600364132908458e-01 6.713700500682749130e-03 0.000000000000000000e+00
3.080000000000000000e+06 7.699989762346408639e-01 1.549840691852526209e-01 6.900318616294948137e-01 1.482703686845698587e-01 6.713700500682749130e-03 0.000000000000000000e+00
3.120000000000000000e+06 7.799989629389867396e-01 1.609012289485662328e-01 6.830905780609922706e-01 1.495220755575785154e-01 6.486117432862995025e-03 0.000000000000000000e+00
3.160000000000000000e+06 7.899989496433326153e-01 1.628356850250341492e-01 6.576012744651797970e-01 1.720527992717341692e-01 7.510241238051888930e-03 0.000000000000000000e+00
3.200000000000000000e+06 7.999989363476787130e-01 1.968593536640873831e-01 5.839781520254893055e-01 2.174556213017751483e-01 1.706873008648156654e-03 0.000000000000000000e+00
3.240000000000000000e+06 8.099989230520248107e-01 1.962903959945380139e-01 5.851160673645880994e-01 2.160901228948566288e-01 2.503413746017296455e-03 0.000000000000000000e+00
3.280000000000000000e+06 8.199989097563706864e-01 1.953800637232590010e-01 5.844333181611288675e-01 2.180245789713245452e-01 2.162039144287664864e-03 0.000000000000000000e+00
3.320000000000000000e+06 8.299988964607165620e-01 1.961766044606281234e-01 5.832954028220300735e-01 2.181383705052344080e-01 2.389622212107419402e-03 0.000000000000000000e+00
3.360000000000000000e+06 8.399988831650626597e-01 1.959490213928083702e-01 5.875056895766954668e-01 2.143832498862084657e-01 2.162039144287664864e-03 0.000000000000000000e+00
3.400000000000000000e+06 8.499988698694087574e-01 1.832043695949021334e-01 6.218707328174783999e-01 1.886663632225762388e-01 6.258534365043240920e-03 0.000000000000000000e+00
3.440000000000000000e+06 8.599988565737546331e-01 1.879836140191169791e-01 6.141329085116067343e-01 1.927628584433318248e-01 5.120619025944469528e-03 0.000000000000000000e+00
3.480000000000000000e+06 8.699988432781005088e-01 1.948111060537096040e-01 6.054847519344560558e-01 1.916249431042330587e-01 8.079198907601274626e-03 0.000000000000000000e+00
3.520000000000000000e+06 8.799988299824466065e-01 1.704597177969958965e-01 6.802457897132453413e-01 1.471324533454710926e-01 2.162039144287664864e-03 0.000000000000000000e+00
3.560000000000000000e+06 8.899988166867927042e-01 1.727355484751934567e-01 6.696631770596267463e-01 1.552116522530723741e-01 2.389622212107419402e-03 0.000000000000000000e+00
3.600000000000000000e+06 8.999988033911385799e-01 1.770596267637687682e-01 6.543013199817933057e-01 1.659080564406008318e-01 2.730996813837050560e-03 0.000000000000000000e+00
3.640000000000000000e+06 9.099987900954844555e-01 1.799044151115156975e-01 6.444014565316340537e-01 1.735320892125625791e-01 2.162039144287664864e-03 0.000000000000000000e+00
3.680000000000000000e+06 9.199987767998305532e-01 1.832043695949021334e-01 6.309740555302685294e-01 1.832043695949021334e-01 2.617205279927173507e-03 0.000000000000000000e+00
3.720000000000000000e+06 9.299987635041766509e-01 1.849112426035502965e-01 5.978607191624942807e-01 2.137005006827492060e-01 3.527537551206190360e-03 0.000000000000000000e+00
3.760000000000000000e+06 9.399987502085225266e-01 1.866181156121984597e-01 5.946745562130177909e-01 2.147246244879381094e-01 3.982703686845699004e-03 0.000000000000000000e+00
3.800000000000000000e+06 9.499987369128684023e-01 1.911697769685935244e-01 5.878470641784251383e-01 2.165452890304961353e-01 4.437869822485207214e-03 0.000000000000000000e+00
3.840000000000000000e+06 9.599987236172145000e-01 2.012972234865725851e-01 5.796540737369140217e-01 2.088074647246244975e-01 1.024123805188893906e-02 0.000000000000000000e+00
3.880000000000000000e+06 9.699987103215605977e-01 2.050523441055985552e-01 5.851160673645880994e-01 2.017523896222121194e-01 8.079198907601274626e-03 0.000000000000000000e+00
3.920000000000000000e+06 9.799986970259064734e-01 1.400773782430587144e-01 7.498862084660901095e-01 1.074192080109239861e-01 2.617205279927173507e-03 0.000000000000000000e+00
3.960000000000000000e+06 9.899986837302523490e-01 1.393946290395994547e-01 7.515930814747382449e-01 1.075329995448338627e-01 1.479289940828402332e-03 0.000000000000000000e+00
4.000000000000000000e+06 9.999986704345984467e-01 1.379153390987710448e-01 7.517068730086481354e-01 1.082157487482931224e-01 2.162039144287664864e-03 0.000000000000000000e+00
