# itime ezz other fcc hcp bcc ico
0.000000000000000000e+00 0.000000000000000000e+00 9.103322712790168532e-04 9.990896677287209870e-01 0.000000000000000000e+00 0.000000000000000000e+00 0.000000000000000000e+00
3.000000000000000000e+00 1.199996855981710908e-03 6.827492034592626399e-04 9.993172507965407680e-01 0.000000000000000000e+00 0.000000000000000000e+00 0.000000000000000000e+00
6.000000000000000000e+00 2.399993711963199772e-03 1.137915339098771066e-04 9.998862084660901095e-01 0.000000000000000000e+00 0.000000000000000000e+00 0.000000000000000000e+00
9.000000000000000000e+00 3.599990567944910680e-03 9.103322712790168532e-04 9.990896677287209870e-01 0.000000000000000000e+00 0.000000000000000000e+00 0.000000000000000000e+00
1.200000000000000000e+01 4.799987423926399543e-03 7.965407373691396923e-04 9.992034592626308775e-01 0.000000000000000000e+00 0.000000000000000000e+00 0.000000000000000000e+00
1.500000000000000000e+01 5.999984279908110452e-03 3.413746017296313199e-04 9.996586253982703285e-01 0.000000000000000000e+00 0.000000000000000000e+00 0.000000000000000000e+00
1.800000000000000000e+01 7.199981135889821360e-03 5.689576695493854790e-04 9.994310423304506585e-01 0.000000000000000000e+00 0.000000000000000000e+00 0.000000000000000000e+00
2.100000000000000000e+01 8.399977991871310223e-03 3.413746017296313199e-04 9.996586253982703285e-01 0.000000000000000000e+00 0.000000000000000000e+00 0.000000000000000000e+00
2.400000000000000000e+01 9.599974847853021132e-03 1.251706873008648227e-03 9.987482931269913156e-01 0.000000000000000000e+00 0.000000000000000000e+00 0.000000000000000000e+00
2.700000000000000000e+01 1.079997170383451000e-02 9.103322712790168532e-04 9.990896677287209870e-01 0.000000000000000000e+00 0.000000000000000000e+00 0.000000000000000000e+00
3.000000000000000000e+01 1.199996855981622090e-02 1.137915339098770958e-03 9.988620846609012061e-01 0.000000000000000000e+00 0.000000000000000000e+00 0.000000000000000000e+00
3.300000000000000000e+01 1.319996541579793181e-02 1.706873008648156654e-03 9.981793354574419741e-01 0.000000000000000000e+00 1.137915339098771066e-04 0.000000000000000000e+00
3.600000000000000000e+01 1.439996227177942067e-02 2.048247610377787811e-03 9.978379608557123026e-01 0.000000000000000000e+00 1.137915339098771066e-04 0.000000000000000000e+00
3.900000000000000000e+01 1.559995912776113158e-02 2.048247610377787811e-03 9.978379608557123026e-01 0.000000000000000000e+00 1.137915339098771066e-04 0.000000000000000000e+00
4.200000000000000000e+01 1.679995598374262045e-02 1.706873008648156654e-03 9.982931269913518646e-01 0.000000000000000000e+00 0.000000000000000000e+00 0.000000000000000000e+00
4.500000000000000000e+01 1.799995283972433135e-02 2.503413746017296455e-03 9.974965862539827421e-01 0.000000000000000000e+00 0.000000000000000000e+00 0.000000000000000000e+00
4.800000000000000000e+01 1.919994969570604226e-02 2.958579881656804664e-03 9.970414201183431802e-01 0.000000000000000000e+00 0.000000000000000000e+00 0.000000000000000000e+00
5.100000000000000000e+01 2.039994655168753113e-02 2.275830678197541916e-03 9.976103777878926326e-01 0.000000000000000000e+00 1.137915339098771066e-04 0.000000000000000000e+00
5.400000000000000000e+01 2.159994340766924203e-02 2.162039144287664864e-03 9.977241693218024121e-01 0.000000000000000000e+00 1.137915339098771066e-04 0.000000000000000000e+00
5.700000000000000000e+01 2.279994026365073090e-02 2.048247610377787811e-03 9.979517523896221931e-01 0.000000000000000000e+00 0.000000000000000000e+00 0.000000000000000000e+00
6.000000000000000000e+01 2.399993711963244181e-02 1.365498406918525280e-03 9.986345015930814251e-01 0.000000000000000000e+00 0.000000000000000000e+00 0.000000000000000000e+00
6.300000000000000000e+01 2.519993397561415271e-02 1.820664542558033706e-03 9.981793354574419741e-01 0.000000000000000000e+00 0.000000000000000000e+00 0.000000000000000000e+00
6.600000000000000000e+01 2.639993083159564158e-02 9.103322712790168532e-04 9.990896677287209870e-01 0.000000000000000000e+00 0.000000000000000000e+00 0.000000000000000000e+00
6.900000000000000000e+01 2.759992768757735249e-02 1.820664542558033706e-03 9.981793354574419741e-01 0.000000000000000000e+00 0.000000000000000000e+00 0.000000000000000000e+00
7.200000000000000000e+01 2.879992454355884135e-02 2.730996813837050560e-03 9.972690031861629611e-01 0.000000000000000000e+00 0.000000000000000000e+00 0.000000000000000000e+00
7.500000000000000000e+01 2.999992139954055226e-02 2.844788347746927612e-03 9.971552116522530707e-01 0.000000000000000000e+00 0.000000000000000000e+00 0.000000000000000000e+00
7.800000000000000000e+01 3.119991825552226317e-02 2.275830678197541916e-03 9.974965862539827421e-01 0.000000000000000000e+00 2.275830678197542133e-04 0.000000000000000000e+00
8.100000000000000000e+01 3.239991511150375203e-02 2.844788347746927612e-03 9.969276285844332897e-01 0.000000000000000000e+00 2.275830678197542133e-04 0.000000000000000000e+00
8.400000000000000000e+01 3.359991196748546294e-02 4.324078288575329727e-03 9.954483386436049352e-01 0.000000000000000000e+00 2.275830678197542133e-04 0.000000000000000000e+00
8.700000000000000000e+01 3.479990882346695180e-02 4.437869822485207214e-03 9.953345471096950448e-01 0.000000000000000000e+00 2.275830678197542133e-04 0.000000000000000000e+00
9.000000000000000000e+01 3.599990567944866271e-02 5.461993627674101119e-03 9.944242148384160318e-01 0.000000000000000000e+00 1.137915339098771066e-04 0.000000000000000000e+00
9.300000000000000000e+01 3.719990253543015157e-02 4.437869822485207214e-03 9.953345471096950448e-01 0.000000000000000000e+00 2.275830678197542133e-04 0.000000000000000000e+00
9.600000000000000000e+01 3.839989939141186248e-02 5.917159763313609329e-03 9.939690487027764698e-01 0.000000000000000000e+00 1.137915339098771066e-04 0.000000000000000000e+00
9.900000000000000000e+01 3.959989624739357339e-02 7.737824305871643035e-03 9.922621756941283344e-01 0.000000000000000000e+00 0.000000000000000000e+00 0.000000000000000000e+00
1.020000000000000000e+02 4.079989310337506225e-02 8.648156577150659455e-03 9.912380518889394310e-01 0.000000000000000000e+00 1.137915339098771066e-04 0.000000000000000000e+00
1.050000000000000000e+02 4.199988995935677316e-02 7.510241238051888930e-03 9.923759672280382249e-01 0.000000000000000000e+00 1.137915339098771066e-04 0.000000000000000000e+00
1.080000000000000000e+02 4.319988681533826202e-02 8.420573509330906217e-03 9.912380518889394310e-01 0.000000000000000000e+00 3.413746017296313199e-04 0.000000000000000000e+00
1.110000000000000000e+02 4.439988367131997293e-02 7.965407373691398007e-03 9.916932180245789930e-01 0.000000000000000000e+00 3.413746017296313199e-04 0.000000000000000000e+00
1.140000000000000000e+02 4.559988052730168384e-02 7.168866636322257339e-03 9.926035502958580059e-01 0.000000000000000000e+00 2.275830678197542133e-04 0.000000000000000000e+00
1.170000000000000000e+02 4.679987738328317270e-02 6.941283568502503235e-03 9.929449248975875664e-01 0.000000000000000000e+00 1.137915339098771066e-04 0.000000000000000000e+00
1.200000000000000000e+02 4.799987423926488361e-02 7.396449704142011444e-03 9.926035502958580059e-01 0.000000000000000000e+00 0.000000000000000000e+00 0.000000000000000000e+00
1.230000000000000000e+02 4.919987109524637248e-02 9.217114246700046018e-03 9.905553026854801990e-01 0.000000000000000000e+00 2.275830678197542133e-04 0.000000000000000000e+00
1.260000000000000000e+02 5.039986795122808338e-02 8.989531178880291046e-03 9.905553026854801990e-01 0.000000000000000000e+00 4.551661356395084266e-04 0.000000000000000000e+00
1.290000000000000000e+02 5.159986480720979429e-02 9.672280382339554228e-03 9.896449704142011861e-01 0.000000000000000000e+00 6.827492034592626399e-04 0.000000000000000000e+00
1.320000000000000000e+02 5.279986166319128316e-02 1.103777878925807886e-02 9.885070550751023921e-01 0.000000000000000000e+00 4.551661356395084266e-04 0.000000000000000000e+00
1.350000000000000000e+02 5.399985851917299406e-02 1.285844333181611343e-02 9.866863905325443662e-01 0.000000000000000000e+00 4.551661356395084266e-04 0.000000000000000000e+00
1.380000000000000000e+02 5.519985537515448293e-02 1.456531634046426965e-02 9.848657259899863403e-01 0.000000000000000000e+00 5.689576695493854790e-04 0.000000000000000000e+00
1.410000000000000000e+02 5.639985223113619384e-02 1.752389622212107562e-02 9.822485207100591920e-01 0.000000000000000000e+00 2.275830678197542133e-04 0.000000000000000000e+00
1.440000000000000000e+02 5.759984908711790474e-02 2.014110150204824826e-02 9.792899408284023721e-01 0.000000000000000000e+00 5.689576695493854790e-04 0.000000000000000000e+00
1.470000000000000000e+02 5.879984594309939361e-02 2.218934911242603433e-02 9.772416932180245652e-01 0.000000000000000000e+00 5.689576695493854790e-04 0.000000000000000000e+00
1.500000000000000000e+02 5.999984279908110452e-02 2.230314064633591095e-02 9.769003186162948937e-01 0.000000000000000000e+00 7.965407373691396923e-04 0.000000000000000000e+00
1.530000000000000000e+02 6.119983965506259338e-02 1.888939462903959851e-02 9.800864815657714946e-01 0.000000000000000000e+00 1.024123805188893906e-03 0.000000000000000000e+00
1.560000000000000000e+02 6.239983651104430429e-02 2.116522530723714129e-02 9.773554847519344557e-01 0.000000000000000000e+00 1.479289940828402332e-03 0.000000000000000000e+00
1.590000000000000000e+02 6.359983336702601520e-02 2.548930359581247015e-02 9.730314064633591720e-01 0.000000000000000000e+00 1.479289940828402332e-03 0.000000000000000000e+00
1.620000000000000000e+02 6.479983022300750406e-02 2.787892580791988956e-02 9.709831588529813651e-01 0.000000000000000000e+00 1.137915339098770958e-03 0.000000000000000000e+00
1.650000000000000000e+02 6.599982707898921497e-02 2.765134274010013632e-02 9.710969503868912556e-01 0.000000000000000000e+00 1.251706873008648227e-03 0.000000000000000000e+00
1.680000000000000000e+02 6.719982393497070383e-02 2.651342740100136666e-02 9.722348657259899385e-01 0.000000000000000000e+00 1.251706873008648227e-03 0.000000000000000000e+00
1.710000000000000000e+02 6.839982079095241474e-02 3.026854802002730896e-02 9.682521620391443262e-01 0.000000000000000000e+00 1.479289940828402332e-03 0.000000000000000000e+00
1.740000000000000000e+02 6.959981764693412565e-02 3.493400091033227461e-02 9.642694583522986029e-01 0.000000000000000000e+00 7.965407373691396923e-04 0.000000000000000000e+00
1.770000000000000000e+02 7.079981450291561451e-02 3.459262630860263782e-02 9.640418752844788219e-01 0.000000000000000000e+00 1.365498406918525280e-03 0.000000000000000000e+00
1.800000000000000000e+02 7.199981135889732542e-02 3.607191624943104080e-02 9.634729176149294805e-01 0.000000000000000000e+00 4.551661356395084266e-04 0.000000000000000000e+00
1.830000000000000000e+02 7.319980821487881428e-02 3.743741465634956717e-02 9.621074192080109055e-01 0.000000000000000000e+00 4.551661356395084266e-04 0.000000000000000000e+00
1.860000000000000000e+02 7.439980507086052519e-02 3.994082840236686666e-02 9.591488393263540857e-01 0.000000000000000000e+00 9.103322712790168532e-04 0.000000000000000000e+00
1.890000000000000000e+02 7.559980192684223610e-02 4.346836595357305572e-02 9.553937187073281434e-01 0.000000000000000000e+00 1.137915339098770958e-03 0.000000000000000000e+00
1.920000000000000000e+02 7.679979878282372496e-02 4.278561675011378906e-02 9.560764679107874864e-01 0.000000000000000000e+00 1.137915339098770958e-03 0.000000000000000000e+00
1.950000000000000000e+02 7.799979563880543587e-02 4.574419663177059503e-02 9.523213472917615441e-01 0.000000000000000000e+00 1.934456076467910759e-03 0.000000000000000000e+00
1.980000000000000000e+02 7.919979249478692473e-02 5.052344105598543383e-02 9.462903959945380139e-01 0.000000000000000000e+00 3.186162949476558769e-03 0.000000000000000000e+00
2.010000000000000000e+02 8.039978935076863564e-02 5.700955848884842886e-02 9.391215293582158008e-01 0.000000000000000000e+00 3.868912152935821518e-03 0.000000000000000000e+00
2.040000000000000000e+02 8.159978620675034655e-02 6.565771506599908658e-02 9.307009558488847922e-01 0.000000000000000000e+00 3.641329085116067413e-03 0.000000000000000000e+00
2.070000000000000000e+02 8.279978306273183541e-02 7.271279016841146470e-02 9.238734638142922506e-01 0.000000000000000000e+00 3.413746017296313308e-03 0.000000000000000000e+00
2.100000000000000000e+02 8.399977991871354632e-02 7.954028220300408958e-02 9.168183887118798170e-01 0.000000000000000000e+00 3.641329085116067413e-03 0.000000000000000000e+00
2.130000000000000000e+02 8.519977677469503519e-02 8.124715521165225274e-02 9.149977241693217911e-01 0.000000000000000000e+00 3.755120619025944465e-03 0.000000000000000000e+00
2.160000000000000000e+02 8.639977363067674609e-02 9.012289485662267063e-02 9.062357760582612221e-01 0.000000000000000000e+00 3.641329085116067413e-03 0.000000000000000000e+00
2.190000000000000000e+02 8.759977048665845700e-02 9.365043240782885969e-02 9.014565316340463763e-01 0.000000000000000000e+00 4.893035958124715423e-03 0.000000000000000000e+00
2.220000000000000000e+02 8.879976734263994587e-02 9.501593081474737912e-02 8.999772416932180219e-01 0.000000000000000000e+00 5.006827492034592909e-03 0.000000000000000000e+00
2.250000000000000000e+02 8.999976419862165677e-02 1.012744651797906209e-01 8.934911242603550408e-01 0.000000000000000000e+00 5.234410559854347014e-03 0.000000000000000000e+00
2.280000000000000000e+02 9.119976105460314564e-02 1.107191624943104219e-01 8.830223031406463363e-01 0.000000000000000000e+00 6.258534365043240920e-03 0.000000000000000000e+00
2.310000000000000000e+02 9.239975791058485655e-02 1.225534820209376458e-01 8.710741920801092775e-01 0.000000000000000000e+00 6.372325898953117539e-03 0.000000000000000000e+00
2.340000000000000000e+02 9.359975476656656745e-02 1.347291761492944995e-01 8.554847519344560558e-01 0.000000000000000000e+00 9.786071916249430847e-03 0.000000000000000000e+00
2.370000000000000000e+02 9.479975162254805632e-02 1.450842057350933134e-01 8.455848884842968038e-01 0.000000000000000000e+00 9.330905780609922637e-03 0.000000000000000000e+00
2.400000000000000000e+02 9.599974847852976723e-02 1.530496131087847045e-01 8.373918980427855763e-01 0.000000000000000000e+00 9.558488848429677609e-03 0.000000000000000000e+00
2.430000000000000000e+02 9.719974533451125609e-02 1.624943104233045055e-01 8.276058261265362148e-01 0.000000000000000000e+00 9.899863450159307465e-03 0.000000000000000000e+00
2.460000000000000000e+02 9.839974219049296700e-02 1.730769230769230727e-01 8.157715065999089354e-01 0.000000000000000000e+00 1.115157032316795548e-02 0.000000000000000000e+00
2.490000000000000000e+02 9.959973904647467791e-02 1.884387801547564856e-01 7.989303595812471404e-01 0.000000000000000000e+00 1.263086026399635846e-02 0.000000000000000000e+00
2.520000000000000000e+02 1.007997359024561668e-01 1.968593536640873831e-01 7.893718707328174489e-01 0.000000000000000000e+00 1.376877560309512985e-02 0.000000000000000000e+00
2.550000000000000000e+02 1.019997327584378777e-01 2.042558033682294050e-01 7.820892125625853453e-01 0.000000000000000000e+00 1.365498406918525323e-02 0.000000000000000000e+00
2.580000000000000000e+02 1.031997296144193665e-01 2.089212562585343602e-01 7.760582612653618151e-01 0.000000000000000000e+00 1.502048247610377786e-02 0.000000000000000000e+00
2.610000000000000000e+02 1.043997264704010774e-01 2.236003641329085134e-01 7.605826126536185949e-01 0.000000000000000000e+00 1.581702321347291593e-02 0.000000000000000000e+00
2.640000000000000000e+02 1.055997233263825663e-01 2.328174783796085612e-01 7.520482476103778069e-01 0.000000000000000000e+00 1.513427401001365448e-02 0.000000000000000000e+00
2.670000000000000000e+02 1.067997201823642772e-01 2.379380974055530229e-01 7.440828402366863603e-01 0.000000000000000000e+00 1.797906235776058209e-02 0.000000000000000000e+00
2.700000000000000000e+02 1.079997170383459881e-01 2.532999544833864358e-01 7.272416932180245652e-01 0.000000000000000000e+00 1.945835229858898507e-02 0.000000000000000000e+00
2.730000000000000000e+02 1.091997138943274770e-01 2.596722803823395265e-01 7.177969959035047642e-01 0.000000000000000000e+00 2.253072371415566766e-02 0.000000000000000000e+00
2.760000000000000000e+02 1.103997107503091879e-01 2.686618115612198210e-01 7.085798816568047442e-01 0.000000000000000000e+00 2.275830678197542090e-02 0.000000000000000000e+00
2.790000000000000000e+02 1.115997076062906768e-01 2.707100591715976279e-01 7.028903049613108855e-01 0.000000000000000000e+00 2.639963586709149004e-02 0.000000000000000000e+00
2.820000000000000000e+02 1.127997044622723877e-01 2.869822485207100815e-01 6.857077833409194190e-01 0.000000000000000000e+00 2.730996813837050646e-02 0.000000000000000000e+00
2.850000000000000000e+02 1.139997013182540986e-01 3.034820209376422606e-01 6.668183887118798170e-01 0.000000000000000000e+00 2.969959035047792587e-02 0.000000000000000000e+00
2.880000000000000000e+02 1.151996981742355874e-01 3.154301319981793195e-01 6.510013654984069253e-01 1.137915339098771066e-04 3.345471096950387163e-02 0.000000000000000000e+00
2.910000000000000000e+02 1.163996950302172984e-01 3.362539827036868378e-01 6.291533909877105035e-01 1.137915339098771066e-04 3.447883477469276120e-02 0.000000000000000000e+00
2.940000000000000000e+02 1.175996918861987872e-01 3.502503413746017036e-01 6.104915794264906825e-01 1.137915339098771066e-04 3.914428766499772339e-02 0.000000000000000000e+00
2.970000000000000000e+02 1.187996887421804981e-01 3.636777423759672279e-01 5.945607646791079004e-01 2.275830678197542133e-04 4.153390987710514626e-02 0.000000000000000000e+00
3.000000000000000000e+02 1.199996855981622090e-01 3.732362312243969193e-01 5.848884842967683184e-01 2.275830678197542133e-04 4.164770141101502288e-02 0.000000000000000000e+00
3.030000000000000000e+02 1.211996824541436979e-01 3.947428311333636697e-01 5.599681383705051863e-01 1.137915339098771066e-04 4.517523896222121194e-02 0.000000000000000000e+00
3.060000000000000000e+02 1.223996793101254088e-01 4.167045971779699820e-01 5.328857532999544677e-01 2.275830678197542133e-04 5.018206645425580398e-02 0.000000000000000000e+00
3.090000000000000000e+02 1.235996761661068977e-01 4.362767410104688159e-01 5.098998634501593630e-01 2.275830678197542133e-04 5.359581247155211642e-02 0.000000000000000000e+00
3.120000000000000000e+02 1.247996730220886086e-01 4.498179335457441752e-01 4.923759672280382249e-01 2.275830678197542133e-04 5.757851615839781195e-02 0.000000000000000000e+00
3.150000000000000000e+02 1.259996698780703195e-01 4.601729631315429891e-01 4.781520254893035782e-01 3.413746017296313199e-04 6.133363677742376119e-02 0.000000000000000000e+00
3.180000000000000000e+02 1.271996667340518083e-01 4.775830678197542367e-01 4.590350477924442507e-01 2.275830678197542133e-04 6.315430131998178709e-02 0.000000000000000000e+00
3.210000000000000000e+02 1.283996635900335193e-01 4.927173418297678409e-01 4.398042785616750328e-01 5.689576695493854790e-04 6.690942193900774326e-02 0.000000000000000000e+00
3.240000000000000000e+02 1.295996604460150081e-01 5.098998634501593630e-01 4.180700955848885014e-01 9.103322712790168532e-04 7.111970869367319203e-02 0.000000000000000000e+00
3.270000000000000000e+02 1.307996573019967190e-01 5.241238051888938987e-01 3.971324533454710926e-01 1.137915339098770958e-03 7.760582612653618706e-02 0.000000000000000000e+00
3.300000000000000000e+02 1.319996541579784299e-01 5.389167045971779979e-01 3.815430131998179264e-01 1.593081474738279385e-03 7.794720072826581692e-02 0.000000000000000000e+00
3.330000000000000000e+02 1.331996510139599188e-01 5.542785616750113276e-01 3.612881201638598050e-01 1.593081474738279385e-03 8.284023668639053928e-02 0.000000000000000000e+00
3.360000000000000000e+02 1.343996478699416297e-01 5.601957214383249672e-01 3.466090122894856518e-01 1.934456076467910759e-03 9.126081019572143682e-02 0.000000000000000000e+00
3.390000000000000000e+02 1.355996447259231186e-01 5.678197542102867423e-01 3.342057350933090309e-01 2.389622212107419402e-03 9.558488848429676221e-02 0.000000000000000000e+00
3.420000000000000000e+02 1.367996415819048295e-01 5.786299499317251183e-01 3.215748748293126846e-01 2.958579881656804664e-03 9.683659535730541890e-02 0.000000000000000000e+00
3.450000000000000000e+02 1.379996384378865404e-01 5.917159763313609711e-01 3.009786071916249472e-01 3.413746017296313308e-03 1.038916704597177970e-01 0.000000000000000000e+00
3.480000000000000000e+02 1.391996352938680293e-01 6.076467910787437532e-01 2.820892125625853453e-01 3.072371415566681717e-03 1.071916249431042328e-01 0.000000000000000000e+00
3.510000000000000000e+02 1.403996321498497402e-01 6.140191169776968438e-01 2.716203914428766408e-01 3.755120619025944465e-03 1.106053709604005453e-01 0.000000000000000000e+00
3.540000000000000000e+02 1.415996290058312290e-01 6.233500227583067543e-01 2.558033682294037492e-01 4.893035958124715423e-03 1.159535730541647741e-01 0.000000000000000000e+00
3.570000000000000000e+02 1.427996258618129399e-01 6.364360491579426071e-01 2.381656804733727761e-01 5.234410559854347014e-03 1.201638598088302229e-01 0.000000000000000000e+00
3.600000000000000000e+02 1.439996227177946508e-01 6.474738279472007640e-01 2.210969503868912278e-01 4.893035958124715423e-03 1.265361857077833274e-01 0.000000000000000000e+00
3.630000000000000000e+02 1.451996195737761397e-01 6.547564861174328676e-01 2.093764223941738667e-01 6.372325898953117539e-03 1.294947655894401473e-01 0.000000000000000000e+00
3.660000000000000000e+02 1.463996164297578506e-01 6.572598998634501255e-01 2.006144742831133254e-01 7.510241238051888930e-03 1.346153846153846090e-01 0.000000000000000000e+00
3.690000000000000000e+02 1.475996132857393395e-01 6.629494765589439842e-01 1.876422394173873354e-01 7.965407373691398007e-03 1.414428766499772339e-01 0.000000000000000000e+00
3.720000000000000000e+02 1.487996101417210504e-01 6.653390987710514626e-01 1.776285844333181652e-01 9.558488848429677609e-03 1.474738279472007363e-01 0.000000000000000000e+00
3.750000000000000000e+02 1.499996069977027613e-01 6.703459262630859783e-01 1.697769685935366368e-01 1.069640418752844727e-02 1.491807009558488717e-01 0.000000000000000000e+00
3.780000000000000000e+02 1.511996038536842502e-01 6.769458352298588499e-01 1.577150659990896597e-01 1.172052799271734204e-02 1.536185707783341015e-01 0.000000000000000000e+00
3.810000000000000000e+02 1.523996007096659611e-01 6.824078288575330387e-01 1.492944924897587622e-01 1.274465179790623508e-02 1.555530268548019901e-01 0.000000000000000000e+00
3.840000000000000000e+02 1.535995975656474499e-01 6.921939007737824001e-01 1.399635867091488517e-01 1.331360946745562164e-02 1.545289030496131144e-01 0.000000000000000000e+00
3.870000000000000000e+02 1.547995944216291608e-01 6.999317250796540657e-01 1.332498862084660896e-01 1.354119253527537488e-02 1.532771961766044577e-01 0.000000000000000000e+00
3.900000000000000000e+02 1.559995912776108717e-01 7.026627218934911046e-01 1.269913518434228616e-01 1.422394173873463806e-02 1.561219845243513871e-01 0.000000000000000000e+00
3.930000000000000000e+02 1.571995881335923606e-01 7.113108784706417831e-01 1.177742375967228000e-01 1.547564861174328607e-02 1.554392353208921274e-01 0.000000000000000000e+00
3.960000000000000000e+02 1.583995849895740715e-01 7.225762403277196100e-01 1.073054164770141095e-01 1.445152480655439303e-02 1.556668183887118806e-01 0.000000000000000000e+00
3.990000000000000000e+02 1.595995818455555604e-01 7.207555757851615841e-01 1.019572143832498806e-01 1.479289940828402289e-02 1.624943104233045055e-01 0.000000000000000000e+00
4.020000000000000000e+02 1.607995787015372713e-01 7.267865270823851143e-01 9.399180700955848955e-02 1.593081474738279601e-02 1.632908511606736557e-01 0.000000000000000000e+00
4.050000000000000000e+02 1.619995755575189822e-01 7.304278561675011661e-01 8.773327264451524776e-02 1.547564861174328607e-02 1.663632225762403383e-01 0.000000000000000000e+00
4.080000000000000000e+02 1.631995724135004711e-01 7.354346836595356818e-01 8.249886208466089554e-02 1.763768775603095224e-02 1.644287664997724219e-01 0.000000000000000000e+00
4.110000000000000000e+02 1.643995692694821820e-01 7.401001365498406370e-01 7.840236686390532339e-02 1.900318616294947513e-02 1.624943104233045055e-01 0.000000000000000000e+00
4.140000000000000000e+02 1.655995661254636708e-01 7.423759672280382249e-01 7.760582612653618706e-02 1.979972690031861493e-02 1.602184797451069731e-01 0.000000000000000000e+00
4.170000000000000000e+02 1.667995629814453817e-01 7.434000910332271284e-01 7.544378698224851743e-02 1.991351843422849502e-02 1.612426035502958488e-01 0.000000000000000000e+00
4.200000000000000000e+02 1.679995598374270926e-01 7.544378698224851743e-01 6.975421028675465873e-02 1.934456076467910846e-02 1.564633591260810308e-01 0.000000000000000000e+00
4.230000000000000000e+02 1.691995566934085815e-01 7.556895766954938587e-01 6.622667273554846967e-02 2.230314064633591095e-02 1.557806099226217433e-01 0.000000000000000000e+00
4.260000000000000000e+02 1.703995535493902924e-01 7.595584888484296915e-01 6.440600819299044377e-02 2.196176604460628110e-02 1.540737369139736079e-01 0.000000000000000000e+00
4.290000000000000000e+02 1.715995504053717813e-01 7.604688211197087044e-01 6.201638598088302090e-02 2.355484751934456070e-02 1.539599453800637174e-01 0.000000000000000000e+00
4.320000000000000000e+02 1.727995472613534922e-01 7.686618115612198210e-01 5.723714155666818210e-02 2.309968138370505075e-02 1.510013654984069253e-01 0.000000000000000000e+00
4.350000000000000000e+02 1.739995441173349811e-01 7.757168866636322546e-01 5.348202093764223980e-02 2.196176604460628110e-02 1.488393263541192557e-01 0.000000000000000000e+00
4.380000000000000000e+02 1.751995409733166920e-01 7.792444242148384159e-01 4.972690031861629750e-02 2.344105598543468408e-02 1.475876194811105990e-01 0.000000000000000000e+00
4.410000000000000000e+02 1.763995378292984029e-01 7.804961310878471004e-01 4.904415111515703085e-02 2.230314064633591095e-02 1.481565771506599960e-01 0.000000000000000000e+00
4.440000000000000000e+02 1.775995346852798917e-01 7.894856622667273394e-01 4.904415111515703085e-02 2.321347291761493084e-02 1.382567137005006885e-01 0.000000000000000000e+00
4.470000000000000000e+02 1.787995315412616026e-01 7.913063268092853653e-01 4.756486117432862787e-02 2.389622212107419055e-02 1.372325898953117851e-01 0.000000000000000000e+00
4.500000000000000000e+02 1.799995283972430915e-01 7.999544833864360438e-01 4.369594902139280895e-02 2.480655439235321044e-02 1.315430131998179264e-01 0.000000000000000000e+00
4.530000000000000000e+02 1.811995252532248024e-01 8.017751479289940697e-01 4.164770141101502288e-02 2.469276285844333035e-02 1.318843878015475701e-01 0.000000000000000000e+00
4.560000000000000000e+02 1.823995221092065133e-01 8.070095584888484774e-01 3.982703686845699004e-02 2.378243058716431393e-02 1.293809740555302568e-01 0.000000000000000000e+00
4.590000000000000000e+02 1.835995189651880022e-01 8.096267637687756258e-01 3.971324533454710648e-02 2.196176604460628110e-02 1.286982248520709970e-01 0.000000000000000000e+00
4.620000000000000000e+02 1.847995158211697131e-01 8.100819299044150767e-01 3.834774692762858705e-02 2.139280837505689453e-02 1.301775147928994070e-01 0.000000000000000000e+00
4.650000000000000000e+02 1.859995126771512020e-01 8.165680473372780579e-01 3.698224852071006069e-02 2.173418297678652786e-02 1.247155211652253015e-01 0.000000000000000000e+00
4.680000000000000000e+02 1.871995095331329129e-01 8.238507055075102725e-01 3.516158397815202785e-02 1.991351843422849502e-02 1.210741920801092358e-01 0.000000000000000000e+00
4.710000000000000000e+02 1.883995063891146238e-01 8.227127901684114786e-01 3.618570778334091742e-02 2.048247610377787811e-02 1.206190259444697294e-01 0.000000000000000000e+00
4.740000000000000000e+02 1.895995032450961126e-01 8.251024123805188459e-01 3.550295857988165771e-02 2.184797451069640448e-02 1.175466545289030468e-01 0.000000000000000000e+00
4.770000000000000000e+02 1.907995001010778235e-01 8.231679563040509295e-01 3.550295857988165771e-02 2.378243058716431393e-02 1.175466545289030468e-01 0.000000000000000000e+00
4.800000000000000000e+02 1.919994969570593124e-01 8.237369139736003820e-01 3.550295857988165771e-02 2.480655439235321044e-02 1.159535730541647741e-01 0.000000000000000000e+00
4.830000000000000000e+02 1.931994938130410233e-01 8.303368229403732537e-01 3.254437869822485174e-02 2.571688666363222686e-02 1.114019116977696816e-01 0.000000000000000000e+00
4.860000000000000000e+02 1.943994906690227342e-01 8.355712335002275504e-01 3.049613108784706567e-02 2.605826126536185672e-02 1.078743741465634925e-01 0.000000000000000000e+00
4.890000000000000000e+02 1.955994875250042231e-01 8.397815202548930547e-01 2.878925807919890598e-02 2.560309512972235024e-02 1.058261265361857134e-01 0.000000000000000000e+00
4.920000000000000000e+02 1.967994843809859340e-01 8.456986800182066943e-01 2.765134274010013632e-02 2.560309512972235024e-02 1.010468821119708677e-01 0.000000000000000000e+00
4.950000000000000000e+02 1.979994812369674229e-01 8.479745106964041712e-01 2.878925807919890598e-02 2.719617660446062984e-02 9.604005461993628257e-02 0.000000000000000000e+00
4.980000000000000000e+02 1.991994780929491338e-01 8.521847974510696755e-01 2.708238507055074976e-02 2.867546654528902936e-02 9.205735093309057315e-02 0.000000000000000000e+00
5.010000000000000000e+02 2.003994749489308447e-01 8.569640418752845212e-01 2.457897132453345374e-02 2.856167501137915274e-02 8.989531178880291740e-02 0.000000000000000000e+00
5.040000000000000000e+02 2.015994718049123335e-01 8.610605370960400240e-01 2.446517979062357712e-02 2.935821574874829254e-02 8.511606736458807165e-02 0.000000000000000000e+00
5.070000000000000000e+02 2.027994686608940444e-01 8.599226217569412301e-01 2.480655439235321044e-02 3.163404642694583185e-02 8.363677742375967561e-02 0.000000000000000000e+00
5.100000000000000000e+02 2.039994655168755333e-01 8.631087847064178309e-01 2.230314064633591095e-02 3.197542102867546865e-02 8.261265361857077216e-02 0.000000000000000000e+00
5.130000000000000000e+02 2.051994623728572442e-01 8.665225307237141017e-01 2.196176604460628110e-02 2.947200728265816916e-02 8.204369594902138907e-02 0.000000000000000000e+00
5.160000000000000000e+02 2.063994592288389551e-01 8.643604915794265153e-01 2.355484751934456070e-02 3.197542102867546865e-02 8.010923987255348655e-02 0.000000000000000000e+00
5.190000000000000000e+02 2.075994560848204440e-01 8.645880746472462963e-01 2.332726445152480746e-02 3.152025489303595523e-02 8.056440600819299303e-02 0.000000000000000000e+00
5.220000000000000000e+02 2.087994529408021549e-01 8.689121529358215801e-01 2.344105598543468408e-02 3.015475648611743234e-02 7.749203459262631044e-02 0.000000000000000000e+00
5.250000000000000000e+02 2.099994497967836438e-01 8.719845243513882904e-01 2.127901684114701791e-02 3.049613108784706567e-02 7.624032771961765376e-02 0.000000000000000000e+00
5.280000000000000000e+02 2.111994466527653547e-01 8.740327719617660973e-01 2.139280837505689453e-02 2.867546654528902936e-02 7.589895311788802390e-02 0.000000000000000000e+00
5.310000000000000000e+02 2.123994435087470656e-01 8.775603095129722586e-01 1.957214383249886169e-02 2.924442421483841592e-02 7.362312243969049153e-02 0.000000000000000000e+00
5.340000000000000000e+02 2.135994403647285544e-01 8.798361401911697355e-01 1.923076923076923184e-02 2.799271734182976618e-02 7.294037323623121793e-02 0.000000000000000000e+00
5.370000000000000000e+02 2.147994372207102654e-01 8.855257168866635942e-01 1.843422849340009204e-02 2.696859353664087314e-02 6.907146108329539902e-02 0.000000000000000000e+00
5.400000000000000000e+02 2.159994340766917542e-01 8.837050523441055683e-01 1.911697769685935522e-02 2.822030040964952288e-02 6.895766954938552240e-02 0.000000000000000000e+00
5.430000000000000000e+02 2.171994309326734651e-01 8.871187983614019501e-01 1.979972690031861493e-02 2.799271734182976618e-02 6.508875739644970349e-02 0.000000000000000000e+00
5.460000000000000000e+02 2.183994277886551760e-01 8.900773782430587699e-01 1.888939462903959851e-02 2.765134274010013632e-02 6.338188438780155420e-02 0.000000000000000000e+00
5.490000000000000000e+02 2.195994246446366649e-01 8.862084660901229372e-01 1.888939462903959851e-02 3.038233955393718558e-02 6.451979972690032039e-02 0.000000000000000000e+00
5.520000000000000000e+02 2.207994215006183758e-01 8.897360036413290985e-01 1.832043695949021542e-02 3.060992262175694228e-02 6.133363677742376119e-02 0.000000000000000000e+00
5.550000000000000000e+02 2.219994183565998647e-01 8.938324988620847122e-01 1.741010468821119553e-02 2.913063268092853930e-02 5.962676376877560497e-02 0.000000000000000000e+00
5.580000000000000000e+02 2.231994152125815756e-01 8.974738279472007640e-01 1.661356395084205573e-02 2.776513427401001294e-02 5.814747382794720199e-02 0.000000000000000000e+00
5.610000000000000000e+02 2.243994120685632865e-01 9.000910332271279124e-01 1.775147928994082885e-02 2.639963586709149004e-02 5.575785161583977911e-02 0.000000000000000000e+00
5.640000000000000000e+02 2.255994089245447753e-01 9.000910332271279124e-01 1.741010468821119553e-02 2.799271734182976618e-02 5.450614474283113631e-02 0.000000000000000000e+00
5.670000000000000000e+02 2.267994057805264863e-01 9.024806554392352798e-01 1.809285389167045871e-02 2.799271734182976618e-02 5.143377332726445372e-02 0.000000000000000000e+00
5.700000000000000000e+02 2.279994026365079751e-01 9.066909421939007840e-01 1.752389622212107562e-02 2.776513427401001294e-02 4.779244424214838111e-02 2.275830678197542133e-04
5.730000000000000000e+02 2.291993994924896860e-01 9.088529813381884814e-01 1.797906235776058209e-02 2.890304961310878606e-02 4.403732362312243881e-02 2.275830678197542133e-04
5.760000000000000000e+02 2.303993963484713969e-01 9.099908966772871644e-01 1.843422849340009204e-02 2.958579881656804578e-02 4.187528447883477611e-02 1.137915339098771066e-04
5.790000000000000000e+02 2.315993932044528858e-01 9.148839326354119006e-01 1.763768775603095224e-02 2.822030040964952288e-02 3.914428766499772339e-02 1.137915339098771066e-04
5.820000000000000000e+02 2.327993900604345967e-01 9.143149749658625591e-01 1.695493855257168905e-02 2.856167501137915274e-02 4.016841147018661989e-02 0.000000000000000000e+00
5.850000000000000000e+02 2.339993869164160856e-01 9.181838871187983919e-01 1.718252162039144229e-02 2.776513427401001294e-02 3.686845698680018407e-02 0.000000000000000000e+00
5.880000000000000000e+02 2.351993837723977965e-01 9.176149294492489394e-01 1.741010468821119553e-02 2.981338188438780248e-02 3.516158397815202785e-02 0.000000000000000000e+00
5.910000000000000000e+02 2.363993806283795074e-01 9.202321347291761988e-01 1.741010468821119553e-02 2.753755120619025970e-02 3.470641784251251444e-02 1.137915339098771066e-04
5.940000000000000000e+02 2.375993774843609962e-01 9.213700500682748817e-01 1.752389622212107562e-02 2.708238507055074976e-02 3.390987710514337811e-02 1.137915339098771066e-04
5.970000000000000000e+02 2.387993743403427072e-01 9.242148384160218111e-01 1.684114701866181243e-02 2.674101046882111990e-02 3.220300409649522189e-02 0.000000000000000000e+00
6.000000000000000000e+02 2.399993711963241960e-01 9.259217114246700575e-01 1.706873008648156567e-02 2.537551206190259354e-02 3.163404642694583185e-02 0.000000000000000000e+00
6.030000000000000000e+02 2.411993680523059069e-01 9.242148384160218111e-01 1.809285389167045871e-02 2.651342740100136666e-02 3.117888029130632538e-02 0.000000000000000000e+00
6.060000000000000000e+02 2.423993649082873958e-01 9.231907146108329076e-01 1.672735548475193582e-02 2.537551206190259354e-02 3.470641784251251444e-02 0.000000000000000000e+00
6.090000000000000000e+02 2.435993617642691067e-01 9.228493400091033472e-01 1.741010468821119553e-02 2.560309512972235024e-02 3.413746017296313134e-02 0.000000000000000000e+00
6.120000000000000000e+02 2.447993586202508176e-01 9.182976786527082824e-01 1.797906235776058209e-02 2.730996813837050646e-02 3.641329085116067066e-02 0.000000000000000000e+00
6.150000000000000000e+02 2.459993554762323065e-01 9.198907601274465273e-01 1.877560309512972189e-02 2.674101046882111990e-02 3.459262630860263782e-02 0.000000000000000000e+00
6.180000000000000000e+02 2.471993523322140174e-01 9.243286299499317016e-01 1.809285389167045871e-02 2.583067819754210348e-02 3.174783796085571541e-02 0.000000000000000000e+00
6.210000000000000000e+02 2.483993491881955062e-01 9.238734638142922506e-01 1.854802002730996865e-02 2.605826126536185672e-02 3.152025489303595523e-02 0.000000000000000000e+00
6.240000000000000000e+02 2.495993460441772172e-01 9.272872098315885214e-01 1.741010468821119553e-02 2.628584433318160996e-02 2.901684114701866268e-02 0.000000000000000000e+00
6.270000000000000000e+02 2.507993429001589281e-01 9.293354574419663283e-01 1.718252162039144229e-02 2.708238507055074976e-02 2.639963586709149004e-02 0.000000000000000000e+00
6.300000000000000000e+02 2.519993397561404169e-01 9.308147473827946827e-01 1.684114701866181243e-02 2.594446973145198010e-02 2.639963586709149004e-02 0.000000000000000000e+00
6.330000000000000000e+02 2.531993366121221278e-01 9.295630405097861093e-01 1.741010468821119553e-02 2.605826126536185672e-02 2.685480200273099652e-02 1.137915339098771066e-04
6.360000000000000000e+02 2.543993334681036167e-01 9.293354574419663283e-01 1.786527082385070547e-02 2.583067819754210348e-02 2.685480200273099652e-02 1.137915339098771066e-04
6.390000000000000000e+02 2.555993303240853276e-01 9.312699135184342447e-01 1.877560309512972189e-02 2.571688666363222686e-02 2.412380518889394726e-02 1.137915339098771066e-04
6.420000000000000000e+02 2.567993271800670385e-01 9.294492489758762188e-01 1.843422849340009204e-02 2.708238507055074976e-02 2.503413746017296368e-02 0.000000000000000000e+00
6.450000000000000000e+02 2.579993240360485274e-01 9.294492489758762188e-01 1.797906235776058209e-02 2.685480200273099652e-02 2.571688666363222686e-02 0.000000000000000000e+00
6.480000000000000000e+02 2.591993208920302383e-01 9.325216203914429292e-01 1.854802002730996865e-02 2.526172052799271692e-02 2.355484751934456070e-02 1.137915339098771066e-04
6.510000000000000000e+02 2.603993177480117271e-01 9.363905325443786509e-01 1.809285389167045871e-02 2.287209831588529751e-02 2.253072371415566766e-02 1.137915339098771066e-04
6.540000000000000000e+02 2.615993146039934381e-01 9.393491124260354708e-01 1.763768775603095224e-02 2.264451524806554428e-02 2.036868456986800149e-02 0.000000000000000000e+00
6.570000000000000000e+02 2.627993114599751490e-01 9.385525716886663483e-01 1.797906235776058209e-02 2.207555757851615771e-02 2.139280837505689453e-02 0.000000000000000000e+00
6.600000000000000000e+02 2.639993083159566378e-01 9.406008192990441552e-01 1.649977241693217911e-02 2.127901684114701791e-02 2.162039144287665124e-02 0.000000000000000000e+00
6.630000000000000000e+02 2.651993051719383487e-01 9.402594446973144837e-01 1.581702321347291593e-02 2.230314064633591095e-02 2.162039144287665124e-02 0.000000000000000000e+00
6.660000000000000000e+02 2.663993020279198376e-01 9.408284023668639362e-01 1.547564861174328607e-02 2.298588984979517413e-02 2.071005917159763482e-02 0.000000000000000000e+00
6.690000000000000000e+02 2.675992988839015485e-01 9.391215293582158008e-01 1.672735548475193582e-02 2.253072371415566766e-02 2.162039144287665124e-02 0.000000000000000000e+00
6.720000000000000000e+02 2.687992957398832594e-01 9.396904870277651423e-01 1.627218934911242587e-02 2.389622212107419055e-02 2.014110150204824826e-02 0.000000000000000000e+00
6.750000000000000000e+02 2.699992925958647483e-01 9.398042785616750328e-01 1.627218934911242587e-02 2.298588984979517413e-02 2.082385070550751144e-02 1.137915339098771066e-04
6.780000000000000000e+02 2.711992894518464592e-01 9.425352753755120716e-01 1.615839781520254925e-02 2.127901684114701791e-02 2.002730996813837164e-02 0.000000000000000000e+00
6.810000000000000000e+02 2.723992863078279481e-01 9.450386891215293295e-01 1.490669094219390124e-02 2.059626763768775473e-02 1.945835229858898507e-02 0.000000000000000000e+00
