# itime ezz other fcc hcp bcc ico
0.000000000000000000e+00 0.000000000000000000e+00 0.000000000000000000e+00 1.000000000000000000e+00 0.000000000000000000e+00 0.000000000000000000e+00 0.000000000000000000e+00
3.000000000000000000e+00 1.200023226647806140e-03 0.000000000000000000e+00 1.000000000000000000e+00 0.000000000000000000e+00 0.000000000000000000e+00 0.000000000000000000e+00
6.000000000000000000e+00 2.400046453295612281e-03 0.000000000000000000e+00 1.000000000000000000e+00 0.000000000000000000e+00 0.000000000000000000e+00 0.000000000000000000e+00
9.000000000000000000e+00 3.600069679943418421e-03 0.000000000000000000e+00 1.000000000000000000e+00 0.000000000000000000e+00 0.000000000000000000e+00 0.000000000000000000e+00
1.200000000000000000e+01 4.800092906591224562e-03 0.000000000000000000e+00 1.000000000000000000e+00 0.000000000000000000e+00 0.000000000000000000e+00 0.000000000000000000e+00
1.500000000000000000e+01 6.000116133239030702e-03 0.000000000000000000e+00 1.000000000000000000e+00 0.000000000000000000e+00 0.000000000000000000e+00 0.000000000000000000e+00
1.800000000000000000e+01 7.200139359886836843e-03 0.000000000000000000e+00 1.000000000000000000e+00 0.000000000000000000e+00 0.000000000000000000e+00 0.000000000000000000e+00
2.100000000000000000e+01 8.400162586534642983e-03 0.000000000000000000e+00 1.000000000000000000e+00 0.000000000000000000e+00 0.000000000000000000e+00 0.000000000000000000e+00
2.400000000000000000e+01 9.600185813182449124e-03 0.000000000000000000e+00 1.000000000000000000e+00 0.000000000000000000e+00 0.000000000000000000e+00 0.000000000000000000e+00
2.700000000000000000e+01 1.080020903983025526e-02 0.000000000000000000e+00 1.000000000000000000e+00 0.000000000000000000e+00 0.000000000000000000e+00 0.000000000000000000e+00
3.000000000000000000e+01 1.200023226647806140e-02 0.000000000000000000e+00 1.000000000000000000e+00 0.000000000000000000e+00 0.000000000000000000e+00 0.000000000000000000e+00
3.300000000000000000e+01 1.320025549312586755e-02 0.000000000000000000e+00 1.000000000000000000e+00 0.000000000000000000e+00 0.000000000000000000e+00 0.000000000000000000e+00
3.600000000000000000e+01 1.440027871977367369e-02 0.000000000000000000e+00 1.000000000000000000e+00 0.000000000000000000e+00 0.000000000000000000e+00 0.000000000000000000e+00
3.900000000000000000e+01 1.560030194642147983e-02 0.000000000000000000e+00 1.000000000000000000e+00 0.000000000000000000e+00 0.000000000000000000e+00 0.000000000000000000e+00
4.200000000000000000e+01 1.680032517306928597e-02 0.000000000000000000e+00 1.000000000000000000e+00 0.000000000000000000e+00 0.000000000000000000e+00 0.000000000000000000e+00
4.500000000000000000e+01 1.800034839971709211e-02 0.000000000000000000e+00 1.000000000000000000e+00 0.000000000000000000e+00 0.000000000000000000e+00 0.000000000000000000e+00
4.800000000000000000e+01 1.920037162636489825e-02 0.000000000000000000e+00 1.000000000000000000e+00 0.000000000000000000e+00 0.000000000000000000e+00 0.000000000000000000e+00
5.100000000000000000e+01 2.040039485301270439e-02 0.000000000000000000e+00 1.000000000000000000e+00 0.000000000000000000e+00 0.000000000000000000e+00 0.000000000000000000e+00
5.400000000000000000e+01 2.160041807966051053e-02 0.000000000000000000e+00 1.000000000000000000e+00 0.000000000000000000e+00 0.000000000000000000e+00 0.000000000000000000e+00
5.700000000000000000e+01 2.280044130630831667e-02 0.000000000000000000e+00 1.000000000000000000e+00 0.000000000000000000e+00 0.000000000000000000e+00 0.000000000000000000e+00
6.000000000000000000e+01 2.400046453295612281e-02 0.000000000000000000e+00 1.000000000000000000e+00 0.000000000000000000e+00 0.000000000000000000e+00 0.000000000000000000e+00
6.300000000000000000e+01 2.520048775960392895e-02 0.000000000000000000e+00 1.000000000000000000e+00 0.000000000000000000e+00 0.000000000000000000e+00 0.000000000000000000e+00
6.600000000000000000e+01 2.640051098625173509e-02 0.000000000000000000e+00 1.000000000000000000e+00 0.000000000000000000e+00 0.000000000000000000e+00 0.000000000000000000e+00
6.900000000000000000e+01 2.760053421289954123e-02 0.000000000000000000e+00 1.000000000000000000e+00 0.000000000000000000e+00 0.000000000000000000e+00 0.000000000000000000e+00
7.200000000000000000e+01 2.880055743954734737e-02 0.000000000000000000e+00 1.000000000000000000e+00 0.000000000000000000e+00 0.000000000000000000e+00 0.000000000000000000e+00
7.500000000000000000e+01 3.000058066619515351e-02 0.000000000000000000e+00 1.000000000000000000e+00 0.000000000000000000e+00 0.000000000000000000e+00 0.000000000000000000e+00
7.800000000000000000e+01 3.120060389284295965e-02 0.000000000000000000e+00 1.000000000000000000e+00 0.000000000000000000e+00 0.000000000000000000e+00 0.000000000000000000e+00
8.100000000000000000e+01 3.240062711949076579e-02 0.000000000000000000e+00 1.000000000000000000e+00 0.000000000000000000e+00 0.000000000000000000e+00 0.000000000000000000e+00
8.400000000000000000e+01 3.360065034613857193e-02 0.000000000000000000e+00 1.000000000000000000e+00 0.000000000000000000e+00 0.000000000000000000e+00 0.000000000000000000e+00
8.700000000000000000e+01 3.480067357278637807e-02 0.000000000000000000e+00 1.000000000000000000e+00 0.000000000000000000e+00 0.000000000000000000e+00 0.000000000000000000e+00
9.000000000000000000e+01 3.600069679943418421e-02 0.000000000000000000e+00 1.000000000000000000e+00 0.000000000000000000e+00 0.000000000000000000e+00 0.000000000000000000e+00
9.300000000000000000e+01 3.720072002608199035e-02 0.000000000000000000e+00 1.000000000000000000e+00 0.000000000000000000e+00 0.000000000000000000e+00 0.000000000000000000e+00
9.600000000000000000e+01 3.840074325272979650e-02 0.000000000000000000e+00 1.000000000000000000e+00 0.000000000000000000e+00 0.000000000000000000e+00 0.000000000000000000e+00
9.900000000000000000e+01 3.960076647937760264e-02 0.000000000000000000e+00 1.000000000000000000e+00 0.000000000000000000e+00 0.000000000000000000e+00 0.000000000000000000e+00
1.020000000000000000e+02 4.080078970602540878e-02 0.000000000000000000e+00 1.000000000000000000e+00 0.000000000000000000e+00 0.000000000000000000e+00 0.000000000000000000e+00
1.050000000000000000e+02 4.200081293267299287e-02 0.000000000000000000e+00 1.000000000000000000e+00 0.000000000000000000e+00 0.000000000000000000e+00 0.000000000000000000e+00
1.080000000000000000e+02 4.320083615932079901e-02 0.000000000000000000e+00 1.000000000000000000e+00 0.000000000000000000e+00 0.000000000000000000e+00 0.000000000000000000e+00
1.110000000000000000e+02 4.440085938596860515e-02 0.000000000000000000e+00 1.000000000000000000e+00 0.000000000000000000e+00 0.000000000000000000e+00 0.000000000000000000e+00
1.140000000000000000e+02 4.560088261261641129e-02 0.000000000000000000e+00 1.000000000000000000e+00 0.000000000000000000e+00 0.000000000000000000e+00 0.000000000000000000e+00
1.170000000000000000e+02 4.680090583926421743e-02 0.000000000000000000e+00 1.000000000000000000e+00 0.000000000000000000e+00 0.000000000000000000e+00 0.000000000000000000e+00
1.200000000000000000e+02 4.800092906591202357e-02 0.000000000000000000e+00 1.000000000000000000e+00 0.000000000000000000e+00 0.000000000000000000e+00 0.000000000000000000e+00
1.230000000000000000e+02 4.920095229255982971e-02 0.000000000000000000e+00 1.000000000000000000e+00 0.000000000000000000e+00 0.000000000000000000e+00 0.000000000000000000e+00
1.260000000000000000e+02 5.040097551920763586e-02 0.000000000000000000e+00 1.000000000000000000e+00 0.000000000000000000e+00 0.000000000000000000e+00 0.000000000000000000e+00
1.290000000000000000e+02 5.160099874585544200e-02 0.000000000000000000e+00 1.000000000000000000e+00 0.000000000000000000e+00 0.000000000000000000e+00 0.000000000000000000e+00
1.320000000000000000e+02 5.280102197250324814e-02 1.137915339098771066e-04 9.998862084660901095e-01 0.000000000000000000e+00 0.000000000000000000e+00 0.000000000000000000e+00
1.350000000000000000e+02 5.400104519915105428e-02 0.000000000000000000e+00 1.000000000000000000e+00 0.000000000000000000e+00 0.000000000000000000e+00 0.000000000000000000e+00
1.380000000000000000e+02 5.520106842579886042e-02 0.000000000000000000e+00 1.000000000000000000e+00 0.000000000000000000e+00 0.000000000000000000e+00 0.000000000000000000e+00
1.410000000000000000e+02 5.640109165244666656e-02 0.000000000000000000e+00 1.000000000000000000e+00 0.000000000000000000e+00 0.000000000000000000e+00 0.000000000000000000e+00
1.440000000000000000e+02 5.760111487909447270e-02 0.000000000000000000e+00 1.000000000000000000e+00 0.000000000000000000e+00 0.000000000000000000e+00 0.000000000000000000e+00
1.470000000000000000e+02 5.880113810574227884e-02 0.000000000000000000e+00 1.000000000000000000e+00 0.000000000000000000e+00 0.000000000000000000e+00 0.000000000000000000e+00
1.500000000000000000e+02 6.000116133239008498e-02 0.000000000000000000e+00 1.000000000000000000e+00 0.000000000000000000e+00 0.000000000000000000e+00 0.000000000000000000e+00
1.530000000000000000e+02 6.120118455903789112e-02 0.000000000000000000e+00 1.000000000000000000e+00 0.000000000000000000e+00 0.000000000000000000e+00 0.000000000000000000e+00
1.560000000000000000e+02 6.240120778568569726e-02 0.000000000000000000e+00 1.000000000000000000e+00 0.000000000000000000e+00 0.000000000000000000e+00 0.000000000000000000e+00
1.590000000000000000e+02 6.360123101233350340e-02 0.000000000000000000e+00 1.000000000000000000e+00 0.000000000000000000e+00 0.000000000000000000e+00 0.000000000000000000e+00
1.620000000000000000e+02 6.480125423898130954e-02 0.000000000000000000e+00 1.000000000000000000e+00 0.000000000000000000e+00 0.000000000000000000e+00 0.000000000000000000e+00
1.650000000000000000e+02 6.600127746562911568e-02 0.000000000000000000e+00 1.000000000000000000e+00 0.000000000000000000e+00 0.000000000000000000e+00 0.000000000000000000e+00
1.680000000000000000e+02 6.720130069227692182e-02 0.000000000000000000e+00 1.000000000000000000e+00 0.000000000000000000e+00 0.000000000000000000e+00 0.000000000000000000e+00
1.710000000000000000e+02 6.840132391892472796e-02 0.000000000000000000e+00 1.000000000000000000e+00 0.000000000000000000e+00 0.000000000000000000e+00 0.000000000000000000e+00
1.740000000000000000e+02 6.960134714557253410e-02 0.000000000000000000e+00 1.000000000000000000e+00 0.000000000000000000e+00 0.000000000000000000e+00 0.000000000000000000e+00
1.770000000000000000e+02 7.080137037222034024e-02 0.000000000000000000e+00 1.000000000000000000e+00 0.000000000000000000e+00 0.000000000000000000e+00 0.000000000000000000e+00
1.800000000000000000e+02 7.200139359886814638e-02 0.000000000000000000e+00 1.000000000000000000e+00 0.000000000000000000e+00 0.000000000000000000e+00 0.000000000000000000e+00
1.830000000000000000e+02 7.320141682551595252e-02 0.000000000000000000e+00 1.000000000000000000e+00 0.000000000000000000e+00 0.000000000000000000e+00 0.000000000000000000e+00
1.860000000000000000e+02 7.440144005216375866e-02 0.000000000000000000e+00 1.000000000000000000e+00 0.000000000000000000e+00 0.000000000000000000e+00 0.000000000000000000e+00
1.890000000000000000e+02 7.560146327881156481e-02 0.000000000000000000e+00 1.000000000000000000e+00 0.000000000000000000e+00 0.000000000000000000e+00 0.000000000000000000e+00
1.920000000000000000e+02 7.680148650545937095e-02 0.000000000000000000e+00 1.000000000000000000e+00 0.000000000000000000e+00 0.000000000000000000e+00 0.000000000000000000e+00
1.950000000000000000e+02 7.800150973210717709e-02 0.000000000000000000e+00 1.000000000000000000e+00 0.000000000000000000e+00 0.000000000000000000e+00 0.000000000000000000e+00
1.980000000000000000e+02 7.920153295875498323e-02 0.000000000000000000e+00 1.000000000000000000e+00 0.000000000000000000e+00 0.000000000000000000e+00 0.000000000000000000e+00
2.010000000000000000e+02 8.040155618540278937e-02 0.000000000000000000e+00 1.000000000000000000e+00 0.000000000000000000e+00 0.000000000000000000e+00 0.000000000000000000e+00
2.040000000000000000e+02 8.160157941205059551e-02 0.000000000000000000e+00 1.000000000000000000e+00 0.000000000000000000e+00 0.000000000000000000e+00 0.000000000000000000e+00
2.070000000000000000e+02 8.280160263869840165e-02 0.000000000000000000e+00 1.000000000000000000e+00 0.000000000000000000e+00 0.000000000000000000e+00 0.000000000000000000e+00
2.100000000000000000e+02 8.400162586534620779e-02 0.000000000000000000e+00 1.000000000000000000e+00 0.000000000000000000e+00 0.000000000000000000e+00 0.000000000000000000e+00
2.130000000000000000e+02 8.520164909199401393e-02 0.000000000000000000e+00 1.000000000000000000e+00 0.000000000000000000e+00 0.000000000000000000e+00 0.000000000000000000e+00
2.160000000000000000e+02 8.640167231864182007e-02 0.000000000000000000e+00 1.000000000000000000e+00 0.000000000000000000e+00 0.000000000000000000e+00 0.000000000000000000e+00
2.190000000000000000e+02 8.760169554528962621e-02 0.000000000000000000e+00 1.000000000000000000e+00 0.000000000000000000e+00 0.000000000000000000e+00 0.000000000000000000e+00
2.220000000000000000e+02 8.880171877193743235e-02 0.000000000000000000e+00 1.000000000000000000e+00 0.000000000000000000e+00 0.000000000000000000e+00 0.000000000000000000e+00
2.250000000000000000e+02 9.000174199858523849e-02 0.000000000000000000e+00 1.000000000000000000e+00 0.000000000000000000e+00 0.000000000000000000e+00 0.000000000000000000e+00
2.280000000000000000e+02 9.120176522523304463e-02 0.000000000000000000e+00 1.000000000000000000e+00 0.000000000000000000e+00 0.000000000000000000e+00 0.000000000000000000e+00
2.310000000000000000e+02 9.240178845188085077e-02 3.413746017296313199e-04 9.996586253982703285e-01 0.000000000000000000e+00 0.000000000000000000e+00 0.000000000000000000e+00
2.340000000000000000e+02 9.360181167852865691e-02 2.275830678197542133e-04 9.997724169321802190e-01 0.000000000000000000e+00 0.000000000000000000e+00 0.000000000000000000e+00
2.370000000000000000e+02 9.480183490517646305e-02 6.827492034592626399e-04 9.993172507965407680e-01 0.000000000000000000e+00 0.000000000000000000e+00 0.000000000000000000e+00
2.400000000000000000e+02 9.600185813182426919e-02 5.689576695493854790e-04 9.994310423304506585e-01 0.000000000000000000e+00 0.000000000000000000e+00 0.000000000000000000e+00
2.430000000000000000e+02 9.720188135847207533e-02 0.000000000000000000e+00 1.000000000000000000e+00 0.000000000000000000e+00 0.000000000000000000e+00 0.000000000000000000e+00
2.460000000000000000e+02 9.840190458511988147e-02 3.413746017296313199e-04 9.996586253982703285e-01 0.000000000000000000e+00 0.000000000000000000e+00 0.000000000000000000e+00
2.490000000000000000e+02 9.960192781176768761e-02 2.048247610377787811e-03 9.979517523896221931e-01 0.000000000000000000e+00 0.000000000000000000e+00 0.000000000000000000e+00
2.520000000000000000e+02 1.008019510384154938e-01 1.365498406918525280e-03 9.986345015930814251e-01 0.000000000000000000e+00 0.000000000000000000e+00 0.000000000000000000e+00
2.550000000000000000e+02 1.020019742650632999e-01 1.365498406918525280e-03 9.985207100591716456e-01 0.000000000000000000e+00 1.137915339098771066e-04 0.000000000000000000e+00
2.580000000000000000e+02 1.032019974917111060e-01 7.965407373691396923e-04 9.992034592626308775e-01 0.000000000000000000e+00 0.000000000000000000e+00 0.000000000000000000e+00
2.610000000000000000e+02 1.044020207183589122e-01 2.275830678197542133e-04 9.997724169321802190e-01 0.000000000000000000e+00 0.000000000000000000e+00 0.000000000000000000e+00
2.640000000000000000e+02 1.056020439450067183e-01 2.275830678197542133e-04 9.997724169321802190e-01 0.000000000000000000e+00 0.000000000000000000e+00 0.000000000000000000e+00
2.670000000000000000e+02 1.068020671716545245e-01 1.137915339098771066e-04 9.998862084660901095e-01 0.000000000000000000e+00 0.000000000000000000e+00 0.000000000000000000e+00
2.700000000000000000e+02 1.080020903983023306e-01 5.689576695493854790e-04 9.993172507965407680e-01 0.000000000000000000e+00 1.137915339098771066e-04 0.000000000000000000e+00
2.730000000000000000e+02 1.092021136249501367e-01 1.137915339098770958e-03 9.988620846609012061e-01 0.000000000000000000e+00 0.000000000000000000e+00 0.000000000000000000e+00
2.760000000000000000e+02 1.104021368515979429e-01 1.706873008648156654e-03 9.981793354574419741e-01 0.000000000000000000e+00 1.137915339098771066e-04 0.000000000000000000e+00
2.790000000000000000e+02 1.116021600782457490e-01 1.365498406918525280e-03 9.985207100591716456e-01 0.000000000000000000e+00 1.137915339098771066e-04 0.000000000000000000e+00
2.820000000000000000e+02 1.128021833048935552e-01 2.617205279927173507e-03 9.971552116522530707e-01 0.000000000000000000e+00 2.275830678197542133e-04 0.000000000000000000e+00
2.850000000000000000e+02 1.140022065315413613e-01 2.730996813837050560e-03 9.970414201183431802e-01 0.000000000000000000e+00 2.275830678197542133e-04 0.000000000000000000e+00
2.880000000000000000e+02 1.152022297581891674e-01 1.820664542558033706e-03 9.980655439235320836e-01 0.000000000000000000e+00 1.137915339098771066e-04 0.000000000000000000e+00
2.910000000000000000e+02 1.164022529848369736e-01 7.965407373691396923e-04 9.992034592626308775e-01 0.000000000000000000e+00 0.000000000000000000e+00 0.000000000000000000e+00
2.940000000000000000e+02 1.176022762114847797e-01 1.251706873008648227e-03 9.987482931269913156e-01 0.000000000000000000e+00 0.000000000000000000e+00 0.000000000000000000e+00
2.970000000000000000e+02 1.188022994381325859e-01 2.048247610377787811e-03 9.978379608557123026e-01 0.000000000000000000e+00 1.137915339098771066e-04 0.000000000000000000e+00
3.000000000000000000e+02 1.200023226647803920e-01 2.162039144287664864e-03 9.978379608557123026e-01 0.000000000000000000e+00 0.000000000000000000e+00 0.000000000000000000e+00
3.030000000000000000e+02 1.212023458914281981e-01 2.389622212107419402e-03 9.976103777878926326e-01 0.000000000000000000e+00 0.000000000000000000e+00 0.000000000000000000e+00
3.060000000000000000e+02 1.224023691180760043e-01 5.461993627674101119e-03 9.945380063723259223e-01 0.000000000000000000e+00 0.000000000000000000e+00 0.000000000000000000e+00
3.090000000000000000e+02 1.236023923447235884e-01 7.851615839781519654e-03 9.918070095584888834e-01 0.000000000000000000e+00 3.413746017296313199e-04 0.000000000000000000e+00
3.120000000000000000e+02 1.248024155713713945e-01 9.672280382339554228e-03 9.898725534820209671e-01 0.000000000000000000e+00 4.551661356395084266e-04 0.000000000000000000e+00
3.150000000000000000e+02 1.260024387980192007e-01 1.217569412835685025e-02 9.871415566681839282e-01 0.000000000000000000e+00 6.827492034592626399e-04 0.000000000000000000e+00
3.180000000000000000e+02 1.272024620246670068e-01 1.399635867091488309e-02 9.850933090578061213e-01 0.000000000000000000e+00 9.103322712790168532e-04 0.000000000000000000e+00
3.210000000000000000e+02 1.284024852513148129e-01 1.319981793354574502e-02 9.857760582612653533e-01 0.000000000000000000e+00 1.024123805188893906e-03 0.000000000000000000e+00
3.240000000000000000e+02 1.296025084779626191e-01 1.627218934911242587e-02 9.830450614474283144e-01 0.000000000000000000e+00 6.827492034592626399e-04 0.000000000000000000e+00
3.270000000000000000e+02 1.308025317046104252e-01 1.593081474738279601e-02 9.832726445152480954e-01 0.000000000000000000e+00 7.965407373691396923e-04 0.000000000000000000e+00
3.300000000000000000e+02 1.320025549312582314e-01 1.547564861174328607e-02 9.839553937187073274e-01 0.000000000000000000e+00 5.689576695493854790e-04 0.000000000000000000e+00
3.330000000000000000e+02 1.332025781579060375e-01 1.672735548475193582e-02 9.820209376422394110e-01 0.000000000000000000e+00 1.251706873008648227e-03 0.000000000000000000e+00
3.360000000000000000e+02 1.344026013845538436e-01 1.786527082385070547e-02 9.806554392353209471e-01 0.000000000000000000e+00 1.479289940828402332e-03 0.000000000000000000e+00
3.390000000000000000e+02 1.356026246112016498e-01 2.389622212107419055e-02 9.740555302685480754e-01 0.000000000000000000e+00 2.048247610377787811e-03 0.000000000000000000e+00
3.420000000000000000e+02 1.368026478378494559e-01 3.038233955393718558e-02 9.680245789713245452e-01 0.000000000000000000e+00 1.593081474738279385e-03 0.000000000000000000e+00
3.450000000000000000e+02 1.380026710644972621e-01 3.152025489303595523e-02 9.665452890304960798e-01 0.000000000000000000e+00 1.934456076467910759e-03 0.000000000000000000e+00
3.480000000000000000e+02 1.392026942911450682e-01 3.914428766499772339e-02 9.586936731907146347e-01 0.000000000000000000e+00 2.162039144287664864e-03 0.000000000000000000e+00
3.510000000000000000e+02 1.404027175177928743e-01 4.380974055530268557e-02 9.545971779699590209e-01 0.000000000000000000e+00 1.593081474738279385e-03 0.000000000000000000e+00
3.540000000000000000e+02 1.416027407444406805e-01 4.802002730996814128e-02 9.498179335457441752e-01 0.000000000000000000e+00 2.162039144287664864e-03 0.000000000000000000e+00
3.570000000000000000e+02 1.428027639710884866e-01 5.461993627674101293e-02 9.420801092398725096e-01 0.000000000000000000e+00 3.299954483386436255e-03 0.000000000000000000e+00
3.600000000000000000e+02 1.440027871977362928e-01 6.497496586253982687e-02 9.303595812471552318e-01 0.000000000000000000e+00 4.665452890304961318e-03 0.000000000000000000e+00
3.630000000000000000e+02 1.452028104243840989e-01 8.170232134729175921e-02 9.122667273554847522e-01 0.000000000000000000e+00 6.030951297223486815e-03 0.000000000000000000e+00
3.660000000000000000e+02 1.464028336510319050e-01 1.015020482476103741e-01 8.906463359126081114e-01 0.000000000000000000e+00 7.851615839781519654e-03 0.000000000000000000e+00
3.690000000000000000e+02 1.476028568776797112e-01 1.116294947655894348e-01 8.777878925807920396e-01 0.000000000000000000e+00 1.058261265361857065e-02 0.000000000000000000e+00
3.720000000000000000e+02 1.488028801043275173e-01 1.297223486572599005e-01 8.560537096040055083e-01 0.000000000000000000e+00 1.422394173873463806e-02 0.000000000000000000e+00
3.750000000000000000e+02 1.500029033309753235e-01 1.613563950842057393e-01 8.212335002275830131e-01 0.000000000000000000e+00 1.741010468821119553e-02 0.000000000000000000e+00
3.780000000000000000e+02 1.512029265576231296e-01 1.890077378243058825e-01 7.885753299954483264e-01 0.000000000000000000e+00 2.241693218024579104e-02 0.000000000000000000e+00
3.810000000000000000e+02 1.524029497842709358e-01 2.247382794720072796e-01 7.478379608557123026e-01 0.000000000000000000e+00 2.742375967228038308e-02 0.000000000000000000e+00
3.840000000000000000e+02 1.536029730109187419e-01 2.585343650432407880e-01 7.065316340464269373e-01 0.000000000000000000e+00 3.493400091033227461e-02 0.000000000000000000e+00
3.870000000000000000e+02 1.548029962375665480e-01 3.096267637687756258e-01 6.472462448793809831e-01 0.000000000000000000e+00 4.312699135184342586e-02 0.000000000000000000e+00
3.900000000000000000e+02 1.560030194642143542e-01 3.548020027309968238e-01 5.921711424670004220e-01 0.000000000000000000e+00 5.302685480200273332e-02 0.000000000000000000e+00
3.930000000000000000e+02 1.572030426908621603e-01 3.996358670914884059e-01 5.322030040964952358e-01 0.000000000000000000e+00 6.816112881201638607e-02 0.000000000000000000e+00
3.960000000000000000e+02 1.584030659175099665e-01 4.578971324533454568e-01 4.625625853436504120e-01 0.000000000000000000e+00 7.954028220300408958e-02 0.000000000000000000e+00
3.990000000000000000e+02 1.596030891441577726e-01 5.071688666363222131e-01 3.986117432862995025e-01 0.000000000000000000e+00 9.421939007737824279e-02 0.000000000000000000e+00
4.020000000000000000e+02 1.608031123708055787e-01 5.582612653618570508e-01 3.334091943559399085e-01 3.413746017296313199e-04 1.079881656804733692e-01 0.000000000000000000e+00
4.050000000000000000e+02 1.620031355974533849e-01 6.009330905780609910e-01 2.771961766044606090e-01 2.275830678197542133e-04 1.216431497496586189e-01 0.000000000000000000e+00
4.080000000000000000e+02 1.632031588241011910e-01 6.355257168866635942e-01 2.290623577605826189e-01 2.275830678197542133e-04 1.351843422849340060e-01 0.000000000000000000e+00
4.110000000000000000e+02 1.644031820507489972e-01 6.649977241693217911e-01 1.851388256713700498e-01 4.551661356395084266e-04 1.494082840236686527e-01 0.000000000000000000e+00
4.140000000000000000e+02 1.656032052773968033e-01 6.943559399180700975e-01 1.413290851160673711e-01 4.551661356395084266e-04 1.638598088302230249e-01 0.000000000000000000e+00
4.170000000000000000e+02 1.668032285040446094e-01 7.129039599453800280e-01 1.071916249431042328e-01 1.024123805188893906e-03 1.788802913063268218e-01 0.000000000000000000e+00
4.200000000000000000e+02 1.680032517306924156e-01 7.302002730996813851e-01 8.113336367774237612e-02 9.103322712790168532e-04 1.877560309512972259e-01 0.000000000000000000e+00
4.230000000000000000e+02 1.692032749573402217e-01 7.413518434228493215e-01 6.144742831133363781e-02 1.479289940828402332e-03 1.957214383249886169e-01 0.000000000000000000e+00
4.260000000000000000e+02 1.704032981839880279e-01 7.453345471096950448e-01 4.733727810650887463e-02 2.389622212107419402e-03 2.049385525716886647e-01 0.000000000000000000e+00
4.290000000000000000e+02 1.716033214106358340e-01 7.527309968138370389e-01 3.482020937642239106e-02 2.730996813837050560e-03 2.097177969959035104e-01 0.000000000000000000e+00
4.320000000000000000e+02 1.728033446372836401e-01 7.568274920345926526e-01 2.730996813837050646e-02 3.755120619025944465e-03 2.121074192080109333e-01 0.000000000000000000e+00
4.350000000000000000e+02 1.740033678639314463e-01 7.572826581702321036e-01 2.287209831588529751e-02 4.210286754665453109e-03 2.156349567592171224e-01 0.000000000000000000e+00
4.380000000000000000e+02 1.752033910905792524e-01 7.629722348657259623e-01 1.741010468821119553e-02 4.324078288575329727e-03 2.152935821574874786e-01 0.000000000000000000e+00
4.410000000000000000e+02 1.764034143172270586e-01 7.625170687300865113e-01 1.479289940828402289e-02 6.258534365043240920e-03 2.164314974965862448e-01 0.000000000000000000e+00
4.440000000000000000e+02 1.776034375438748647e-01 7.654756486117433312e-01 1.297223486572599005e-02 6.486117432862995025e-03 2.150659990896677254e-01 0.000000000000000000e+00
4.470000000000000000e+02 1.788034607705226708e-01 7.682066454255803700e-01 1.194811106053709528e-02 5.917159763313609329e-03 2.139280837505689592e-01 0.000000000000000000e+00
4.500000000000000000e+02 1.800034839971704770e-01 7.683204369594902605e-01 1.058261265361857065e-02 7.282658170232134826e-03 2.138142922166590687e-01 0.000000000000000000e+00
4.530000000000000000e+02 1.812035072238182831e-01 7.666135639508420141e-01 1.160673645880746542e-02 8.079198907601274626e-03 2.137005006827492060e-01 0.000000000000000000e+00
4.560000000000000000e+02 1.824035304504660893e-01 7.644515248065544277e-01 1.206190259444697363e-02 9.217114246700046018e-03 2.142694583522985752e-01 0.000000000000000000e+00
4.590000000000000000e+02 1.836035536771138954e-01 7.630860263996358528e-01 1.217569412835685025e-02 9.330905780609922637e-03 2.154073736913973691e-01 0.000000000000000000e+00
4.620000000000000000e+02 1.848035769037617015e-01 7.591033227127901295e-01 1.479289940828402289e-02 9.672280382339554228e-03 2.164314974965862448e-01 0.000000000000000000e+00
4.650000000000000000e+02 1.860036001304095077e-01 7.583067819754210070e-01 1.570323167956303931e-02 8.989531178880291046e-03 2.170004551661356418e-01 0.000000000000000000e+00
4.680000000000000000e+02 1.872036233570573138e-01 7.575102412380518846e-01 1.820664542558033533e-02 1.149294492489758707e-02 2.127901684114701930e-01 0.000000000000000000e+00
4.710000000000000000e+02 1.884036465837051200e-01 7.546654528903049552e-01 1.911697769685935522e-02 1.285844333181611343e-02 2.133591260810195622e-01 0.000000000000000000e+00
4.740000000000000000e+02 1.896036698103529261e-01 7.571688666363222131e-01 2.162039144287665124e-02 1.502048247610377786e-02 2.061902594446973214e-01 0.000000000000000000e+00
4.770000000000000000e+02 1.908036930370007322e-01 7.591033227127901295e-01 2.218934911242603433e-02 1.638598088302230249e-02 2.023213472917614886e-01 0.000000000000000000e+00
4.800000000000000000e+02 1.920037162636485384e-01 7.651342740100136597e-01 2.275830678197542090e-02 1.900318616294947513e-02 1.931042330450614408e-01 0.000000000000000000e+00
4.830000000000000000e+02 1.932037394902963445e-01 7.634274010013655243e-01 2.594446973145198010e-02 2.230314064633591095e-02 1.883249886208466228e-01 0.000000000000000000e+00
4.860000000000000000e+02 1.944037627169441507e-01 7.605826126536185949e-01 2.719617660446062984e-02 2.412380518889394726e-02 1.880974055530268418e-01 0.000000000000000000e+00
4.890000000000000000e+02 1.956037859435919568e-01 7.583067819754210070e-01 2.992717341829767910e-02 2.708238507055074976e-02 1.846836595357305433e-01 0.000000000000000000e+00
4.920000000000000000e+02 1.968038091702397629e-01 7.575102412380518846e-01 3.106508875739644876e-02 2.765134274010013632e-02 1.837733272644515303e-01 0.000000000000000000e+00
4.950000000000000000e+02 1.980038323968875691e-01 7.614929449248976079e-01 3.106508875739644876e-02 2.822030040964952288e-02 1.792216659080564378e-01 0.000000000000000000e+00
4.980000000000000000e+02 1.992038556235353752e-01 7.671825216203914666e-01 3.038233955393718558e-02 3.095129722348657214e-02 1.714838416021848000e-01 0.000000000000000000e+00
5.010000000000000000e+02 2.004038788501831814e-01 7.702548930359581769e-01 3.083750568957669552e-02 3.152025489303595523e-02 1.673873463814292140e-01 0.000000000000000000e+00
5.040000000000000000e+02 2.016039020768309875e-01 7.682066454255803700e-01 3.322712790168411146e-02 3.390987710514337811e-02 1.646563495675921751e-01 0.000000000000000000e+00
5.070000000000000000e+02 2.028039253034787937e-01 7.733272644515247762e-01 3.299954483386435822e-02 3.334091943559399501e-02 1.603322712790168358e-01 0.000000000000000000e+00
5.100000000000000000e+02 2.040039485301265998e-01 7.765134274010013771e-01 3.299954483386435822e-02 3.652708238507055422e-02 1.539599453800637174e-01 0.000000000000000000e+00
5.130000000000000000e+02 2.052039717567741839e-01 7.783340919435594030e-01 3.402366863905325473e-02 4.005461993627674328e-02 1.475876194811105990e-01 0.000000000000000000e+00
5.160000000000000000e+02 2.064039949834219900e-01 7.795857988165680874e-01 3.447883477469276120e-02 4.130632680928538608e-02 1.446290395994538069e-01 0.000000000000000000e+00
5.190000000000000000e+02 2.076040182100697962e-01 7.803823395539372099e-01 3.516158397815202785e-02 4.563040509786071841e-02 1.388256713700500578e-01 0.000000000000000000e+00
5.220000000000000000e+02 2.088040414367176023e-01 7.769685935366408280e-01 3.823395539371871044e-02 4.665452890304961492e-02 1.381429221665907980e-01 0.000000000000000000e+00
5.250000000000000000e+02 2.100040646633654084e-01 7.753755120619025831e-01 4.016841147018661989e-02 4.870277651342740100e-02 1.357532999544833752e-01 0.000000000000000000e+00
5.280000000000000000e+02 2.112040878900132146e-01 7.795857988165680874e-01 3.914428766499772339e-02 4.949931725079653733e-02 1.317705962676376796e-01 0.000000000000000000e+00
5.310000000000000000e+02 2.124041111166610207e-01 7.808375056895766608e-01 4.062357760582612637e-02 5.268548020027309653e-02 1.258534365043240677e-01 0.000000000000000000e+00
5.340000000000000000e+02 2.136041343433088269e-01 7.824305871643150168e-01 4.255803368229403583e-02 5.439235320892125969e-02 1.206190259444697294e-01 0.000000000000000000e+00
5.370000000000000000e+02 2.148041575699566330e-01 7.852753755120619461e-01 4.221665908056440597e-02 5.439235320892125969e-02 1.181156121984524299e-01 0.000000000000000000e+00
5.400000000000000000e+02 2.160041807966044392e-01 7.859581247155211781e-01 4.335457441966317910e-02 5.439235320892125969e-02 1.162949476558944040e-01 0.000000000000000000e+00
5.430000000000000000e+02 2.172042040232522453e-01 7.870960400546199720e-01 4.324078288575330248e-02 5.700955848884842886e-02 1.126536185707783383e-01 0.000000000000000000e+00
5.460000000000000000e+02 2.184042272499000514e-01 7.923304506144742687e-01 4.369594902139280895e-02 5.564406008192990249e-02 1.083295402822029990e-01 0.000000000000000000e+00
5.490000000000000000e+02 2.196042504765478576e-01 7.881201638598088755e-01 4.563040509786071841e-02 5.848884842967683184e-02 1.077605826126536159e-01 0.000000000000000000e+00
5.520000000000000000e+02 2.208042737031956637e-01 7.950614474283113076e-01 4.517523896222121194e-02 5.848884842967683184e-02 1.012744651797906209e-01 0.000000000000000000e+00
5.550000000000000000e+02 2.220042969298434699e-01 8.001820664542558248e-01 4.585798816568047165e-02 5.780609922621757213e-02 9.615384615384615918e-02 0.000000000000000000e+00
5.580000000000000000e+02 2.232043201564912760e-01 8.000682749203459343e-01 4.790623577605826466e-02 5.700955848884842886e-02 9.501593081474737912e-02 0.000000000000000000e+00
5.610000000000000000e+02 2.244043433831390821e-01 8.015475648611742887e-01 4.904415111515703085e-02 5.689576695493855224e-02 9.251251706873007963e-02 0.000000000000000000e+00
5.640000000000000000e+02 2.256043666097868883e-01 8.001820664542558248e-01 4.995448338643605074e-02 5.769230769230769551e-02 9.217114246700044977e-02 0.000000000000000000e+00
5.670000000000000000e+02 2.268043898364346944e-01 8.029130632680928636e-01 5.063723258989531045e-02 5.712335002275830548e-02 8.932635411925353430e-02 0.000000000000000000e+00
5.700000000000000000e+02 2.280044130630825006e-01 8.042785616750113276e-01 5.234410559854346667e-02 5.723714155666818210e-02 8.614019116977697510e-02 0.000000000000000000e+00
5.730000000000000000e+02 2.292044362897303067e-01 8.088302230314065033e-01 5.211652253072371344e-02 5.655439235320892238e-02 8.249886208466089554e-02 0.000000000000000000e+00
5.760000000000000000e+02 2.304044595163781128e-01 8.141784251251706905e-01 5.245789713245334329e-02 5.553026854802002588e-02 7.783340919435594030e-02 0.000000000000000000e+00
5.790000000000000000e+02 2.316044827430259190e-01 8.175921711424669613e-01 5.040964952207555722e-02 5.416477014110149951e-02 7.783340919435594030e-02 0.000000000000000000e+00
5.820000000000000000e+02 2.328045059696737251e-01 8.225989986345015881e-01 5.052344105598543383e-02 5.450614474283113631e-02 7.237141556668183484e-02 0.000000000000000000e+00
5.850000000000000000e+02 2.340045291963215313e-01 8.228265817023213691e-01 5.245789713245334329e-02 5.291306326809285671e-02 7.180245789713245175e-02 0.000000000000000000e+00
5.880000000000000000e+02 2.352045524229693374e-01 8.203231679563040002e-01 5.473372781065088954e-02 5.439235320892125969e-02 7.055075102412380894e-02 0.000000000000000000e+00
5.910000000000000000e+02 2.364045756496171435e-01 8.206645425580336717e-01 5.507510241238051940e-02 5.496131087847064278e-02 6.929904415111515226e-02 0.000000000000000000e+00
5.940000000000000000e+02 2.376045988762649497e-01 8.175921711424669613e-01 5.848884842967683184e-02 5.757851615839781195e-02 6.634046426945834629e-02 0.000000000000000000e+00
5.970000000000000000e+02 2.388046221029127558e-01 8.183887118798361948e-01 5.780609922621757213e-02 5.700955848884842886e-02 6.679563040509786664e-02 0.000000000000000000e+00
6.000000000000000000e+02 2.400046453295605620e-01 8.202093764223942207e-01 5.962676376877560497e-02 5.609922621756941591e-02 6.406463359126081392e-02 0.000000000000000000e+00
6.030000000000000000e+02 2.412046685562083681e-01 8.222576240327719166e-01 5.871643149749658508e-02 5.587164314974965573e-02 6.315430131998178709e-02 0.000000000000000000e+00
6.060000000000000000e+02 2.424046917828561742e-01 8.268092853891670924e-01 5.814747382794720199e-02 5.416477014110149951e-02 6.087847064178425471e-02 0.000000000000000000e+00
6.090000000000000000e+02 2.436047150095039804e-01 8.345471096950386469e-01 5.655439235320892238e-02 5.143377332726445372e-02 5.746472462448793533e-02 0.000000000000000000e+00
6.120000000000000000e+02 2.448047382361517865e-01 8.346609012289485374e-01 5.587164314974965573e-02 5.359581247155211642e-02 5.587164314974965573e-02 0.000000000000000000e+00
6.150000000000000000e+02 2.460047614627995927e-01 8.330678197542102925e-01 5.621301775147929253e-02 5.621301775147929253e-02 5.450614474283113631e-02 0.000000000000000000e+00
6.180000000000000000e+02 2.472047846894473988e-01 8.323850705507510606e-01 5.871643149749658508e-02 5.484751934456076616e-02 5.405097860719162289e-02 0.000000000000000000e+00
6.210000000000000000e+02 2.484048079160952049e-01 8.357988165680473314e-01 5.723714155666818210e-02 5.461993627674101293e-02 5.234410559854346667e-02 0.000000000000000000e+00
6.240000000000000000e+02 2.496048311427430111e-01 8.378470641784251383e-01 5.621301775147929253e-02 5.359581247155211642e-02 5.234410559854346667e-02 0.000000000000000000e+00
6.270000000000000000e+02 2.508048543693908172e-01 8.396677287209831642e-01 5.507510241238051940e-02 5.302685480200273332e-02 5.223031406463359005e-02 0.000000000000000000e+00
6.300000000000000000e+02 2.520048775960386234e-01 8.408056440600819581e-01 5.530268548020027264e-02 5.314064633591260994e-02 5.075102412380518707e-02 0.000000000000000000e+00
6.330000000000000000e+02 2.532049008226864295e-01 8.398953117888029452e-01 5.507510241238051940e-02 5.427856167501137613e-02 5.075102412380518707e-02 0.000000000000000000e+00
6.360000000000000000e+02 2.544049240493342356e-01 8.414883932635411901e-01 5.496131087847064278e-02 5.314064633591260994e-02 5.040964952207555722e-02 0.000000000000000000e+00
6.390000000000000000e+02 2.556049472759820418e-01 8.397815202548930547e-01 5.621301775147929253e-02 5.484751934456076616e-02 4.915794264906690747e-02 0.000000000000000000e+00
6.420000000000000000e+02 2.568049705026298479e-01 8.376194811106053573e-01 5.666818388711879900e-02 5.678197542102867562e-02 4.893035958124715423e-02 0.000000000000000000e+00
6.450000000000000000e+02 2.580049937292776541e-01 8.372781065088756858e-01 5.723714155666818210e-02 5.837505689576695522e-02 4.710969503868912139e-02 0.000000000000000000e+00
6.480000000000000000e+02 2.592050169559254602e-01 8.350022758306782089e-01 5.939918070095585173e-02 5.769230769230769551e-02 4.790623577605826466e-02 0.000000000000000000e+00
6.510000000000000000e+02 2.604050401825732663e-01 8.353436504324078804e-01 5.996813837050523482e-02 5.700955848884842886e-02 4.767865270823850449e-02 0.000000000000000000e+00
6.540000000000000000e+02 2.616050634092210725e-01 8.360263996358671124e-01 5.996813837050523482e-02 5.666818388711879900e-02 4.733727810650887463e-02 0.000000000000000000e+00
6.570000000000000000e+02 2.628050866358688786e-01 8.343195266272189770e-01 6.053709604005461792e-02 5.746472462448793533e-02 4.767865270823850449e-02 0.000000000000000000e+00
6.600000000000000000e+02 2.640051098625166848e-01 8.371643149749659063e-01 6.065088757396449454e-02 5.735093309057805872e-02 4.483386436049158208e-02 0.000000000000000000e+00
6.630000000000000000e+02 2.652051330891644909e-01 8.367091488393263443e-01 6.008192990441511144e-02 6.030951297223486468e-02 4.289940828402366568e-02 0.000000000000000000e+00
6.660000000000000000e+02 2.664051563158122971e-01 8.393263541192534927e-01 5.917159763313609155e-02 5.883022303140646170e-02 4.267182521620391245e-02 0.000000000000000000e+00
6.690000000000000000e+02 2.676051795424601032e-01 8.380746472462449193e-01 5.803368229403732537e-02 5.791989076012744875e-02 4.597177969959034827e-02 0.000000000000000000e+00
6.720000000000000000e+02 2.688052027691079093e-01 8.388711879836140417e-01 5.780609922621757213e-02 5.746472462448793533e-02 4.585798816568047165e-02 0.000000000000000000e+00
6.750000000000000000e+02 2.700052259957557155e-01 8.419435593991807520e-01 5.917159763313609155e-02 5.655439235320892238e-02 4.233045061447428259e-02 0.000000000000000000e+00
6.780000000000000000e+02 2.712052492224035216e-01 8.416021847974510806e-01 5.951297223486572835e-02 5.757851615839781195e-02 4.119253527537550946e-02 1.137915339098771066e-04
6.810000000000000000e+02 2.724052724490513278e-01 8.396677287209831642e-01 6.121984524351388457e-02 5.803368229403732537e-02 4.107874374146563284e-02 0.000000000000000000e+00
