# itime ezz other fcc hcp bcc ico
0.000000000000000000e+00 0.000000000000000000e+00 0.000000000000000000e+00 1.000000000000000000e+00 0.000000000000000000e+00 0.000000000000000000e+00 0.000000000000000000e+00
4.000000000000000000e+04 1.000000175711468486e-02 0.000000000000000000e+00 1.000000000000000000e+00 0.000000000000000000e+00 0.000000000000000000e+00 0.000000000000000000e+00
8.000000000000000000e+04 2.000000351422914768e-02 0.000000000000000000e+00 1.000000000000000000e+00 0.000000000000000000e+00 0.000000000000000000e+00 0.000000000000000000e+00
1.200000000000000000e+05 3.000000527134383255e-02 0.000000000000000000e+00 1.000000000000000000e+00 0.000000000000000000e+00 0.000000000000000000e+00 0.000000000000000000e+00
1.600000000000000000e+05 4.000000702845851741e-02 0.000000000000000000e+00 1.000000000000000000e+00 0.000000000000000000e+00 0.000000000000000000e+00 0.000000000000000000e+00
2.000000000000000000e+05 5.000000878557298023e-02 0.000000000000000000e+00 1.000000000000000000e+00 0.000000000000000000e+00 0.000000000000000000e+00 0.000000000000000000e+00
2.400000000000000000e+05 6.000001054268766509e-02 2.275830678197542133e-04 9.997724169321802190e-01 0.000000000000000000e+00 0.000000000000000000e+00 0.000000000000000000e+00
2.800000000000000000e+05 7.000001229980234996e-02 0.000000000000000000e+00 1.000000000000000000e+00 0.000000000000000000e+00 0.000000000000000000e+00 0.000000000000000000e+00
3.200000000000000000e+05 8.000001405691703482e-02 4.551661356395084266e-04 9.995448338643604380e-01 0.000000000000000000e+00 0.000000000000000000e+00 0.000000000000000000e+00
3.600000000000000000e+05 9.000001581403149764e-02 1.365498406918525280e-03 9.986345015930814251e-01 0.000000000000000000e+00 0.000000000000000000e+00 0.000000000000000000e+00
4.000000000000000000e+05 1.000000175711461825e-01 3.072371415566681717e-03 9.965862539827037292e-01 0.000000000000000000e+00 3.413746017296313199e-04 0.000000000000000000e+00
4.400000000000000000e+05 1.100000193282608674e-01 6.747837960855712636e-02 6.425807919890760278e-01 2.826581702321347422e-01 7.282658170232134826e-03 0.000000000000000000e+00
4.800000000000000000e+05 1.200000210853753302e-01 7.271279016841146470e-02 6.404187528447883304e-01 2.865270823850705750e-01 3.413746017296313199e-04 0.000000000000000000e+00
5.200000000000000000e+05 1.300000228424900151e-01 7.589895311788802390e-02 6.381429221665908535e-01 2.856167501137915066e-01 3.413746017296313199e-04 0.000000000000000000e+00
5.600000000000000000e+05 1.400000245996046999e-01 9.160218479745106668e-02 6.774010013654984119e-01 2.189349112426035582e-01 1.206190259444697363e-02 0.000000000000000000e+00
6.000000000000000000e+05 1.500000263567191627e-01 8.636777423759672834e-02 6.748975876194811541e-01 2.274692762858443462e-01 1.126536185707783383e-02 0.000000000000000000e+00
6.400000000000000000e+05 1.600000281138338476e-01 8.852981338188438409e-02 6.693218024578971859e-01 2.312243969048702885e-01 1.092398725534820224e-02 0.000000000000000000e+00
6.800000000000000000e+05 1.700000298709485325e-01 1.017296313154301274e-01 6.591943559399180419e-01 2.322485207100591642e-01 6.827492034592626616e-03 0.000000000000000000e+00
7.200000000000000000e+05 1.800000316280629953e-01 9.695038689121529552e-02 6.786527082385070964e-01 2.220072826581702408e-01 2.389622212107419402e-03 0.000000000000000000e+00
7.600000000000000000e+05 1.900000333851776801e-01 1.019572143832498806e-01 6.810423304506144637e-01 2.141556668183887124e-01 2.844788347746927612e-03 0.000000000000000000e+00
8.000000000000000000e+05 2.000000351422923650e-01 9.934000910332271839e-02 6.875284478834774449e-01 2.097177969959035104e-01 3.413746017296313308e-03 0.000000000000000000e+00
8.400000000000000000e+05 2.100000368994068278e-01 1.177742375967228000e-01 7.228038233955393910e-01 1.577150659990896597e-01 1.706873008648156654e-03 0.000000000000000000e+00
8.800000000000000000e+05 2.200000386565215127e-01 1.154984069185252676e-01 7.353208921256259023e-01 1.471324533454710926e-01 2.048247610377787811e-03 0.000000000000000000e+00
9.200000000000000000e+05 2.300000404136361976e-01 1.195949021392808398e-01 7.306554392353209471e-01 1.457669549385525731e-01 3.982703686845699004e-03 0.000000000000000000e+00
9.600000000000000000e+05 2.400000421707508824e-01 1.247155211652253015e-01 7.315657715065999600e-01 1.383705052344105513e-01 5.348202093764223633e-03 0.000000000000000000e+00
1.000000000000000000e+06 2.500000439278653452e-01 1.020710059171597572e-01 8.150887573964497035e-01 8.079198907601274626e-02 2.048247610377787811e-03 0.000000000000000000e+00
1.040000000000000000e+06 2.600000456849800301e-01 1.016158397815202508e-01 8.196404187528447682e-01 7.555757851615839404e-02 3.186162949476558769e-03 0.000000000000000000e+00
1.080000000000000000e+06 2.700000474420947150e-01 1.017296313154301274e-01 8.225989986345015881e-01 7.362312243969049153e-02 2.048247610377787811e-03 0.000000000000000000e+00
1.120000000000000000e+06 2.800000491992091778e-01 1.142467000455166110e-01 7.750341374601729116e-01 1.074192080109239861e-01 3.299954483386436255e-03 0.000000000000000000e+00
1.160000000000000000e+06 2.900000509563238626e-01 1.107191624943104219e-01 7.782203004096495125e-01 1.070778334091943562e-01 3.982703686845699004e-03 0.000000000000000000e+00
1.200000000000000000e+06 3.000000527134385475e-01 1.079881656804733692e-01 7.792444242148384159e-01 1.085571233500227523e-01 4.210286754665453109e-03 0.000000000000000000e+00
1.240000000000000000e+06 3.100000544705530103e-01 1.126536185707783383e-01 7.754893035958124736e-01 1.071916249431042328e-01 4.665452890304961318e-03 0.000000000000000000e+00
1.280000000000000000e+06 3.200000562276676952e-01 1.085571233500227523e-01 7.341829767865271084e-01 1.524806554392353075e-01 4.779244424214838804e-03 0.000000000000000000e+00
1.320000000000000000e+06 3.300000579847823801e-01 1.033227127901684139e-01 7.362312243969049153e-01 1.568047337278106468e-01 3.641329085116067413e-03 0.000000000000000000e+00
1.360000000000000000e+06 3.400000597418968429e-01 1.060537096040054666e-01 7.191624943104233392e-01 1.705735093309057870e-01 4.210286754665453109e-03 0.000000000000000000e+00
1.400000000000000000e+06 3.500000614990115277e-01 1.086709148839326289e-01 7.053937187073281434e-01 1.791078743741465751e-01 6.827492034592626616e-03 0.000000000000000000e+00
1.440000000000000000e+06 3.600000632561262126e-01 1.054847519344560697e-01 7.075557578516158408e-01 1.787664997724169313e-01 8.192990441511151245e-03 0.000000000000000000e+00
1.480000000000000000e+06 3.700000650132406754e-01 1.205052344105598527e-01 8.219162494310423561e-01 5.484751934456076616e-02 2.730996813837050560e-03 0.000000000000000000e+00
