# itime ezz other fcc hcp bcc ico
0.000000000000000000e+00 0.000000000000000000e+00 0.000000000000000000e+00 1.000000000000000000e+00 0.000000000000000000e+00 0.000000000000000000e+00 0.000000000000000000e+00
8.000000000000000000e+03 1.999975530015518643e-03 0.000000000000000000e+00 1.000000000000000000e+00 0.000000000000000000e+00 0.000000000000000000e+00 0.000000000000000000e+00
1.600000000000000000e+04 3.999951060030815242e-03 0.000000000000000000e+00 1.000000000000000000e+00 0.000000000000000000e+00 0.000000000000000000e+00 0.000000000000000000e+00
2.400000000000000000e+04 5.999926590046333885e-03 0.000000000000000000e+00 1.000000000000000000e+00 0.000000000000000000e+00 0.000000000000000000e+00 0.000000000000000000e+00
3.200000000000000000e+04 7.999902120061852528e-03 0.000000000000000000e+00 1.000000000000000000e+00 0.000000000000000000e+00 0.000000000000000000e+00 0.000000000000000000e+00
4.000000000000000000e+04 9.999877650077371172e-03 0.000000000000000000e+00 1.000000000000000000e+00 0.000000000000000000e+00 0.000000000000000000e+00 0.000000000000000000e+00
4.800000000000000000e+04 1.199985318009266777e-02 0.000000000000000000e+00 1.000000000000000000e+00 0.000000000000000000e+00 0.000000000000000000e+00 0.000000000000000000e+00
5.600000000000000000e+04 1.399982871010818641e-02 0.000000000000000000e+00 1.000000000000000000e+00 0.000000000000000000e+00 0.000000000000000000e+00 0.000000000000000000e+00
6.400000000000000000e+04 1.599980424012370506e-02 0.000000000000000000e+00 1.000000000000000000e+00 0.000000000000000000e+00 0.000000000000000000e+00 0.000000000000000000e+00
7.200000000000000000e+04 1.799977977013922370e-02 0.000000000000000000e+00 1.000000000000000000e+00 0.000000000000000000e+00 0.000000000000000000e+00 0.000000000000000000e+00
8.000000000000000000e+04 1.999975530015452030e-02 0.000000000000000000e+00 1.000000000000000000e+00 0.000000000000000000e+00 0.000000000000000000e+00 0.000000000000000000e+00
8.800000000000000000e+04 2.199973083017003894e-02 0.000000000000000000e+00 1.000000000000000000e+00 0.000000000000000000e+00 0.000000000000000000e+00 0.000000000000000000e+00
9.600000000000000000e+04 2.399970636018555759e-02 0.000000000000000000e+00 1.000000000000000000e+00 0.000000000000000000e+00 0.000000000000000000e+00 0.000000000000000000e+00
1.040000000000000000e+05 2.599968189020107623e-02 0.000000000000000000e+00 1.000000000000000000e+00 0.000000000000000000e+00 0.000000000000000000e+00 0.000000000000000000e+00
1.120000000000000000e+05 2.799965742021637283e-02 0.000000000000000000e+00 1.000000000000000000e+00 0.000000000000000000e+00 0.000000000000000000e+00 0.000000000000000000e+00
1.200000000000000000e+05 2.999963295023189147e-02 0.000000000000000000e+00 1.000000000000000000e+00 0.000000000000000000e+00 0.000000000000000000e+00 0.000000000000000000e+00
1.280000000000000000e+05 3.199960848024741011e-02 0.000000000000000000e+00 1.000000000000000000e+00 0.000000000000000000e+00 0.000000000000000000e+00 0.000000000000000000e+00
1.360000000000000000e+05 3.399958401026270671e-02 0.000000000000000000e+00 1.000000000000000000e+00 0.000000000000000000e+00 0.000000000000000000e+00 0.000000000000000000e+00
1.440000000000000000e+05 3.599955954027822536e-02 0.000000000000000000e+00 1.000000000000000000e+00 0.000000000000000000e+00 0.000000000000000000e+00 0.000000000000000000e+00
1.520000000000000000e+05 3.799953507029374400e-02 0.000000000000000000e+00 1.000000000000000000e+00 0.000000000000000000e+00 0.000000000000000000e+00 0.000000000000000000e+00
1.600000000000000000e+05 3.999951060030926264e-02 0.000000000000000000e+00 1.000000000000000000e+00 0.000000000000000000e+00 0.000000000000000000e+00 0.000000000000000000e+00
1.680000000000000000e+05 4.199948613032455924e-02 0.000000000000000000e+00 1.000000000000000000e+00 0.000000000000000000e+00 0.000000000000000000e+00 0.000000000000000000e+00
1.760000000000000000e+05 4.399946166034007788e-02 0.000000000000000000e+00 1.000000000000000000e+00 0.000000000000000000e+00 0.000000000000000000e+00 0.000000000000000000e+00
1.840000000000000000e+05 4.599943719035559653e-02 0.000000000000000000e+00 1.000000000000000000e+00 0.000000000000000000e+00 0.000000000000000000e+00 0.000000000000000000e+00
1.920000000000000000e+05 4.799941272037111517e-02 0.000000000000000000e+00 1.000000000000000000e+00 0.000000000000000000e+00 0.000000000000000000e+00 0.000000000000000000e+00
2.000000000000000000e+05 4.999938825038641177e-02 0.000000000000000000e+00 1.000000000000000000e+00 0.000000000000000000e+00 0.000000000000000000e+00 0.000000000000000000e+00
2.080000000000000000e+05 5.199936378040193041e-02 0.000000000000000000e+00 1.000000000000000000e+00 0.000000000000000000e+00 0.000000000000000000e+00 0.000000000000000000e+00
2.160000000000000000e+05 5.399933931041744906e-02 0.000000000000000000e+00 1.000000000000000000e+00 0.000000000000000000e+00 0.000000000000000000e+00 0.000000000000000000e+00
2.240000000000000000e+05 5.599931484043296770e-02 0.000000000000000000e+00 1.000000000000000000e+00 0.000000000000000000e+00 0.000000000000000000e+00 0.000000000000000000e+00
2.320000000000000000e+05 5.799929037044826430e-02 0.000000000000000000e+00 1.000000000000000000e+00 0.000000000000000000e+00 0.000000000000000000e+00 0.000000000000000000e+00
2.400000000000000000e+05 5.999926590046378294e-02 0.000000000000000000e+00 1.000000000000000000e+00 0.000000000000000000e+00 0.000000000000000000e+00 0.000000000000000000e+00
2.480000000000000000e+05 6.199924143047930158e-02 0.000000000000000000e+00 1.000000000000000000e+00 0.000000000000000000e+00 0.000000000000000000e+00 0.000000000000000000e+00
2.560000000000000000e+05 6.399921696049459818e-02 0.000000000000000000e+00 1.000000000000000000e+00 0.000000000000000000e+00 0.000000000000000000e+00 0.000000000000000000e+00
2.640000000000000000e+05 6.599919249051011683e-02 4.551661356395084266e-04 9.995448338643604380e-01 0.000000000000000000e+00 0.000000000000000000e+00 0.000000000000000000e+00
2.720000000000000000e+05 6.799916802052563547e-02 0.000000000000000000e+00 1.000000000000000000e+00 0.000000000000000000e+00 0.000000000000000000e+00 0.000000000000000000e+00
2.800000000000000000e+05 6.999914355054115411e-02 0.000000000000000000e+00 1.000000000000000000e+00 0.000000000000000000e+00 0.000000000000000000e+00 0.000000000000000000e+00
2.880000000000000000e+05 7.199911908055645071e-02 0.000000000000000000e+00 1.000000000000000000e+00 0.000000000000000000e+00 0.000000000000000000e+00 0.000000000000000000e+00
2.960000000000000000e+05 7.399909461057196935e-02 0.000000000000000000e+00 1.000000000000000000e+00 0.000000000000000000e+00 0.000000000000000000e+00 0.000000000000000000e+00
3.040000000000000000e+05 7.599907014058748800e-02 0.000000000000000000e+00 1.000000000000000000e+00 0.000000000000000000e+00 0.000000000000000000e+00 0.000000000000000000e+00
3.120000000000000000e+05 7.799904567060300664e-02 3.413746017296313199e-04 9.996586253982703285e-01 0.000000000000000000e+00 0.000000000000000000e+00 0.000000000000000000e+00
3.200000000000000000e+05 7.999902120061830324e-02 1.137915339098771066e-04 9.998862084660901095e-01 0.000000000000000000e+00 0.000000000000000000e+00 0.000000000000000000e+00
3.280000000000000000e+05 8.199899673063382188e-02 3.413746017296313199e-04 9.996586253982703285e-01 0.000000000000000000e+00 0.000000000000000000e+00 0.000000000000000000e+00
3.360000000000000000e+05 8.399897226064934053e-02 3.413746017296313199e-04 9.996586253982703285e-01 0.000000000000000000e+00 0.000000000000000000e+00 0.000000000000000000e+00
3.440000000000000000e+05 8.599894779066463713e-02 6.827492034592626399e-04 9.993172507965407680e-01 0.000000000000000000e+00 0.000000000000000000e+00 0.000000000000000000e+00
3.520000000000000000e+05 8.799892332068015577e-02 1.251706873008648227e-03 9.987482931269913156e-01 0.000000000000000000e+00 0.000000000000000000e+00 0.000000000000000000e+00
3.600000000000000000e+05 8.999889885069567441e-02 4.551661356395084266e-04 9.995448338643604380e-01 0.000000000000000000e+00 0.000000000000000000e+00 0.000000000000000000e+00
3.680000000000000000e+05 9.199887438071119306e-02 1.137915339098770958e-03 9.988620846609012061e-01 0.000000000000000000e+00 0.000000000000000000e+00 0.000000000000000000e+00
3.760000000000000000e+05 9.399884991072648965e-02 9.103322712790168532e-04 9.990896677287209870e-01 0.000000000000000000e+00 0.000000000000000000e+00 0.000000000000000000e+00
3.840000000000000000e+05 9.599882544074200830e-02 2.048247610377787811e-03 9.977241693218024121e-01 0.000000000000000000e+00 2.275830678197542133e-04 0.000000000000000000e+00
3.920000000000000000e+05 9.799880097075752694e-02 3.527537551206190360e-03 9.963586709148839482e-01 0.000000000000000000e+00 1.137915339098771066e-04 0.000000000000000000e+00
4.000000000000000000e+05 9.999877650077304558e-02 4.210286754665453109e-03 9.957897132453344957e-01 0.000000000000000000e+00 0.000000000000000000e+00 0.000000000000000000e+00
4.080000000000000000e+05 1.019987520307883422e-01 3.072371415566681717e-03 9.968138370505233992e-01 0.000000000000000000e+00 1.137915339098771066e-04 0.000000000000000000e+00
4.160000000000000000e+05 1.039987275608038608e-01 7.396449704142011444e-03 9.921483841602184439e-01 0.000000000000000000e+00 4.551661356395084266e-04 0.000000000000000000e+00
4.240000000000000000e+05 1.059987030908193795e-01 1.217569412835685025e-02 9.823623122439690825e-01 0.000000000000000000e+00 5.461993627674101119e-03 0.000000000000000000e+00
4.320000000000000000e+05 1.079986786208348981e-01 6.838871187983613931e-02 6.407601274465180019e-01 2.845926263086026586e-01 6.258534365043240920e-03 0.000000000000000000e+00
4.400000000000000000e+05 1.099986541508501947e-01 6.690942193900774326e-02 6.406463359126081114e-01 2.845926263086026586e-01 7.851615839781519654e-03 0.000000000000000000e+00
4.480000000000000000e+05 1.119986296808657134e-01 7.350933090578061491e-02 6.382567137005006330e-01 2.822030040964952358e-01 6.030951297223486815e-03 0.000000000000000000e+00
4.560000000000000000e+05 1.139986052108812320e-01 7.009558488848430247e-02 6.390532544378698665e-01 2.840236686390532617e-01 6.827492034592626616e-03 0.000000000000000000e+00
4.640000000000000000e+05 1.159985807408965286e-01 7.237141556668183484e-02 6.362084660901229372e-01 2.867546654528903005e-01 4.665452890304961318e-03 0.000000000000000000e+00
4.720000000000000000e+05 1.179985562709120472e-01 7.601274465179790052e-02 6.345015930814746907e-01 2.802685480200273194e-01 9.217114246700046018e-03 0.000000000000000000e+00
4.800000000000000000e+05 1.199985318009275659e-01 7.532999544833864081e-02 6.334774692762858983e-01 2.807237141556668258e-01 1.046882111970869403e-02 0.000000000000000000e+00
4.880000000000000000e+05 1.219985073309430845e-01 6.873008648156576916e-02 6.385980883022303045e-01 2.922166590805644337e-01 4.551661356395084266e-04 0.000000000000000000e+00
4.960000000000000000e+05 1.239984828609583811e-01 7.066454255803368556e-02 6.382567137005006330e-01 2.897132453345471204e-01 1.365498406918525280e-03 0.000000000000000000e+00
5.040000000000000000e+05 1.259984583909738998e-01 7.237141556668183484e-02 6.372325898953118406e-01 2.894856622667273394e-01 9.103322712790168532e-04 0.000000000000000000e+00
5.120000000000000000e+05 1.279984339209894184e-01 7.180245789713245175e-02 6.365498406918524976e-01 2.903959945380063523e-01 1.251706873008648227e-03 0.000000000000000000e+00
5.200000000000000000e+05 1.299984094510049371e-01 7.862994993172507663e-02 6.356395084205734847e-01 2.836822940373236457e-01 2.048247610377787811e-03 0.000000000000000000e+00
5.280000000000000000e+05 1.319983849810202337e-01 9.182976786527081992e-02 6.302913063268092975e-01 2.753755120619025831e-01 2.503413746017296455e-03 0.000000000000000000e+00
5.360000000000000000e+05 1.339983605110357523e-01 9.160218479745106668e-02 6.308602639963586389e-01 2.751479289940828576e-01 2.389622212107419402e-03 0.000000000000000000e+00
5.440000000000000000e+05 1.359983360410512709e-01 9.569868001820663883e-02 6.264223941738734647e-01 2.730996813837050508e-01 4.779244424214838804e-03 0.000000000000000000e+00
5.520000000000000000e+05 1.379983115710667896e-01 9.604005461993628257e-02 6.274465179790623681e-01 2.733272644515248317e-01 3.186162949476558769e-03 0.000000000000000000e+00
5.600000000000000000e+05 1.399982871010820862e-01 9.478834774692762588e-02 6.289258079198907225e-01 2.734410559854346667e-01 2.844788347746927612e-03 0.000000000000000000e+00
5.680000000000000000e+05 1.419982626310976048e-01 1.002503413746017313e-01 6.232362312243968638e-01 2.703686845698680119e-01 6.144742831133363434e-03 0.000000000000000000e+00
5.760000000000000000e+05 1.439982381611131235e-01 1.045744196631770567e-01 6.216431497496586189e-01 2.686618115612198210e-01 5.120619025944469528e-03 0.000000000000000000e+00
5.840000000000000000e+05 1.459982136911284201e-01 1.107191624943104219e-01 6.168639053254437732e-01 2.683204369594902050e-01 4.096495220755575623e-03 0.000000000000000000e+00
5.920000000000000000e+05 1.479981892211439387e-01 1.111743286299499284e-01 6.144742831133364058e-01 2.663859808830222886e-01 7.965407373691398007e-03 0.000000000000000000e+00
6.000000000000000000e+05 1.499981647511594574e-01 2.001593081474738189e-01 5.782885753299954468e-01 2.098315885298133732e-01 1.172052799271734204e-02 0.000000000000000000e+00
6.080000000000000000e+05 1.519981402811749760e-01 1.506599908966772816e-01 6.307464724624487484e-01 2.089212562585343602e-01 9.672280382339554228e-03 0.000000000000000000e+00
6.160000000000000000e+05 1.539981158111902726e-01 1.553254437869822369e-01 6.243741465634956578e-01 2.115384615384615363e-01 8.761948111060537808e-03 0.000000000000000000e+00
6.240000000000000000e+05 1.559980913412057912e-01 1.651115157032316816e-01 6.082157487482930946e-01 2.184797451069640517e-01 8.192990441511151245e-03 0.000000000000000000e+00
6.320000000000000000e+05 1.579980668712213099e-01 1.629494765589440120e-01 6.096950386891215601e-01 2.200728265817023244e-01 7.282658170232134826e-03 0.000000000000000000e+00
6.400000000000000000e+05 1.599980424012368285e-01 1.629494765589440120e-01 6.096950386891215601e-01 2.195038689121529274e-01 7.851615839781519654e-03 0.000000000000000000e+00
6.480000000000000000e+05 1.619980179312521251e-01 1.623805188893946427e-01 6.059399180700956178e-01 2.199590350477924339e-01 1.172052799271734204e-02 0.000000000000000000e+00
6.560000000000000000e+05 1.639979934612676438e-01 1.670459717796995980e-01 6.025261720527992360e-01 2.226900318616295005e-01 7.737824305871643035e-03 0.000000000000000000e+00
6.640000000000000000e+05 1.659979689912831624e-01 1.655666818388711881e-01 6.026399635867091265e-01 2.221210741920801035e-01 9.672280382339554228e-03 0.000000000000000000e+00
6.720000000000000000e+05 1.679979445212986811e-01 1.635184342284934089e-01 6.050295857988166048e-01 2.208693673190714746e-01 1.058261265361857065e-02 0.000000000000000000e+00
6.800000000000000000e+05 1.699979200513139777e-01 1.693218024578971304e-01 5.997951752389621971e-01 2.217796995903504875e-01 9.103322712790167665e-03 0.000000000000000000e+00
6.880000000000000000e+05 1.719978955813294963e-01 1.695493855257168836e-01 5.993400091033227461e-01 2.231451979972690070e-01 7.965407373691398007e-03 0.000000000000000000e+00
6.960000000000000000e+05 1.739978711113450149e-01 1.744424214838415921e-01 5.978607191624942807e-01 2.166590805644059980e-01 1.103777878925807886e-02 0.000000000000000000e+00
7.040000000000000000e+05 1.759978466413603115e-01 1.722803823395539502e-01 6.010468821119708815e-01 2.187073281747838049e-01 7.965407373691398007e-03 0.000000000000000000e+00
7.120000000000000000e+05 1.779978221713758302e-01 1.412152935821574806e-01 6.819526627218934767e-01 1.708010923987255403e-01 6.030951297223486815e-03 0.000000000000000000e+00
7.200000000000000000e+05 1.799977977013913488e-01 1.447428311333636697e-01 6.776285844333181929e-01 1.715976331360946627e-01 6.030951297223486815e-03 0.000000000000000000e+00
7.280000000000000000e+05 1.819977732314068675e-01 1.437187073281747940e-01 6.809285389167045732e-01 1.703459262630860338e-01 5.006827492034592909e-03 0.000000000000000000e+00
7.360000000000000000e+05 1.839977487614221641e-01 1.449704142011834229e-01 6.781975421028675344e-01 1.715976331360946627e-01 5.234410559854347014e-03 0.000000000000000000e+00
7.440000000000000000e+05 1.859977242914376827e-01 1.470186618115612298e-01 6.754665452890304955e-01 1.723941738734638129e-01 5.120619025944469528e-03 0.000000000000000000e+00
7.520000000000000000e+05 1.879976998214532014e-01 1.436049157942649035e-01 6.781975421028675344e-01 1.730769230769230727e-01 5.120619025944469528e-03 0.000000000000000000e+00
7.600000000000000000e+05 1.899976753514687200e-01 1.465634956759217233e-01 6.753527537551206050e-01 1.735320892125625791e-01 4.551661356395083832e-03 0.000000000000000000e+00
7.680000000000000000e+05 1.919976508814840166e-01 1.398497951752389612e-01 6.736458807464724696e-01 1.822940373236231204e-01 4.210286754665453109e-03 0.000000000000000000e+00
7.760000000000000000e+05 1.939976264114995352e-01 1.428083750568957533e-01 6.729631315430132377e-01 1.802457897132453413e-01 3.982703686845699004e-03 0.000000000000000000e+00
7.840000000000000000e+05 1.959976019415150539e-01 1.428083750568957533e-01 6.710286754665453213e-01 1.835457441966317771e-01 2.617205279927173507e-03 0.000000000000000000e+00
7.920000000000000000e+05 1.979975774715305725e-01 1.433773327264451503e-01 6.709148839326354308e-01 1.828629949931725174e-01 2.844788347746927612e-03 0.000000000000000000e+00
8.000000000000000000e+05 1.999975530015458691e-01 1.455393718707328199e-01 6.696631770596267463e-01 1.816112881201638607e-01 3.186162949476558769e-03 0.000000000000000000e+00
8.080000000000000000e+05 2.019975285315613878e-01 1.470186618115612298e-01 6.659080564406008040e-01 1.837733272644515303e-01 3.299954483386436255e-03 0.000000000000000000e+00
8.160000000000000000e+05 2.039975040615769064e-01 1.473600364132908458e-01 6.678425125170687204e-01 1.821802457897132577e-01 2.617205279927173507e-03 0.000000000000000000e+00
8.240000000000000000e+05 2.059974795915922030e-01 1.490669094219390090e-01 6.632908511606736557e-01 1.832043695949021334e-01 4.437869822485207214e-03 0.000000000000000000e+00
8.320000000000000000e+05 2.079974551216077217e-01 1.555530268548019901e-01 6.409877105143377829e-01 1.979972690031861493e-01 5.461993627674101119e-03 0.000000000000000000e+00
8.400000000000000000e+05 2.099974306516232403e-01 1.586253982703686727e-01 6.390532544378698665e-01 1.969731451979972736e-01 5.348202093764223633e-03 0.000000000000000000e+00
8.480000000000000000e+05 2.119974061816387589e-01 1.548702776513427304e-01 6.358670914883932657e-01 2.041420118343195145e-01 5.120619025944469528e-03 0.000000000000000000e+00
8.560000000000000000e+05 2.139973817116540555e-01 1.537323623122439642e-01 6.372325898953118406e-01 2.052799271734183084e-01 3.755120619025944465e-03 0.000000000000000000e+00
8.640000000000000000e+05 2.159973572416695742e-01 1.539599453800637174e-01 6.325671370050067743e-01 2.078971324533454845e-01 5.575785161583977738e-03 0.000000000000000000e+00
8.720000000000000000e+05 2.179973327716850928e-01 1.519116977696859383e-01 6.376877560309512916e-01 2.039144287664997612e-01 6.486117432862995025e-03 0.000000000000000000e+00
8.800000000000000000e+05 2.199973083017006115e-01 1.512289485662266786e-01 6.326809285389166648e-01 2.094902139280837572e-01 6.599908966772872511e-03 0.000000000000000000e+00
8.880000000000000000e+05 2.219972838317159081e-01 1.430359581247155343e-01 6.598771051433773849e-01 1.888939462903959920e-01 8.192990441511151245e-03 0.000000000000000000e+00
8.960000000000000000e+05 2.239972593617314267e-01 1.406463359126081114e-01 6.603322712790168358e-01 1.910559854346836617e-01 7.965407373691398007e-03 0.000000000000000000e+00
9.040000000000000000e+05 2.259972348917469454e-01 1.392808375056895642e-01 6.639736003641328876e-01 1.890077378243058825e-01 7.737824305871643035e-03 0.000000000000000000e+00
9.120000000000000000e+05 2.279972104217622419e-01 1.398497951752389612e-01 6.605598543468366168e-01 1.917387346381429214e-01 7.851615839781519654e-03 0.000000000000000000e+00
9.200000000000000000e+05 2.299971859517777606e-01 1.404187528447883582e-01 6.561219845243514426e-01 1.939007737824305910e-01 9.558488848429677609e-03 0.000000000000000000e+00
9.280000000000000000e+05 2.319971614817932792e-01 1.404187528447883582e-01 6.583978152025489194e-01 1.919663177059626746e-01 9.217114246700046018e-03 0.000000000000000000e+00
9.360000000000000000e+05 2.339971370118087979e-01 1.381429221665907980e-01 6.591943559399180419e-01 1.915111515703231682e-01 1.115157032316795548e-02 0.000000000000000000e+00
9.440000000000000000e+05 2.359971125418240945e-01 1.374601729631315383e-01 6.586253982703687004e-01 1.940145653163404538e-01 9.899863450159307465e-03 0.000000000000000000e+00
9.520000000000000000e+05 2.379970880718396131e-01 1.400773782430587144e-01 6.543013199817933057e-01 1.934456076467910846e-01 1.217569412835685025e-02 0.000000000000000000e+00
9.600000000000000000e+05 2.399970636018551318e-01 1.429221665908056438e-01 6.569185252617205650e-01 1.901456531634046487e-01 1.001365498406918582e-02 0.000000000000000000e+00
9.680000000000000000e+05 2.419970391318706504e-01 1.462221210741920796e-01 6.483841602184797770e-01 1.929904415111515781e-01 1.240327719617660522e-02 0.000000000000000000e+00
9.760000000000000000e+05 2.439970146618859470e-01 1.488393263541192557e-01 6.437187073281748217e-01 1.946973145197997135e-01 1.274465179790623508e-02 0.000000000000000000e+00
9.840000000000000000e+05 2.459969901919014656e-01 1.486117432862995025e-01 6.444014565316340537e-01 1.964041875284478766e-01 1.058261265361857065e-02 0.000000000000000000e+00
9.920000000000000000e+05 2.479969657219169843e-01 1.512289485662266786e-01 6.395084205735093175e-01 1.977696859353663961e-01 1.149294492489758707e-02 0.000000000000000000e+00
1.000000000000000000e+06 2.499969412519325029e-01 1.512289485662266786e-01 6.354119253527537037e-01 2.042558033682294050e-01 9.103322712790167665e-03 0.000000000000000000e+00
1.008000000000000000e+06 2.519969167819477995e-01 1.510013654984069253e-01 6.276741010468821491e-01 2.125625853436504398e-01 8.761948111060537808e-03 0.000000000000000000e+00
1.016000000000000000e+06 2.539968923119633182e-01 1.535047792444242110e-01 6.246017296313154388e-01 2.111970869367319203e-01 1.069640418752844727e-02 0.000000000000000000e+00
1.024000000000000000e+06 2.559968678419788368e-01 1.517979062357760478e-01 6.213017751479289474e-01 2.148384160218479721e-01 1.206190259444697363e-02 0.000000000000000000e+00
1.032000000000000000e+06 2.579968433719941334e-01 1.557806099226217433e-01 6.169776968593536637e-01 2.170004551661356418e-01 1.024123805188893906e-02 0.000000000000000000e+00
1.040000000000000000e+06 2.599968189020096521e-01 1.547564861174328676e-01 6.099226217569412301e-01 2.279244424214838527e-01 7.396449704142011444e-03 0.000000000000000000e+00
1.048000000000000000e+06 2.619967944320251707e-01 1.561219845243513871e-01 6.058261265361857273e-01 2.305416477014110288e-01 7.510241238051888930e-03 0.000000000000000000e+00
1.056000000000000000e+06 2.639967699620406894e-01 1.583978152025489194e-01 6.045744196631770428e-01 2.300864815657714946e-01 6.941283568502503235e-03 0.000000000000000000e+00
1.064000000000000000e+06 2.659967454920559859e-01 1.548702776513427304e-01 6.061675011379152878e-01 2.308830223031406448e-01 8.079198907601274626e-03 0.000000000000000000e+00
1.072000000000000000e+06 2.679967210220715046e-01 1.627218934911242587e-01 5.968365953573053773e-01 2.352071005917159841e-01 5.234410559854347014e-03 0.000000000000000000e+00
1.080000000000000000e+06 2.699966965520870232e-01 1.560081929904415243e-01 6.024123805188893455e-01 2.345243513882567243e-01 7.055075102412380721e-03 0.000000000000000000e+00
1.088000000000000000e+06 2.719966720821025419e-01 1.569185252617205373e-01 5.968365953573053773e-01 2.374829312699135164e-01 8.761948111060537808e-03 0.000000000000000000e+00
1.096000000000000000e+06 2.739966476121178385e-01 1.593081474738279601e-01 5.942193900773782289e-01 2.398725534820209393e-01 6.599908966772872511e-03 0.000000000000000000e+00
1.104000000000000000e+06 2.759966231421333571e-01 1.565771506599908935e-01 5.931952662721893255e-01 2.431725079654073751e-01 7.055075102412380721e-03 0.000000000000000000e+00
1.112000000000000000e+06 2.779965986721488758e-01 1.619253527537551085e-01 5.922849340009103125e-01 2.394173873463814328e-01 6.372325898953117539e-03 0.000000000000000000e+00
1.120000000000000000e+06 2.799965742021643944e-01 1.589667728720983164e-01 5.894401456531633832e-01 2.452207555757851543e-01 6.372325898953117539e-03 0.000000000000000000e+00
1.128000000000000000e+06 2.819965497321796910e-01 1.657942649066909413e-01 5.799954483386435822e-01 2.471552116522530707e-01 7.055075102412380721e-03 0.000000000000000000e+00
1.136000000000000000e+06 2.839965252621952096e-01 1.654528903049612976e-01 5.780609922621756658e-01 2.486345015930814806e-01 7.851615839781519654e-03 0.000000000000000000e+00
1.144000000000000000e+06 2.859965007922107283e-01 1.687528447883477334e-01 5.774920345926263243e-01 2.460172963131543045e-01 7.737824305871643035e-03 0.000000000000000000e+00
1.152000000000000000e+06 2.879964763222260249e-01 1.660218479745106945e-01 5.753299954483386269e-01 2.492034592626308498e-01 9.444697314519799256e-03 0.000000000000000000e+00
1.160000000000000000e+06 2.899964518522415435e-01 1.735320892125625791e-01 5.736231224396904915e-01 2.471552116522530707e-01 5.689576695493855224e-03 0.000000000000000000e+00
1.168000000000000000e+06 2.919964273822570622e-01 1.728493400091033194e-01 5.713472917614929036e-01 2.490896677287209870e-01 6.713700500682749130e-03 0.000000000000000000e+00
1.176000000000000000e+06 2.939964029122725808e-01 1.756941283568502488e-01 5.713472917614929036e-01 2.470414201183432079e-01 5.917159763313609329e-03 0.000000000000000000e+00
1.184000000000000000e+06 2.959963784422878774e-01 1.777423759672280279e-01 5.698680018206645492e-01 2.455621301775147980e-01 6.827492034592626616e-03 0.000000000000000000e+00
1.192000000000000000e+06 2.979963539723033961e-01 1.775147928994082747e-01 5.719162494310423561e-01 2.444242148384160318e-01 6.144742831133363434e-03 0.000000000000000000e+00
1.200000000000000000e+06 2.999963295023189147e-01 1.781975421028675344e-01 5.642922166590805810e-01 2.505689576695493970e-01 6.941283568502503235e-03 0.000000000000000000e+00
1.208000000000000000e+06 3.019963050323344333e-01 1.754665452890304955e-01 6.137915339098770628e-01 2.022075557578516258e-01 8.534365043240782836e-03 0.000000000000000000e+00
1.216000000000000000e+06 3.039962805623497299e-01 1.564633591260810308e-01 6.488393263541192280e-01 1.885525716886663761e-01 6.144742831133363434e-03 0.000000000000000000e+00
1.224000000000000000e+06 3.059962560923652486e-01 1.606736458807464796e-01 6.487255348202093375e-01 1.857077833409194467e-01 4.893035958124715423e-03 0.000000000000000000e+00
1.232000000000000000e+06 3.079962316223807672e-01 1.382567137005006885e-01 6.928766499772417431e-01 1.657942649066909413e-01 3.072371415566681717e-03 0.000000000000000000e+00
1.240000000000000000e+06 3.099962071523962859e-01 1.312016385980883104e-01 7.121074192080109055e-01 1.527082385070550885e-01 3.982703686845699004e-03 0.000000000000000000e+00
1.248000000000000000e+06 3.119961826824115825e-01 1.309740555302685572e-01 7.115384615384615641e-01 1.530496131087847045e-01 4.437869822485207214e-03 0.000000000000000000e+00
1.256000000000000000e+06 3.139961582124271011e-01 1.302913063268092975e-01 7.123350022758306865e-01 1.532771961766044577e-01 4.096495220755575623e-03 0.000000000000000000e+00
1.264000000000000000e+06 3.159961337424426198e-01 1.322257624032771861e-01 7.092626308602639762e-01 1.545289030496131144e-01 3.982703686845699004e-03 0.000000000000000000e+00
1.272000000000000000e+06 3.179961092724579164e-01 1.292671825216203940e-01 7.111970869367318926e-01 1.555530268548019901e-01 3.982703686845699004e-03 0.000000000000000000e+00
1.280000000000000000e+06 3.199960848024734350e-01 1.313154301319981732e-01 7.111970869367318926e-01 1.530496131087847045e-01 4.437869822485207214e-03 0.000000000000000000e+00
1.288000000000000000e+06 3.219960603324889536e-01 1.305188893946290507e-01 7.171142467000455323e-01 1.478152025489303523e-01 4.551661356395083832e-03 0.000000000000000000e+00
1.296000000000000000e+06 3.239960358625044723e-01 1.299499317250796537e-01 7.215521165225307065e-01 1.428083750568957533e-01 5.689576695493855224e-03 0.000000000000000000e+00
1.304000000000000000e+06 3.259960113925197689e-01 1.322257624032771861e-01 7.163177059626764098e-01 1.449704142011834229e-01 6.486117432862995025e-03 0.000000000000000000e+00
1.312000000000000000e+06 3.279959869225352875e-01 1.370050068274920319e-01 7.197314519799726806e-01 1.393946290395994547e-01 3.868912152935821518e-03 0.000000000000000000e+00
1.320000000000000000e+06 3.299959624525508062e-01 1.378015475648611821e-01 7.139280837505689314e-01 1.434911242603550408e-01 4.779244424214838804e-03 0.000000000000000000e+00
1.328000000000000000e+06 3.319959379825663248e-01 1.355257168866636219e-01 7.188211197086936677e-01 1.401911697769686049e-01 5.461993627674101119e-03 0.000000000000000000e+00
1.336000000000000000e+06 3.339959135125816214e-01 1.210741920801092358e-01 8.320436959490213891e-01 4.346836595357305572e-02 3.413746017296313308e-03 0.000000000000000000e+00
1.344000000000000000e+06 3.359958890425971401e-01 9.899863450159307465e-02 8.854119253527537037e-01 1.342740100136549826e-02 2.162039144287664864e-03 0.000000000000000000e+00
1.352000000000000000e+06 3.379958645726126587e-01 9.831588529813381494e-02 8.855257168866635942e-01 1.319981793354574502e-02 2.958579881656804664e-03 0.000000000000000000e+00
1.360000000000000000e+06 3.399958401026281773e-01 9.945380063723259501e-02 8.840464269458352398e-01 1.331360946745562164e-02 3.186162949476558769e-03 0.000000000000000000e+00
1.368000000000000000e+06 3.419958156326434739e-01 1.000227583067819781e-01 8.837050523441055683e-01 1.365498406918525323e-02 2.617205279927173507e-03 0.000000000000000000e+00
1.376000000000000000e+06 3.439957911626589926e-01 9.831588529813381494e-02 8.855257168866635942e-01 1.297223486572599005e-02 3.186162949476558769e-03 0.000000000000000000e+00
1.384000000000000000e+06 3.459957666926745112e-01 9.968138370505234824e-02 8.841602184797451303e-01 1.319981793354574502e-02 2.958579881656804664e-03 0.000000000000000000e+00
1.392000000000000000e+06 3.479957422226898078e-01 1.013882567137004975e-01 8.850705507510241432e-01 1.126536185707783383e-02 2.275830678197541916e-03 0.000000000000000000e+00
1.400000000000000000e+06 3.499957177527053265e-01 9.956759217114247162e-02 8.840464269458352398e-01 1.399635867091488309e-02 2.389622212107419402e-03 0.000000000000000000e+00
1.408000000000000000e+06 3.519956932827208451e-01 9.945380063723259501e-02 8.839326354119253493e-01 1.354119253527537488e-02 3.072371415566681717e-03 0.000000000000000000e+00
1.416000000000000000e+06 3.539956688127363638e-01 9.945380063723259501e-02 8.863222576240327166e-01 1.240327719617660522e-02 1.820664542558033706e-03 0.000000000000000000e+00
1.424000000000000000e+06 3.559956443427516604e-01 9.797451069640418508e-02 8.860946745562130467e-01 1.274465179790623508e-02 3.186162949476558769e-03 0.000000000000000000e+00
1.432000000000000000e+06 3.579956198727671790e-01 9.911242603550296515e-02 8.831360946745562268e-01 1.422394173873463806e-02 3.527537551206190360e-03 0.000000000000000000e+00
1.440000000000000000e+06 3.599955954027826976e-01 1.026399635867091542e-01 8.818843878015475424e-01 1.251706873008648184e-02 2.958579881656804664e-03 0.000000000000000000e+00
1.448000000000000000e+06 3.619955709327982163e-01 9.763313609467455523e-02 8.863222576240327166e-01 1.308602639963586667e-02 2.958579881656804664e-03 0.000000000000000000e+00
1.456000000000000000e+06 3.639955464628135129e-01 9.968138370505234824e-02 8.819981793354574329e-01 1.547564861174328607e-02 2.844788347746927612e-03 0.000000000000000000e+00
1.464000000000000000e+06 3.659955219928290315e-01 1.009330905780609910e-01 8.821119708693673234e-01 1.467910787437414627e-02 2.275830678197541916e-03 0.000000000000000000e+00
1.472000000000000000e+06 3.679954975228445502e-01 1.044606281292671801e-01 8.709604005461993870e-01 2.196176604460628110e-02 2.617205279927173507e-03 0.000000000000000000e+00
1.480000000000000000e+06 3.699954730528598468e-01 1.055985434683659602e-01 8.702776513427401550e-01 2.162039144287665124e-02 2.503413746017296455e-03 0.000000000000000000e+00
1.488000000000000000e+06 3.719954485828753654e-01 1.065088757396449731e-01 8.689121529358215801e-01 2.241693218024579104e-02 2.162039144287664864e-03 0.000000000000000000e+00
1.496000000000000000e+06 3.739954241128908841e-01 1.075329995448338627e-01 8.673190714610833352e-01 2.309968138370505075e-02 2.048247610377787811e-03 0.000000000000000000e+00
1.504000000000000000e+06 3.759953996429064027e-01 1.081019572143832458e-01 8.632225762403277214e-01 2.594446973145198010e-02 2.730996813837050560e-03 0.000000000000000000e+00
1.512000000000000000e+06 3.779953751729216993e-01 1.079881656804733692e-01 8.624260355029585989e-01 2.662721893491124328e-02 2.958579881656804664e-03 0.000000000000000000e+00
1.520000000000000000e+06 3.799953507029372179e-01 1.094674556213017791e-01 8.604915794264906825e-01 2.810650887573964626e-02 1.934456076467910759e-03 0.000000000000000000e+00
1.528000000000000000e+06 3.819953262329527366e-01 1.094674556213017791e-01 8.577605826126536437e-01 2.913063268092853930e-02 3.641329085116067413e-03 0.000000000000000000e+00
1.536000000000000000e+06 3.839953017629682552e-01 1.063950842057350965e-01 8.632225762403277214e-01 2.662721893491124328e-02 3.755120619025944465e-03 0.000000000000000000e+00
1.544000000000000000e+06 3.859952772929835518e-01 1.075329995448338627e-01 8.635639508420573929e-01 2.708238507055074976e-02 1.820664542558033706e-03 0.000000000000000000e+00
1.552000000000000000e+06 3.879952528229990705e-01 1.110605370960400518e-01 8.540054619936277014e-01 3.265817023213472836e-02 2.275830678197541916e-03 0.000000000000000000e+00
1.560000000000000000e+06 3.899952283530148112e-01 1.111743286299499284e-01 8.330678197542102925e-01 5.257168866636321991e-02 3.186162949476558769e-03 0.000000000000000000e+00
1.568000000000000000e+06 3.919952038830301078e-01 1.086709148839326289e-01 8.633363677742376119e-01 2.435138825671370050e-02 3.641329085116067413e-03 0.000000000000000000e+00
1.576000000000000000e+06 3.939951794130456264e-01 1.092398725534820259e-01 8.661811561219845412e-01 2.196176604460628110e-02 2.617205279927173507e-03 0.000000000000000000e+00
1.584000000000000000e+06 3.959951549430611450e-01 1.086709148839326289e-01 8.659535730541647602e-01 2.196176604460628110e-02 3.413746017296313308e-03 0.000000000000000000e+00
1.592000000000000000e+06 3.979951304730764416e-01 1.090122894856622726e-01 8.654984069185253093e-01 2.218934911242603433e-02 3.299954483386436255e-03 0.000000000000000000e+00
1.600000000000000000e+06 3.999951060030919603e-01 1.082157487482931224e-01 8.699362767410104835e-01 2.059626763768775473e-02 1.251706873008648227e-03 0.000000000000000000e+00
1.608000000000000000e+06 4.019950815331074789e-01 1.092398725534820259e-01 8.683431952662722386e-01 2.093764223941738806e-02 1.479289940828402332e-03 0.000000000000000000e+00
1.616000000000000000e+06 4.039950570631229976e-01 1.068502503413746030e-01 8.700500682749203740e-01 2.162039144287665124e-02 1.479289940828402332e-03 0.000000000000000000e+00
1.624000000000000000e+06 4.059950325931382942e-01 1.070778334091943562e-01 8.693673190714610310e-01 2.093764223941738806e-02 2.617205279927173507e-03 0.000000000000000000e+00
1.632000000000000000e+06 4.079950081231538128e-01 1.076467910787437393e-01 8.710741920801092775e-01 1.968593536640873831e-02 1.593081474738279385e-03 0.000000000000000000e+00
1.640000000000000000e+06 4.099949836531693315e-01 1.071916249431042328e-01 8.689121529358215801e-01 2.253072371415566766e-02 1.365498406918525280e-03 0.000000000000000000e+00
1.648000000000000000e+06 4.119949591831848501e-01 1.085571233500227523e-01 8.719845243513882904e-01 1.797906235776058209e-02 1.479289940828402332e-03 0.000000000000000000e+00
1.656000000000000000e+06 4.139949347132001467e-01 1.062812926718252199e-01 8.670914883932635542e-01 2.639963586709149004e-02 2.275830678197542133e-04 0.000000000000000000e+00
1.664000000000000000e+06 4.159949102432156653e-01 1.044606281292671801e-01 8.682294037323623481e-01 2.696859353664087314e-02 3.413746017296313199e-04 0.000000000000000000e+00
1.672000000000000000e+06 4.179948857732311840e-01 1.048020027309968100e-01 8.681156121984524576e-01 2.662721893491124328e-02 4.551661356395084266e-04 0.000000000000000000e+00
1.680000000000000000e+06 4.199948613032464806e-01 1.059399180700955900e-01 8.676604460628128956e-01 2.571688666363222686e-02 6.827492034592626399e-04 0.000000000000000000e+00
1.688000000000000000e+06 4.219948368332619992e-01 1.067364588074647264e-01 8.683431952662722386e-01 2.457897132453345374e-02 3.413746017296313199e-04 0.000000000000000000e+00
1.696000000000000000e+06 4.239948123632775179e-01 1.057123350022758368e-01 8.689121529358215801e-01 2.526172052799271692e-02 1.137915339098771066e-04 0.000000000000000000e+00
1.704000000000000000e+06 4.259947878932930365e-01 1.065088757396449731e-01 8.683431952662722386e-01 2.492034592626308706e-02 2.275830678197542133e-04 0.000000000000000000e+00
1.712000000000000000e+06 4.279947634233083331e-01 1.060537096040054666e-01 8.680018206645425671e-01 2.548930359581247015e-02 4.551661356395084266e-04 0.000000000000000000e+00
1.720000000000000000e+06 4.299947389533238518e-01 1.062812926718252199e-01 8.682294037323623481e-01 2.526172052799271692e-02 2.275830678197542133e-04 0.000000000000000000e+00
1.728000000000000000e+06 4.319947144833393704e-01 1.055985434683659602e-01 8.691397360036413611e-01 2.492034592626308706e-02 3.413746017296313199e-04 0.000000000000000000e+00
1.736000000000000000e+06 4.339946900133548890e-01 1.069640418752844796e-01 8.692535275375512516e-01 2.344105598543468408e-02 3.413746017296313199e-04 0.000000000000000000e+00
1.744000000000000000e+06 4.359946655433701856e-01 1.067364588074647264e-01 8.692535275375512516e-01 2.332726445152480746e-02 6.827492034592626399e-04 0.000000000000000000e+00
1.752000000000000000e+06 4.379946410733857043e-01 1.060537096040054666e-01 8.705052344105598250e-01 2.321347291761493084e-02 2.275830678197542133e-04 0.000000000000000000e+00
1.760000000000000000e+06 4.399946166034012229e-01 1.084433318161128756e-01 8.672052799271734447e-01 2.423759672280382388e-02 1.137915339098771066e-04 0.000000000000000000e+00
1.768000000000000000e+06 4.419945921334167416e-01 1.073054164770141095e-01 8.673190714610833352e-01 2.492034592626308706e-02 4.551661356395084266e-04 0.000000000000000000e+00
1.776000000000000000e+06 4.439945676634320382e-01 1.088984979517523960e-01 8.677742375967227861e-01 2.309968138370505075e-02 2.275830678197542133e-04 0.000000000000000000e+00
1.784000000000000000e+06 4.459945431934475568e-01 1.100364132908511622e-01 8.680018206645425671e-01 2.162039144287665124e-02 3.413746017296313199e-04 0.000000000000000000e+00
1.792000000000000000e+06 4.479945187234630755e-01 1.106053709604005453e-01 8.677742375967227861e-01 2.105143377332726468e-02 5.689576695493854790e-04 0.000000000000000000e+00
1.800000000000000000e+06 4.499944942534783721e-01 1.095812471552116557e-01 8.683431952662722386e-01 2.173418297678652786e-02 3.413746017296313199e-04 0.000000000000000000e+00
1.808000000000000000e+06 4.519944697834938907e-01 1.103777878925807920e-01 8.685707783340919086e-01 2.071005917159763482e-02 3.413746017296313199e-04 0.000000000000000000e+00
1.816000000000000000e+06 4.539944453135094093e-01 1.092398725534820259e-01 8.691397360036413611e-01 2.093764223941738806e-02 6.827492034592626399e-04 0.000000000000000000e+00
