# itime ezz other fcc hcp bcc ico
0.000000000000000000e+00 0.000000000000000000e+00 0.000000000000000000e+00 1.000000000000000000e+00 0.000000000000000000e+00 0.000000000000000000e+00 0.000000000000000000e+00
4.000000000000000000e+03 9.999792054686817977e-04 0.000000000000000000e+00 1.000000000000000000e+00 0.000000000000000000e+00 0.000000000000000000e+00 0.000000000000000000e+00
8.000000000000000000e+03 1.999958410937585640e-03 0.000000000000000000e+00 1.000000000000000000e+00 0.000000000000000000e+00 0.000000000000000000e+00 0.000000000000000000e+00
1.200000000000000000e+04 2.999937616406267438e-03 0.000000000000000000e+00 1.000000000000000000e+00 0.000000000000000000e+00 0.000000000000000000e+00 0.000000000000000000e+00
1.600000000000000000e+04 3.999916821875171280e-03 0.000000000000000000e+00 1.000000000000000000e+00 0.000000000000000000e+00 0.000000000000000000e+00 0.000000000000000000e+00
2.000000000000000000e+04 4.999896027343853078e-03 0.000000000000000000e+00 1.000000000000000000e+00 0.000000000000000000e+00 0.000000000000000000e+00 0.000000000000000000e+00
2.400000000000000000e+04 5.999875232812534875e-03 0.000000000000000000e+00 1.000000000000000000e+00 0.000000000000000000e+00 0.000000000000000000e+00 0.000000000000000000e+00
2.800000000000000000e+04 6.999854438281438718e-03 0.000000000000000000e+00 1.000000000000000000e+00 0.000000000000000000e+00 0.000000000000000000e+00 0.000000000000000000e+00
3.200000000000000000e+04 7.999833643750120515e-03 0.000000000000000000e+00 1.000000000000000000e+00 0.000000000000000000e+00 0.000000000000000000e+00 0.000000000000000000e+00
3.600000000000000000e+04 8.999812849219024358e-03 0.000000000000000000e+00 1.000000000000000000e+00 0.000000000000000000e+00 0.000000000000000000e+00 0.000000000000000000e+00
4.000000000000000000e+04 9.999792054687706155e-03 0.000000000000000000e+00 1.000000000000000000e+00 0.000000000000000000e+00 0.000000000000000000e+00 0.000000000000000000e+00
4.400000000000000000e+04 1.099977126015661000e-02 0.000000000000000000e+00 1.000000000000000000e+00 0.000000000000000000e+00 0.000000000000000000e+00 0.000000000000000000e+00
4.800000000000000000e+04 1.199975046562529180e-02 0.000000000000000000e+00 1.000000000000000000e+00 0.000000000000000000e+00 0.000000000000000000e+00 0.000000000000000000e+00
5.200000000000000000e+04 1.299972967109397359e-02 0.000000000000000000e+00 1.000000000000000000e+00 0.000000000000000000e+00 0.000000000000000000e+00 0.000000000000000000e+00
5.600000000000000000e+04 1.399970887656287744e-02 0.000000000000000000e+00 1.000000000000000000e+00 0.000000000000000000e+00 0.000000000000000000e+00 0.000000000000000000e+00
6.000000000000000000e+04 1.499968808203155923e-02 0.000000000000000000e+00 1.000000000000000000e+00 0.000000000000000000e+00 0.000000000000000000e+00 0.000000000000000000e+00
6.400000000000000000e+04 1.599966728750046308e-02 0.000000000000000000e+00 1.000000000000000000e+00 0.000000000000000000e+00 0.000000000000000000e+00 0.000000000000000000e+00
6.800000000000000000e+04 1.699964649296914487e-02 0.000000000000000000e+00 1.000000000000000000e+00 0.000000000000000000e+00 0.000000000000000000e+00 0.000000000000000000e+00
7.200000000000000000e+04 1.799962569843782667e-02 0.000000000000000000e+00 1.000000000000000000e+00 0.000000000000000000e+00 0.000000000000000000e+00 0.000000000000000000e+00
7.600000000000000000e+04 1.899960490390673051e-02 0.000000000000000000e+00 1.000000000000000000e+00 0.000000000000000000e+00 0.000000000000000000e+00 0.000000000000000000e+00
8.000000000000000000e+04 1.999958410937541231e-02 0.000000000000000000e+00 1.000000000000000000e+00 0.000000000000000000e+00 0.000000000000000000e+00 0.000000000000000000e+00
8.400000000000000000e+04 2.099956331484431615e-02 0.000000000000000000e+00 1.000000000000000000e+00 0.000000000000000000e+00 0.000000000000000000e+00 0.000000000000000000e+00
8.800000000000000000e+04 2.199954252031299795e-02 0.000000000000000000e+00 1.000000000000000000e+00 0.000000000000000000e+00 0.000000000000000000e+00 0.000000000000000000e+00
9.200000000000000000e+04 2.299952172578167975e-02 0.000000000000000000e+00 1.000000000000000000e+00 0.000000000000000000e+00 0.000000000000000000e+00 0.000000000000000000e+00
9.600000000000000000e+04 2.399950093125058359e-02 0.000000000000000000e+00 1.000000000000000000e+00 0.000000000000000000e+00 0.000000000000000000e+00 0.000000000000000000e+00
1.000000000000000000e+05 2.499948013671926539e-02 0.000000000000000000e+00 1.000000000000000000e+00 0.000000000000000000e+00 0.000000000000000000e+00 0.000000000000000000e+00
1.040000000000000000e+05 2.599945934218816923e-02 0.000000000000000000e+00 1.000000000000000000e+00 0.000000000000000000e+00 0.000000000000000000e+00 0.000000000000000000e+00
1.080000000000000000e+05 2.699943854765685103e-02 0.000000000000000000e+00 1.000000000000000000e+00 0.000000000000000000e+00 0.000000000000000000e+00 0.000000000000000000e+00
1.120000000000000000e+05 2.799941775312575487e-02 0.000000000000000000e+00 1.000000000000000000e+00 0.000000000000000000e+00 0.000000000000000000e+00 0.000000000000000000e+00
1.160000000000000000e+05 2.899939695859443667e-02 0.000000000000000000e+00 1.000000000000000000e+00 0.000000000000000000e+00 0.000000000000000000e+00 0.000000000000000000e+00
1.200000000000000000e+05 2.999937616406311847e-02 0.000000000000000000e+00 1.000000000000000000e+00 0.000000000000000000e+00 0.000000000000000000e+00 0.000000000000000000e+00
1.240000000000000000e+05 3.099935536953202231e-02 0.000000000000000000e+00 1.000000000000000000e+00 0.000000000000000000e+00 0.000000000000000000e+00 0.000000000000000000e+00
1.280000000000000000e+05 3.199933457500070411e-02 0.000000000000000000e+00 1.000000000000000000e+00 0.000000000000000000e+00 0.000000000000000000e+00 0.000000000000000000e+00
1.320000000000000000e+05 3.299931378046960795e-02 0.000000000000000000e+00 1.000000000000000000e+00 0.000000000000000000e+00 0.000000000000000000e+00 0.000000000000000000e+00
1.360000000000000000e+05 3.399929298593828975e-02 0.000000000000000000e+00 1.000000000000000000e+00 0.000000000000000000e+00 0.000000000000000000e+00 0.000000000000000000e+00
1.400000000000000000e+05 3.499927219140697154e-02 0.000000000000000000e+00 1.000000000000000000e+00 0.000000000000000000e+00 0.000000000000000000e+00 0.000000000000000000e+00
1.440000000000000000e+05 3.599925139687587539e-02 0.000000000000000000e+00 1.000000000000000000e+00 0.000000000000000000e+00 0.000000000000000000e+00 0.000000000000000000e+00
1.480000000000000000e+05 3.699923060234455718e-02 0.000000000000000000e+00 1.000000000000000000e+00 0.000000000000000000e+00 0.000000000000000000e+00 0.000000000000000000e+00
1.520000000000000000e+05 3.799920980781346103e-02 0.000000000000000000e+00 1.000000000000000000e+00 0.000000000000000000e+00 0.000000000000000000e+00 0.000000000000000000e+00
1.560000000000000000e+05 3.899918901328214282e-02 0.000000000000000000e+00 1.000000000000000000e+00 0.000000000000000000e+00 0.000000000000000000e+00 0.000000000000000000e+00
1.600000000000000000e+05 3.999916821875104667e-02 0.000000000000000000e+00 1.000000000000000000e+00 0.000000000000000000e+00 0.000000000000000000e+00 0.000000000000000000e+00
1.640000000000000000e+05 4.099914742421972846e-02 0.000000000000000000e+00 1.000000000000000000e+00 0.000000000000000000e+00 0.000000000000000000e+00 0.000000000000000000e+00
1.680000000000000000e+05 4.199912662968841026e-02 0.000000000000000000e+00 1.000000000000000000e+00 0.000000000000000000e+00 0.000000000000000000e+00 0.000000000000000000e+00
1.720000000000000000e+05 4.299910583515731410e-02 0.000000000000000000e+00 1.000000000000000000e+00 0.000000000000000000e+00 0.000000000000000000e+00 0.000000000000000000e+00
1.760000000000000000e+05 4.399908504062599590e-02 0.000000000000000000e+00 1.000000000000000000e+00 0.000000000000000000e+00 0.000000000000000000e+00 0.000000000000000000e+00
1.800000000000000000e+05 4.499906424609489974e-02 0.000000000000000000e+00 1.000000000000000000e+00 0.000000000000000000e+00 0.000000000000000000e+00 0.000000000000000000e+00
1.840000000000000000e+05 4.599904345156358154e-02 1.137915339098771066e-04 9.998862084660901095e-01 0.000000000000000000e+00 0.000000000000000000e+00 0.000000000000000000e+00
1.880000000000000000e+05 4.699902265703226334e-02 0.000000000000000000e+00 1.000000000000000000e+00 0.000000000000000000e+00 0.000000000000000000e+00 0.000000000000000000e+00
1.920000000000000000e+05 4.799900186250116718e-02 0.000000000000000000e+00 1.000000000000000000e+00 0.000000000000000000e+00 0.000000000000000000e+00 0.000000000000000000e+00
1.960000000000000000e+05 4.899898106796984898e-02 0.000000000000000000e+00 1.000000000000000000e+00 0.000000000000000000e+00 0.000000000000000000e+00 0.000000000000000000e+00
2.000000000000000000e+05 4.999896027343875282e-02 0.000000000000000000e+00 1.000000000000000000e+00 0.000000000000000000e+00 0.000000000000000000e+00 0.000000000000000000e+00
2.040000000000000000e+05 5.099893947890743462e-02 0.000000000000000000e+00 1.000000000000000000e+00 0.000000000000000000e+00 0.000000000000000000e+00 0.000000000000000000e+00
2.080000000000000000e+05 5.199891868437611642e-02 0.000000000000000000e+00 1.000000000000000000e+00 0.000000000000000000e+00 0.000000000000000000e+00 0.000000000000000000e+00
2.120000000000000000e+05 5.299889788984502026e-02 0.000000000000000000e+00 1.000000000000000000e+00 0.000000000000000000e+00 0.000000000000000000e+00 0.000000000000000000e+00
2.160000000000000000e+05 5.399887709531370206e-02 0.000000000000000000e+00 1.000000000000000000e+00 0.000000000000000000e+00 0.000000000000000000e+00 0.000000000000000000e+00
2.200000000000000000e+05 5.499885630078260590e-02 0.000000000000000000e+00 1.000000000000000000e+00 0.000000000000000000e+00 0.000000000000000000e+00 0.000000000000000000e+00
2.240000000000000000e+05 5.599883550625128770e-02 0.000000000000000000e+00 1.000000000000000000e+00 0.000000000000000000e+00 0.000000000000000000e+00 0.000000000000000000e+00
2.280000000000000000e+05 5.699881471172019154e-02 0.000000000000000000e+00 1.000000000000000000e+00 0.000000000000000000e+00 0.000000000000000000e+00 0.000000000000000000e+00
2.320000000000000000e+05 5.799879391718887334e-02 0.000000000000000000e+00 1.000000000000000000e+00 0.000000000000000000e+00 0.000000000000000000e+00 0.000000000000000000e+00
2.360000000000000000e+05 5.899877312265755513e-02 0.000000000000000000e+00 1.000000000000000000e+00 0.000000000000000000e+00 0.000000000000000000e+00 0.000000000000000000e+00
2.400000000000000000e+05 5.999875232812645898e-02 0.000000000000000000e+00 1.000000000000000000e+00 0.000000000000000000e+00 0.000000000000000000e+00 0.000000000000000000e+00
2.440000000000000000e+05 6.099873153359514077e-02 0.000000000000000000e+00 1.000000000000000000e+00 0.000000000000000000e+00 0.000000000000000000e+00 0.000000000000000000e+00
2.480000000000000000e+05 6.199871073906404462e-02 0.000000000000000000e+00 1.000000000000000000e+00 0.000000000000000000e+00 0.000000000000000000e+00 0.000000000000000000e+00
2.520000000000000000e+05 6.299868994453272641e-02 2.275830678197542133e-04 9.997724169321802190e-01 0.000000000000000000e+00 0.000000000000000000e+00 0.000000000000000000e+00
2.560000000000000000e+05 6.399866915000140821e-02 0.000000000000000000e+00 1.000000000000000000e+00 0.000000000000000000e+00 0.000000000000000000e+00 0.000000000000000000e+00
2.600000000000000000e+05 6.499864835547031205e-02 0.000000000000000000e+00 1.000000000000000000e+00 0.000000000000000000e+00 0.000000000000000000e+00 0.000000000000000000e+00
2.640000000000000000e+05 6.599862756093899385e-02 0.000000000000000000e+00 1.000000000000000000e+00 0.000000000000000000e+00 0.000000000000000000e+00 0.000000000000000000e+00
2.680000000000000000e+05 6.699860676640789769e-02 4.551661356395084266e-04 9.995448338643604380e-01 0.000000000000000000e+00 0.000000000000000000e+00 0.000000000000000000e+00
2.720000000000000000e+05 6.799858597187657949e-02 1.137915339098771066e-04 9.998862084660901095e-01 0.000000000000000000e+00 0.000000000000000000e+00 0.000000000000000000e+00
2.760000000000000000e+05 6.899856517734526129e-02 0.000000000000000000e+00 1.000000000000000000e+00 0.000000000000000000e+00 0.000000000000000000e+00 0.000000000000000000e+00
2.800000000000000000e+05 6.999854438281416513e-02 0.000000000000000000e+00 1.000000000000000000e+00 0.000000000000000000e+00 0.000000000000000000e+00 0.000000000000000000e+00
2.840000000000000000e+05 7.099852358828284693e-02 0.000000000000000000e+00 1.000000000000000000e+00 0.000000000000000000e+00 0.000000000000000000e+00 0.000000000000000000e+00
2.880000000000000000e+05 7.199850279375175077e-02 3.413746017296313199e-04 9.996586253982703285e-01 0.000000000000000000e+00 0.000000000000000000e+00 0.000000000000000000e+00
2.920000000000000000e+05 7.299848199922043257e-02 2.275830678197542133e-04 9.997724169321802190e-01 0.000000000000000000e+00 0.000000000000000000e+00 0.000000000000000000e+00
2.960000000000000000e+05 7.399846120468933641e-02 4.551661356395084266e-04 9.995448338643604380e-01 0.000000000000000000e+00 0.000000000000000000e+00 0.000000000000000000e+00
3.000000000000000000e+05 7.499844041015801821e-02 1.137915339098771066e-04 9.998862084660901095e-01 0.000000000000000000e+00 0.000000000000000000e+00 0.000000000000000000e+00
3.040000000000000000e+05 7.599841961562670001e-02 4.551661356395084266e-04 9.995448338643604380e-01 0.000000000000000000e+00 0.000000000000000000e+00 0.000000000000000000e+00
3.080000000000000000e+05 7.699839882109560385e-02 7.965407373691396923e-04 9.992034592626308775e-01 0.000000000000000000e+00 0.000000000000000000e+00 0.000000000000000000e+00
3.120000000000000000e+05 7.799837802656428565e-02 3.413746017296313199e-04 9.996586253982703285e-01 0.000000000000000000e+00 0.000000000000000000e+00 0.000000000000000000e+00
3.160000000000000000e+05 7.899835723203318949e-02 0.000000000000000000e+00 1.000000000000000000e+00 0.000000000000000000e+00 0.000000000000000000e+00 0.000000000000000000e+00
3.200000000000000000e+05 7.999833643750187129e-02 7.965407373691396923e-04 9.992034592626308775e-01 0.000000000000000000e+00 0.000000000000000000e+00 0.000000000000000000e+00
3.240000000000000000e+05 8.099831564297055309e-02 1.137915339098771066e-04 9.998862084660901095e-01 0.000000000000000000e+00 0.000000000000000000e+00 0.000000000000000000e+00
3.280000000000000000e+05 8.199829484843945693e-02 1.137915339098770958e-03 9.988620846609012061e-01 0.000000000000000000e+00 0.000000000000000000e+00 0.000000000000000000e+00
3.320000000000000000e+05 8.299827405390813873e-02 0.000000000000000000e+00 1.000000000000000000e+00 0.000000000000000000e+00 0.000000000000000000e+00 0.000000000000000000e+00
3.360000000000000000e+05 8.399825325937704257e-02 7.965407373691396923e-04 9.992034592626308775e-01 0.000000000000000000e+00 0.000000000000000000e+00 0.000000000000000000e+00
3.400000000000000000e+05 8.499823246484572437e-02 1.479289940828402332e-03 9.984069185252617551e-01 0.000000000000000000e+00 1.137915339098771066e-04 0.000000000000000000e+00
3.440000000000000000e+05 8.599821167031440616e-02 2.275830678197542133e-04 9.997724169321802190e-01 0.000000000000000000e+00 0.000000000000000000e+00 0.000000000000000000e+00
3.480000000000000000e+05 8.699819087578331001e-02 2.275830678197542133e-04 9.997724169321802190e-01 0.000000000000000000e+00 0.000000000000000000e+00 0.000000000000000000e+00
3.520000000000000000e+05 8.799817008125199180e-02 1.137915339098770958e-03 9.988620846609012061e-01 0.000000000000000000e+00 0.000000000000000000e+00 0.000000000000000000e+00
3.560000000000000000e+05 8.899814928672089565e-02 7.965407373691396923e-04 9.992034592626308775e-01 0.000000000000000000e+00 0.000000000000000000e+00 0.000000000000000000e+00
3.600000000000000000e+05 8.999812849218957744e-02 9.103322712790168532e-04 9.990896677287209870e-01 0.000000000000000000e+00 0.000000000000000000e+00 0.000000000000000000e+00
3.640000000000000000e+05 9.099810769765848129e-02 1.479289940828402332e-03 9.985207100591716456e-01 0.000000000000000000e+00 0.000000000000000000e+00 0.000000000000000000e+00
3.680000000000000000e+05 9.199808690312716308e-02 3.527537551206190360e-03 9.961310878470641672e-01 0.000000000000000000e+00 3.413746017296313199e-04 0.000000000000000000e+00
3.720000000000000000e+05 9.299806610859584488e-02 5.689576695493854790e-04 9.994310423304506585e-01 0.000000000000000000e+00 0.000000000000000000e+00 0.000000000000000000e+00
3.760000000000000000e+05 9.399804531406474872e-02 6.827492034592626399e-04 9.993172507965407680e-01 0.000000000000000000e+00 0.000000000000000000e+00 0.000000000000000000e+00
3.800000000000000000e+05 9.499802451953343052e-02 3.413746017296313199e-04 9.996586253982703285e-01 0.000000000000000000e+00 0.000000000000000000e+00 0.000000000000000000e+00
3.840000000000000000e+05 9.599800372500233436e-02 1.934456076467910759e-03 9.980655439235320836e-01 0.000000000000000000e+00 0.000000000000000000e+00 0.000000000000000000e+00
3.880000000000000000e+05 9.699798293047101616e-02 4.551661356395084266e-04 9.995448338643604380e-01 0.000000000000000000e+00 0.000000000000000000e+00 0.000000000000000000e+00
3.920000000000000000e+05 9.799796213593969796e-02 1.479289940828402332e-03 9.982931269913518646e-01 0.000000000000000000e+00 2.275830678197542133e-04 0.000000000000000000e+00
3.960000000000000000e+05 9.899794134140860180e-02 2.048247610377787811e-03 9.978379608557123026e-01 0.000000000000000000e+00 1.137915339098771066e-04 0.000000000000000000e+00
4.000000000000000000e+05 9.999792054687728360e-02 2.389622212107419402e-03 9.974965862539827421e-01 0.000000000000000000e+00 1.137915339098771066e-04 0.000000000000000000e+00
4.040000000000000000e+05 1.009978997523461874e-01 2.844788347746927612e-03 9.969276285844332897e-01 0.000000000000000000e+00 2.275830678197542133e-04 0.000000000000000000e+00
4.080000000000000000e+05 1.019978789578148692e-01 1.820664542558033706e-03 9.980655439235320836e-01 0.000000000000000000e+00 1.137915339098771066e-04 0.000000000000000000e+00
4.120000000000000000e+05 1.029978581632835510e-01 2.844788347746927612e-03 9.969276285844332897e-01 0.000000000000000000e+00 2.275830678197542133e-04 0.000000000000000000e+00
4.160000000000000000e+05 1.039978373687524549e-01 1.240327719617660522e-02 9.870277651342740377e-01 0.000000000000000000e+00 5.689576695493854790e-04 0.000000000000000000e+00
4.200000000000000000e+05 1.049978165742211367e-01 6.599908966772872511e-03 9.930587164314974569e-01 0.000000000000000000e+00 3.413746017296313199e-04 0.000000000000000000e+00
4.240000000000000000e+05 1.059977957796900405e-01 1.126536185707783383e-02 9.877105143377332697e-01 0.000000000000000000e+00 1.024123805188893906e-03 0.000000000000000000e+00
4.280000000000000000e+05 1.069977749851587223e-01 1.888939462903959851e-02 8.338643604915794150e-01 1.467910787437414766e-01 4.551661356395084266e-04 0.000000000000000000e+00
4.320000000000000000e+05 1.079977541906276262e-01 1.536185707783340945e-02 8.351160673645880994e-01 1.495220755575785154e-01 0.000000000000000000e+00 0.000000000000000000e+00
4.360000000000000000e+05 1.089977333960963080e-01 1.456531634046426965e-02 8.360263996358671124e-01 1.494082840236686527e-01 0.000000000000000000e+00 0.000000000000000000e+00
4.400000000000000000e+05 1.099977126015649898e-01 1.524806554392353283e-02 8.352298588984979899e-01 1.495220755575785154e-01 0.000000000000000000e+00 0.000000000000000000e+00
4.440000000000000000e+05 1.109976918070338936e-01 1.456531634046426965e-02 8.356850250341374409e-01 1.496358670914884059e-01 1.137915339098771066e-04 0.000000000000000000e+00
4.480000000000000000e+05 1.119976710125025754e-01 1.513427401001365448e-02 8.354574419663176599e-01 1.494082840236686527e-01 0.000000000000000000e+00 0.000000000000000000e+00
4.520000000000000000e+05 1.129976502179714792e-01 1.524806554392353283e-02 8.353436504324078804e-01 1.494082840236686527e-01 0.000000000000000000e+00 0.000000000000000000e+00
4.560000000000000000e+05 1.139976294234401610e-01 1.524806554392353283e-02 8.353436504324078804e-01 1.494082840236686527e-01 0.000000000000000000e+00 0.000000000000000000e+00
4.600000000000000000e+05 1.149976086289088428e-01 1.570323167956303931e-02 8.348884842967683184e-01 1.492944924897587622e-01 1.137915339098771066e-04 0.000000000000000000e+00
4.640000000000000000e+05 1.159975878343777467e-01 1.570323167956303931e-02 8.346609012289485374e-01 1.495220755575785154e-01 1.137915339098771066e-04 0.000000000000000000e+00
4.680000000000000000e+05 1.169975670398464285e-01 1.627218934911242587e-02 8.345471096950386469e-01 1.489531178880291185e-01 2.275830678197542133e-04 0.000000000000000000e+00
4.720000000000000000e+05 1.179975462453153323e-01 1.490669094219390124e-02 8.357988165680473314e-01 1.492944924897587622e-01 0.000000000000000000e+00 0.000000000000000000e+00
4.760000000000000000e+05 1.189975254507840141e-01 1.479289940828402289e-02 8.357988165680473314e-01 1.494082840236686527e-01 0.000000000000000000e+00 0.000000000000000000e+00
4.800000000000000000e+05 1.199975046562529180e-01 1.581702321347291593e-02 8.347746927628584279e-01 1.494082840236686527e-01 0.000000000000000000e+00 0.000000000000000000e+00
4.840000000000000000e+05 1.209974838617215998e-01 1.604460628129267263e-02 8.348884842967683184e-01 1.487255348202093652e-01 3.413746017296313199e-04 0.000000000000000000e+00
4.880000000000000000e+05 1.219974630671902815e-01 1.479289940828402289e-02 8.357988165680473314e-01 1.492944924897587622e-01 1.137915339098771066e-04 0.000000000000000000e+00
4.920000000000000000e+05 1.229974422726591854e-01 1.524806554392353283e-02 8.351160673645880994e-01 1.494082840236686527e-01 2.275830678197542133e-04 0.000000000000000000e+00
4.960000000000000000e+05 1.239974214781278672e-01 1.502048247610377786e-02 8.354574419663176599e-01 1.492944924897587622e-01 2.275830678197542133e-04 0.000000000000000000e+00
5.000000000000000000e+05 1.249974006835967710e-01 1.524806554392353283e-02 8.353436504324078804e-01 1.492944924897587622e-01 1.137915339098771066e-04 0.000000000000000000e+00
5.040000000000000000e+05 1.259973798890654528e-01 1.490669094219390124e-02 8.352298588984979899e-01 1.496358670914884059e-01 2.275830678197542133e-04 0.000000000000000000e+00
5.080000000000000000e+05 1.269973590945341346e-01 1.536185707783340945e-02 8.354574419663176599e-01 1.491807009558488717e-01 0.000000000000000000e+00 0.000000000000000000e+00
5.120000000000000000e+05 1.279973383000030385e-01 1.456531634046426965e-02 8.357988165680473314e-01 1.494082840236686527e-01 2.275830678197542133e-04 0.000000000000000000e+00
5.160000000000000000e+05 1.289973175054717203e-01 1.581702321347291593e-02 8.343195266272189770e-01 1.496358670914884059e-01 2.275830678197542133e-04 0.000000000000000000e+00
5.200000000000000000e+05 1.299972967109406241e-01 1.581702321347291593e-02 8.347746927628584279e-01 1.492944924897587622e-01 1.137915339098771066e-04 0.000000000000000000e+00
5.240000000000000000e+05 1.309972759164093059e-01 1.581702321347291593e-02 8.348884842967683184e-01 1.491807009558488717e-01 1.137915339098771066e-04 0.000000000000000000e+00
5.280000000000000000e+05 1.319972551218779877e-01 1.593081474738279601e-02 8.339781520254893055e-01 1.499772416932180219e-01 1.137915339098771066e-04 0.000000000000000000e+00
5.320000000000000000e+05 1.329972343273468915e-01 1.684114701866181243e-02 8.337505689576695245e-01 1.492944924897587622e-01 1.137915339098771066e-04 0.000000000000000000e+00
5.360000000000000000e+05 1.339972135328155733e-01 1.718252162039144229e-02 8.334091943559399640e-01 1.491807009558488717e-01 2.275830678197542133e-04 0.000000000000000000e+00
5.400000000000000000e+05 1.349971927382844772e-01 1.570323167956303931e-02 8.344333181611288675e-01 1.496358670914884059e-01 2.275830678197542133e-04 0.000000000000000000e+00
5.440000000000000000e+05 1.359971719437531590e-01 1.581702321347291593e-02 8.345471096950386469e-01 1.492944924897587622e-01 3.413746017296313199e-04 0.000000000000000000e+00
5.480000000000000000e+05 1.369971511492220628e-01 1.581702321347291593e-02 8.347746927628584279e-01 1.490669094219390090e-01 3.413746017296313199e-04 0.000000000000000000e+00
5.520000000000000000e+05 1.379971303546907446e-01 1.661356395084205573e-02 8.338643604915794150e-01 1.492944924897587622e-01 2.275830678197542133e-04 0.000000000000000000e+00
5.560000000000000000e+05 1.389971095601594264e-01 1.649977241693217911e-02 8.338643604915794150e-01 1.492944924897587622e-01 3.413746017296313199e-04 0.000000000000000000e+00
5.600000000000000000e+05 1.399970887656283303e-01 1.638598088302230249e-02 8.338643604915794150e-01 1.492944924897587622e-01 4.551661356395084266e-04 0.000000000000000000e+00
5.640000000000000000e+05 1.409970679710970121e-01 1.638598088302230249e-02 8.331816112881201830e-01 1.498634501593081592e-01 5.689576695493854790e-04 0.000000000000000000e+00
5.680000000000000000e+05 1.419970471765659159e-01 1.775147928994082885e-02 8.326126536185707305e-01 1.492944924897587622e-01 3.413746017296313199e-04 0.000000000000000000e+00
5.720000000000000000e+05 1.429970263820345977e-01 9.786071916249430847e-03 8.388711879836140417e-01 1.504324078288575284e-01 9.103322712790168532e-04 0.000000000000000000e+00
5.760000000000000000e+05 1.439970055875032795e-01 1.103777878925807886e-02 8.386436049157942607e-01 1.492944924897587622e-01 1.024123805188893906e-03 0.000000000000000000e+00
5.800000000000000000e+05 1.449969847929721833e-01 1.092398725534820224e-02 8.378470641784251383e-01 1.500910332271279124e-01 1.137915339098770958e-03 0.000000000000000000e+00
5.840000000000000000e+05 1.459969639984408651e-01 9.899863450159307465e-03 8.383022303140645892e-01 1.504324078288575284e-01 1.365498406918525280e-03 0.000000000000000000e+00
5.880000000000000000e+05 1.469969432039097690e-01 1.001365498406918582e-02 8.384160218479744797e-01 1.502048247610377751e-01 1.365498406918525280e-03 0.000000000000000000e+00
5.920000000000000000e+05 1.479969224093784508e-01 1.058261265361857065e-02 8.387573964497041512e-01 1.498634501593081592e-01 7.965407373691396923e-04 0.000000000000000000e+00
5.960000000000000000e+05 1.489969016148471326e-01 9.899863450159307465e-03 8.384160218479744797e-01 1.505461993627674189e-01 1.137915339098770958e-03 0.000000000000000000e+00
6.000000000000000000e+05 1.499968808203160364e-01 1.058261265361857065e-02 8.383022303140645892e-01 1.502048247610377751e-01 9.103322712790168532e-04 0.000000000000000000e+00
6.040000000000000000e+05 1.509968600257847182e-01 9.672280382339554228e-03 8.384160218479744797e-01 1.503186162949476656e-01 1.593081474738279385e-03 0.000000000000000000e+00
6.080000000000000000e+05 1.519968392312536221e-01 9.672280382339554228e-03 8.386436049157942607e-01 1.500910332271279124e-01 1.593081474738279385e-03 0.000000000000000000e+00
6.120000000000000000e+05 1.529968184367223039e-01 1.081019572143832562e-02 8.383022303140645892e-01 1.499772416932180219e-01 9.103322712790168532e-04 0.000000000000000000e+00
6.160000000000000000e+05 1.539967976421912077e-01 1.024123805188893906e-02 8.385298133818843702e-01 1.500910332271279124e-01 1.137915339098770958e-03 0.000000000000000000e+00
6.200000000000000000e+05 1.549967768476598895e-01 9.786071916249430847e-03 8.387573964497041512e-01 1.504324078288575284e-01 1.024123805188893906e-03 0.000000000000000000e+00
6.240000000000000000e+05 1.559967560531285713e-01 9.217114246700046018e-03 8.387573964497041512e-01 1.507737824305871721e-01 1.251706873008648227e-03 0.000000000000000000e+00
6.280000000000000000e+05 1.569967352585974751e-01 1.001365498406918582e-02 8.385298133818843702e-01 1.502048247610377751e-01 1.251706873008648227e-03 0.000000000000000000e+00
6.320000000000000000e+05 1.579967144640661569e-01 1.126536185707783383e-02 8.384160218479744797e-01 1.495220755575785154e-01 7.965407373691396923e-04 0.000000000000000000e+00
6.360000000000000000e+05 1.589966936695350608e-01 9.786071916249430847e-03 8.386436049157942607e-01 1.502048247610377751e-01 1.365498406918525280e-03 0.000000000000000000e+00
6.400000000000000000e+05 1.599966728750037426e-01 1.103777878925807886e-02 8.376194811106053573e-01 1.500910332271279124e-01 1.251706873008648227e-03 0.000000000000000000e+00
6.440000000000000000e+05 1.609966520804724244e-01 1.092398725534820224e-02 8.376194811106053573e-01 1.499772416932180219e-01 1.479289940828402332e-03 0.000000000000000000e+00
6.480000000000000000e+05 1.619966312859413282e-01 1.001365498406918582e-02 8.387573964497041512e-01 1.504324078288575284e-01 7.965407373691396923e-04 0.000000000000000000e+00
6.520000000000000000e+05 1.629966104914100100e-01 9.786071916249430847e-03 8.383022303140645892e-01 1.504324078288575284e-01 1.479289940828402332e-03 0.000000000000000000e+00
6.560000000000000000e+05 1.639965896968789139e-01 1.024123805188893906e-02 8.385298133818843702e-01 1.500910332271279124e-01 1.137915339098770958e-03 0.000000000000000000e+00
6.600000000000000000e+05 1.649965689023475957e-01 9.786071916249430847e-03 8.385298133818843702e-01 1.504324078288575284e-01 1.251706873008648227e-03 0.000000000000000000e+00
6.640000000000000000e+05 1.659965481078162775e-01 1.115157032316795548e-02 8.381884387801548097e-01 1.499772416932180219e-01 6.827492034592626399e-04 0.000000000000000000e+00
6.680000000000000000e+05 1.669965273132851813e-01 9.899863450159307465e-03 8.386436049157942607e-01 1.500910332271279124e-01 1.365498406918525280e-03 0.000000000000000000e+00
6.720000000000000000e+05 1.679965065187538631e-01 1.103777878925807886e-02 8.378470641784251383e-01 1.500910332271279124e-01 1.024123805188893906e-03 0.000000000000000000e+00
6.760000000000000000e+05 1.689964857242227669e-01 1.137915339098771045e-02 8.377332726445152478e-01 1.499772416932180219e-01 9.103322712790168532e-04 0.000000000000000000e+00
6.800000000000000000e+05 1.699964649296914487e-01 1.012744651797906244e-02 8.388711879836140417e-01 1.500910332271279124e-01 9.103322712790168532e-04 0.000000000000000000e+00
6.840000000000000000e+05 1.709964441351603526e-01 1.024123805188893906e-02 8.388711879836140417e-01 1.498634501593081592e-01 1.024123805188893906e-03 0.000000000000000000e+00
6.880000000000000000e+05 1.719964233406290344e-01 1.149294492489758707e-02 8.379608557123350288e-01 1.497496586253982687e-01 7.965407373691396923e-04 0.000000000000000000e+00
6.920000000000000000e+05 1.729964025460977162e-01 1.069640418752844727e-02 8.381884387801548097e-01 1.499772416932180219e-01 1.137915339098770958e-03 0.000000000000000000e+00
6.960000000000000000e+05 1.739963817515666200e-01 1.092398725534820224e-02 8.383022303140645892e-01 1.499772416932180219e-01 7.965407373691396923e-04 0.000000000000000000e+00
7.000000000000000000e+05 1.749963609570353018e-01 1.115157032316795548e-02 8.384160218479744797e-01 1.495220755575785154e-01 9.103322712790168532e-04 0.000000000000000000e+00
7.040000000000000000e+05 1.759963401625042057e-01 1.126536185707783383e-02 8.386436049157942607e-01 1.491807009558488717e-01 9.103322712790168532e-04 0.000000000000000000e+00
7.080000000000000000e+05 1.769963193679728874e-01 1.046882111970869403e-02 8.384160218479744797e-01 1.502048247610377751e-01 9.103322712790168532e-04 0.000000000000000000e+00
7.120000000000000000e+05 1.779962985734415692e-01 1.069640418752844727e-02 8.383022303140645892e-01 1.497496586253982687e-01 1.251706873008648227e-03 0.000000000000000000e+00
7.160000000000000000e+05 1.789962777789104731e-01 1.160673645880746542e-02 8.377332726445152478e-01 1.498634501593081592e-01 7.965407373691396923e-04 0.000000000000000000e+00
7.200000000000000000e+05 1.799962569843791549e-01 1.126536185707783383e-02 8.377332726445152478e-01 1.500910332271279124e-01 9.103322712790168532e-04 0.000000000000000000e+00
7.240000000000000000e+05 1.809962361898480587e-01 1.206190259444697363e-02 8.377332726445152478e-01 1.495220755575785154e-01 6.827492034592626399e-04 0.000000000000000000e+00
7.280000000000000000e+05 1.819962153953167405e-01 1.103777878925807886e-02 8.384160218479744797e-01 1.498634501593081592e-01 6.827492034592626399e-04 0.000000000000000000e+00
7.320000000000000000e+05 1.829961946007854223e-01 1.149294492489758707e-02 8.372781065088756858e-01 1.499772416932180219e-01 1.251706873008648227e-03 0.000000000000000000e+00
7.360000000000000000e+05 1.839961738062543262e-01 1.228948566226672687e-02 8.373918980427855763e-01 1.495220755575785154e-01 7.965407373691396923e-04 0.000000000000000000e+00
7.400000000000000000e+05 1.849961530117230080e-01 1.172052799271734204e-02 8.372781065088756858e-01 1.497496586253982687e-01 1.251706873008648227e-03 0.000000000000000000e+00
7.440000000000000000e+05 1.859961322171919118e-01 1.160673645880746542e-02 8.380746472462449193e-01 1.492944924897587622e-01 1.024123805188893906e-03 0.000000000000000000e+00
7.480000000000000000e+05 1.869961114226605936e-01 1.342740100136549826e-02 8.362539827036868934e-01 1.496358670914884059e-01 6.827492034592626399e-04 0.000000000000000000e+00
7.520000000000000000e+05 1.879960906281294974e-01 1.206190259444697363e-02 8.380746472462449193e-01 1.494082840236686527e-01 4.551661356395084266e-04 0.000000000000000000e+00
7.560000000000000000e+05 1.889960698335981792e-01 1.206190259444697363e-02 8.371643149749659063e-01 1.499772416932180219e-01 7.965407373691396923e-04 0.000000000000000000e+00
7.600000000000000000e+05 1.899960490390668610e-01 1.297223486572599005e-02 8.372781065088756858e-01 1.492944924897587622e-01 4.551661356395084266e-04 0.000000000000000000e+00
7.640000000000000000e+05 1.909960282445357649e-01 1.240327719617660522e-02 8.372781065088756858e-01 1.496358670914884059e-01 6.827492034592626399e-04 0.000000000000000000e+00
7.680000000000000000e+05 1.919960074500044467e-01 2.822030040964952288e-02 8.026854802002730827e-01 1.672735548475193512e-01 1.820664542558033706e-03 0.000000000000000000e+00
7.720000000000000000e+05 1.929959866554733505e-01 5.962676376877560497e-02 7.420345926263085534e-01 1.939007737824305910e-01 4.437869822485207214e-03 0.000000000000000000e+00
7.760000000000000000e+05 1.939959658609420323e-01 6.110605370960400795e-02 7.401001365498406370e-01 1.928766499772416876e-01 5.917159763313609329e-03 0.000000000000000000e+00
7.800000000000000000e+05 1.949959450664107141e-01 5.894401456531633832e-02 7.432862994993172379e-01 1.926490669094219343e-01 5.120619025944469528e-03 0.000000000000000000e+00
7.840000000000000000e+05 1.959959242718796180e-01 5.939918070095585173e-02 7.429449248975875664e-01 1.911697769685935244e-01 6.486117432862995025e-03 0.000000000000000000e+00
7.880000000000000000e+05 1.969959034773482998e-01 6.030951297223486468e-02 7.411242603550295405e-01 1.925352753755120716e-01 6.030951297223486815e-03 0.000000000000000000e+00
7.920000000000000000e+05 1.979958826828172036e-01 6.201638598088302090e-02 7.415794264906691025e-01 1.915111515703231682e-01 4.893035958124715423e-03 0.000000000000000000e+00
7.960000000000000000e+05 1.989958618882858854e-01 6.133363677742376119e-02 7.424897587619481154e-01 1.910559854346836617e-01 5.120619025944469528e-03 0.000000000000000000e+00
8.000000000000000000e+05 1.999958410937547892e-01 6.292671825216203385e-02 7.427173418297678964e-01 1.894629039599453890e-01 4.893035958124715423e-03 0.000000000000000000e+00
8.040000000000000000e+05 2.009958202992234710e-01 6.190259444697314428e-02 7.419208010923987739e-01 1.906008192990441552e-01 5.575785161583977738e-03 0.000000000000000000e+00
8.080000000000000000e+05 2.019957995046921528e-01 6.315430131998178709e-02 7.396449704142011861e-01 1.926490669094219343e-01 4.551661356395083832e-03 0.000000000000000000e+00
8.120000000000000000e+05 2.029957787101610567e-01 6.224396904870277414e-02 7.430587164314974569e-01 1.895766954938552518e-01 5.120619025944469528e-03 0.000000000000000000e+00
8.160000000000000000e+05 2.039957579156297385e-01 6.053709604005461792e-02 7.408966772872098705e-01 1.919663177059626746e-01 6.599908966772872511e-03 0.000000000000000000e+00
8.200000000000000000e+05 2.049957371210986423e-01 6.201638598088302090e-02 7.431725079654073474e-01 1.904870277651342647e-01 4.324078288575329727e-03 0.000000000000000000e+00
8.240000000000000000e+05 2.059957163265673241e-01 5.974055530268548159e-02 7.434000910332271284e-01 1.891215293582157453e-01 7.737824305871643035e-03 0.000000000000000000e+00
8.280000000000000000e+05 2.069956955320360059e-01 4.528903049613108855e-02 7.735548475193445572e-01 1.786527082385070686e-01 2.503413746017296455e-03 0.000000000000000000e+00
8.320000000000000000e+05 2.079956747375049098e-01 4.563040509786071841e-02 7.751479289940828021e-01 1.761492944924897552e-01 3.072371415566681717e-03 0.000000000000000000e+00
8.360000000000000000e+05 2.089956539429735916e-01 4.745106964041875125e-02 7.709376422394174089e-01 1.789940828402366846e-01 2.617205279927173507e-03 0.000000000000000000e+00
8.400000000000000000e+05 2.099956331484424954e-01 4.745106964041875125e-02 7.753755120619025831e-01 1.737596722803823324e-01 3.413746017296313308e-03 0.000000000000000000e+00
8.440000000000000000e+05 2.109956123539111772e-01 4.585798816568047165e-02 7.726445152480655443e-01 1.780837505689576716e-01 3.413746017296313308e-03 0.000000000000000000e+00
8.480000000000000000e+05 2.119955915593798590e-01 4.722348657259899801e-02 7.749203459262631322e-01 1.751251706873008518e-01 2.730996813837050560e-03 0.000000000000000000e+00
8.520000000000000000e+05 2.129955707648487628e-01 4.540282203004096517e-02 7.740100136549841192e-01 1.770596267637687682e-01 3.527537551206190360e-03 0.000000000000000000e+00
8.560000000000000000e+05 2.139955499703174446e-01 4.722348657259899801e-02 7.730996813837051063e-01 1.766044606281292617e-01 3.072371415566681717e-03 0.000000000000000000e+00
8.600000000000000000e+05 2.149955291757863485e-01 4.949931725079653733e-02 7.636549840691853053e-01 1.846836595357305433e-01 2.162039144287664864e-03 0.000000000000000000e+00
8.640000000000000000e+05 2.159955083812550303e-01 5.109239872553481693e-02 7.644515248065544277e-01 1.822940373236231204e-01 2.162039144287664864e-03 0.000000000000000000e+00
8.680000000000000000e+05 2.169954875867239341e-01 5.052344105598543383e-02 7.624032771961766208e-01 1.852526172052799402e-01 1.820664542558033706e-03 0.000000000000000000e+00
8.720000000000000000e+05 2.179954667921926159e-01 5.678197542102867562e-02 7.209831588529813651e-01 2.190487027765134209e-01 3.186162949476558769e-03 0.000000000000000000e+00
8.760000000000000000e+05 2.189954459976612977e-01 5.473372781065088954e-02 7.229176149294492815e-01 2.193900773782430647e-01 2.958579881656804664e-03 0.000000000000000000e+00
8.800000000000000000e+05 2.199954252031302016e-01 5.473372781065088954e-02 7.236003641329085134e-01 2.182521620391442985e-01 3.413746017296313308e-03 0.000000000000000000e+00
8.840000000000000000e+05 2.209954044085988834e-01 5.439235320892125969e-02 7.232589895311788419e-01 2.175694128356850388e-01 4.779244424214838804e-03 0.000000000000000000e+00
8.880000000000000000e+05 2.219953836140677872e-01 5.712335002275830548e-02 7.220072826581702685e-01 2.184797451069640517e-01 2.389622212107419402e-03 0.000000000000000000e+00
8.920000000000000000e+05 2.229953628195364690e-01 5.473372781065088954e-02 7.228038233955393910e-01 2.189349112426035582e-01 3.527537551206190360e-03 0.000000000000000000e+00
8.960000000000000000e+05 2.239953420250051508e-01 5.348202093764223980e-02 7.269003186162948937e-01 2.168866636322257513e-01 2.730996813837050560e-03 0.000000000000000000e+00
9.000000000000000000e+05 2.249953212304740546e-01 5.348202093764223980e-02 7.278106508875740177e-01 2.155211652253072319e-01 3.186162949476558769e-03 0.000000000000000000e+00
9.040000000000000000e+05 2.259953004359427364e-01 5.666818388711879900e-02 7.256486117432863203e-01 2.148384160218479721e-01 2.844788347746927612e-03 0.000000000000000000e+00
9.080000000000000000e+05 2.269952796414116403e-01 5.450614474283113631e-02 7.258761948111061013e-01 2.159763313609467383e-01 3.641329085116067413e-03 0.000000000000000000e+00
