# itime ezz other fcc hcp bcc ico
0.000000000000000000e+00 0.000000000000000000e+00 5.689576695493854790e-04 9.994310423304506585e-01 0.000000000000000000e+00 0.000000000000000000e+00 0.000000000000000000e+00
4.000000000000000000e+03 9.999720727982275292e-04 6.827492034592626399e-04 9.993172507965407680e-01 0.000000000000000000e+00 0.000000000000000000e+00 0.000000000000000000e+00
8.000000000000000000e+03 1.999944145596455058e-03 7.965407373691396923e-04 9.992034592626308775e-01 0.000000000000000000e+00 0.000000000000000000e+00 0.000000000000000000e+00
1.200000000000000000e+04 2.999916218394682588e-03 1.479289940828402332e-03 9.985207100591716456e-01 0.000000000000000000e+00 0.000000000000000000e+00 0.000000000000000000e+00
1.600000000000000000e+04 3.999888291192910117e-03 6.827492034592626399e-04 9.993172507965407680e-01 0.000000000000000000e+00 0.000000000000000000e+00 0.000000000000000000e+00
2.000000000000000000e+04 4.999860363991137646e-03 2.048247610377787811e-03 9.979517523896221931e-01 0.000000000000000000e+00 0.000000000000000000e+00 0.000000000000000000e+00
2.400000000000000000e+04 5.999832436789143131e-03 9.103322712790168532e-04 9.990896677287209870e-01 0.000000000000000000e+00 0.000000000000000000e+00 0.000000000000000000e+00
2.800000000000000000e+04 6.999804509587370660e-03 1.251706873008648227e-03 9.987482931269913156e-01 0.000000000000000000e+00 0.000000000000000000e+00 0.000000000000000000e+00
3.200000000000000000e+04 7.999776582385598189e-03 7.965407373691396923e-04 9.992034592626308775e-01 0.000000000000000000e+00 0.000000000000000000e+00 0.000000000000000000e+00
3.600000000000000000e+04 8.999748655183825718e-03 4.551661356395084266e-04 9.994310423304506585e-01 0.000000000000000000e+00 1.137915339098771066e-04 0.000000000000000000e+00
4.000000000000000000e+04 9.999720727982053248e-03 5.689576695493854790e-04 9.994310423304506585e-01 0.000000000000000000e+00 0.000000000000000000e+00 0.000000000000000000e+00
4.400000000000000000e+04 1.099969280078028078e-02 1.706873008648156654e-03 9.982931269913518646e-01 0.000000000000000000e+00 0.000000000000000000e+00 0.000000000000000000e+00
4.800000000000000000e+04 1.199966487357850831e-02 0.000000000000000000e+00 1.000000000000000000e+00 0.000000000000000000e+00 0.000000000000000000e+00 0.000000000000000000e+00
5.200000000000000000e+04 1.299963694637673584e-02 1.137915339098771066e-04 9.998862084660901095e-01 0.000000000000000000e+00 0.000000000000000000e+00 0.000000000000000000e+00
5.600000000000000000e+04 1.399960901917496336e-02 1.706873008648156654e-03 9.982931269913518646e-01 0.000000000000000000e+00 0.000000000000000000e+00 0.000000000000000000e+00
6.000000000000000000e+04 1.499958109197319089e-02 1.137915339098770958e-03 9.988620846609012061e-01 0.000000000000000000e+00 0.000000000000000000e+00 0.000000000000000000e+00
6.400000000000000000e+04 1.599955316477119638e-02 1.706873008648156654e-03 9.982931269913518646e-01 0.000000000000000000e+00 0.000000000000000000e+00 0.000000000000000000e+00
6.800000000000000000e+04 1.699952523756942391e-02 1.024123805188893906e-03 9.989758761948110966e-01 0.000000000000000000e+00 0.000000000000000000e+00 0.000000000000000000e+00
7.200000000000000000e+04 1.799949731036765144e-02 2.162039144287664864e-03 9.977241693218024121e-01 0.000000000000000000e+00 1.137915339098771066e-04 0.000000000000000000e+00
7.600000000000000000e+04 1.899946938316587897e-02 1.137915339098770958e-03 9.988620846609012061e-01 0.000000000000000000e+00 0.000000000000000000e+00 0.000000000000000000e+00
8.000000000000000000e+04 1.999944145596410650e-02 2.048247610377787811e-03 9.978379608557123026e-01 0.000000000000000000e+00 1.137915339098771066e-04 0.000000000000000000e+00
8.400000000000000000e+04 2.099941352876233402e-02 4.210286754665453109e-03 9.957897132453344957e-01 0.000000000000000000e+00 0.000000000000000000e+00 0.000000000000000000e+00
8.800000000000000000e+04 2.199938560156056155e-02 2.617205279927173507e-03 9.971552116522530707e-01 0.000000000000000000e+00 2.275830678197542133e-04 0.000000000000000000e+00
9.200000000000000000e+04 2.299935767435878908e-02 3.186162949476558769e-03 9.967000455166135087e-01 0.000000000000000000e+00 1.137915339098771066e-04 0.000000000000000000e+00
9.600000000000000000e+04 2.399932974715701661e-02 3.413746017296313308e-03 9.965862539827037292e-01 0.000000000000000000e+00 0.000000000000000000e+00 0.000000000000000000e+00
1.000000000000000000e+05 2.499930181995524414e-02 2.617205279927173507e-03 9.973827947200728516e-01 0.000000000000000000e+00 0.000000000000000000e+00 0.000000000000000000e+00
1.040000000000000000e+05 2.599927389275347167e-02 3.299954483386436255e-03 9.965862539827037292e-01 0.000000000000000000e+00 1.137915339098771066e-04 0.000000000000000000e+00
1.080000000000000000e+05 2.699924596555147716e-02 4.324078288575329727e-03 9.953345471096950448e-01 0.000000000000000000e+00 3.413746017296313199e-04 0.000000000000000000e+00
1.120000000000000000e+05 2.799921803834970468e-02 3.868912152935821518e-03 9.959035047792443862e-01 0.000000000000000000e+00 2.275830678197542133e-04 0.000000000000000000e+00
1.160000000000000000e+05 2.899919011114793221e-02 3.868912152935821518e-03 9.961310878470641672e-01 0.000000000000000000e+00 0.000000000000000000e+00 0.000000000000000000e+00
1.200000000000000000e+05 2.999916218394615974e-02 4.324078288575329727e-03 9.954483386436049352e-01 0.000000000000000000e+00 2.275830678197542133e-04 0.000000000000000000e+00
1.240000000000000000e+05 3.099913425674438727e-02 6.486117432862995025e-03 9.929449248975875664e-01 0.000000000000000000e+00 5.689576695493854790e-04 0.000000000000000000e+00
1.280000000000000000e+05 3.199910632954261480e-02 3.641329085116067413e-03 9.961310878470641672e-01 0.000000000000000000e+00 2.275830678197542133e-04 0.000000000000000000e+00
1.320000000000000000e+05 3.299907840234084233e-02 5.234410559854347014e-03 9.946517979062358128e-01 0.000000000000000000e+00 1.137915339098771066e-04 0.000000000000000000e+00
1.360000000000000000e+05 3.399905047513906986e-02 4.779244424214838804e-03 9.951069640418752638e-01 0.000000000000000000e+00 1.137915339098771066e-04 0.000000000000000000e+00
1.400000000000000000e+05 3.499902254793729739e-02 7.168866636322257339e-03 9.927173418297678964e-01 0.000000000000000000e+00 1.137915339098771066e-04 0.000000000000000000e+00
1.440000000000000000e+05 3.599899462073552492e-02 5.461993627674101119e-03 9.944242148384160318e-01 0.000000000000000000e+00 1.137915339098771066e-04 0.000000000000000000e+00
1.480000000000000000e+05 3.699896669353353040e-02 9.558488848429677609e-03 9.903277196176604180e-01 0.000000000000000000e+00 1.137915339098771066e-04 0.000000000000000000e+00
1.520000000000000000e+05 3.799893876633175793e-02 5.689576695493855224e-03 9.938552571688666903e-01 0.000000000000000000e+00 4.551661356395084266e-04 0.000000000000000000e+00
1.560000000000000000e+05 3.899891083912998546e-02 6.941283568502503235e-03 9.928311333636777869e-01 0.000000000000000000e+00 2.275830678197542133e-04 0.000000000000000000e+00
1.600000000000000000e+05 3.999888291192821299e-02 6.258534365043240920e-03 9.935138825671370189e-01 0.000000000000000000e+00 2.275830678197542133e-04 0.000000000000000000e+00
1.640000000000000000e+05 4.099885498472644052e-02 7.851615839781519654e-03 9.920345926263085534e-01 0.000000000000000000e+00 1.137915339098771066e-04 0.000000000000000000e+00
1.680000000000000000e+05 4.199882705752466805e-02 6.258534365043240920e-03 9.932862994993172379e-01 0.000000000000000000e+00 4.551661356395084266e-04 0.000000000000000000e+00
1.720000000000000000e+05 4.299879913032289558e-02 1.024123805188893906e-02 9.896449704142011861e-01 0.000000000000000000e+00 1.137915339098771066e-04 0.000000000000000000e+00
1.760000000000000000e+05 4.399877120312112311e-02 8.648156577150659455e-03 9.908966772872098705e-01 0.000000000000000000e+00 4.551661356395084266e-04 0.000000000000000000e+00
1.800000000000000000e+05 4.499874327591935064e-02 9.786071916249430847e-03 9.897587619481110766e-01 0.000000000000000000e+00 4.551661356395084266e-04 0.000000000000000000e+00
1.840000000000000000e+05 4.599871534871757817e-02 1.035502958579881741e-02 9.893035958124715146e-01 0.000000000000000000e+00 3.413746017296313199e-04 0.000000000000000000e+00
1.880000000000000000e+05 4.699868742151558365e-02 1.604460628129267263e-02 9.825898953117887524e-01 0.000000000000000000e+00 1.365498406918525280e-03 0.000000000000000000e+00
1.920000000000000000e+05 4.799865949431381118e-02 1.467910787437414627e-02 9.844105598543468894e-01 0.000000000000000000e+00 9.103322712790168532e-04 0.000000000000000000e+00
1.960000000000000000e+05 4.899863156711203871e-02 1.911697769685935522e-02 9.802002730996813851e-01 0.000000000000000000e+00 6.827492034592626399e-04 0.000000000000000000e+00
2.000000000000000000e+05 4.999860363991026624e-02 1.308602639963586667e-02 9.866863905325443662e-01 0.000000000000000000e+00 2.275830678197542133e-04 0.000000000000000000e+00
2.040000000000000000e+05 5.099857571270849377e-02 1.513427401001365448e-02 9.845243513882566688e-01 0.000000000000000000e+00 3.413746017296313199e-04 0.000000000000000000e+00
2.080000000000000000e+05 5.199854778550672130e-02 1.797906235776058209e-02 9.807692307692307265e-01 0.000000000000000000e+00 1.251706873008648227e-03 0.000000000000000000e+00
2.120000000000000000e+05 5.299851985830494883e-02 2.446517979062357712e-02 9.742831133363677454e-01 0.000000000000000000e+00 1.251706873008648227e-03 0.000000000000000000e+00
2.160000000000000000e+05 5.399849193110317636e-02 2.253072371415566766e-02 9.764451524806554428e-01 0.000000000000000000e+00 1.024123805188893906e-03 0.000000000000000000e+00
2.200000000000000000e+05 5.499846400390140388e-02 2.059626763768775473e-02 9.783796085571233592e-01 0.000000000000000000e+00 1.024123805188893906e-03 0.000000000000000000e+00
2.240000000000000000e+05 5.599843607669963141e-02 1.911697769685935522e-02 9.796313154301320436e-01 0.000000000000000000e+00 1.251706873008648227e-03 0.000000000000000000e+00
2.280000000000000000e+05 5.699840814949785894e-02 2.332726445152480746e-02 9.754210286754665393e-01 0.000000000000000000e+00 1.251706873008648227e-03 0.000000000000000000e+00
2.320000000000000000e+05 5.799838022229586443e-02 2.435138825671370050e-02 9.746244879380974169e-01 0.000000000000000000e+00 1.024123805188893906e-03 0.000000000000000000e+00
2.360000000000000000e+05 5.899835229509409196e-02 2.207555757851615771e-02 9.771279016841146747e-01 0.000000000000000000e+00 7.965407373691396923e-04 0.000000000000000000e+00
2.400000000000000000e+05 5.999832436789231949e-02 2.571688666363222686e-02 9.730314064633591720e-01 0.000000000000000000e+00 1.251706873008648227e-03 0.000000000000000000e+00
2.440000000000000000e+05 6.099829644069054702e-02 2.867546654528902936e-02 9.693900773782430091e-01 0.000000000000000000e+00 1.934456076467910759e-03 0.000000000000000000e+00
2.480000000000000000e+05 6.199826851348877454e-02 2.685480200273099652e-02 9.720072826581702685e-01 0.000000000000000000e+00 1.137915339098770958e-03 0.000000000000000000e+00
2.520000000000000000e+05 6.299824058628700207e-02 3.152025489303595523e-02 9.668866636322257513e-01 0.000000000000000000e+00 1.593081474738279385e-03 0.000000000000000000e+00
2.560000000000000000e+05 6.399821265908522960e-02 3.425125170687300796e-02 9.642694583522986029e-01 0.000000000000000000e+00 1.479289940828402332e-03 0.000000000000000000e+00
2.600000000000000000e+05 6.499818473188345713e-02 4.005461993627674328e-02 9.578971324533455123e-01 0.000000000000000000e+00 2.048247610377787811e-03 0.000000000000000000e+00
2.640000000000000000e+05 6.599815680468168466e-02 3.823395539371871044e-02 9.589212562585344157e-01 0.000000000000000000e+00 2.844788347746927612e-03 0.000000000000000000e+00
2.680000000000000000e+05 6.699812887747991219e-02 4.449248975876194528e-02 9.518661811561219821e-01 0.000000000000000000e+00 3.641329085116067413e-03 0.000000000000000000e+00
2.720000000000000000e+05 6.799810095027791768e-02 4.096495220755575623e-02 9.568730086481566088e-01 0.000000000000000000e+00 2.162039144287664864e-03 0.000000000000000000e+00
2.760000000000000000e+05 6.899807302307614520e-02 4.346836595357305572e-02 9.541420118343195700e-01 0.000000000000000000e+00 2.389622212107419402e-03 0.000000000000000000e+00
2.800000000000000000e+05 6.999804509587437273e-02 5.621301775147929253e-02 9.400318616294948137e-01 0.000000000000000000e+00 3.755120619025944465e-03 0.000000000000000000e+00
2.840000000000000000e+05 7.099801716867260026e-02 4.585798816568047165e-02 9.512972234865726406e-01 0.000000000000000000e+00 2.844788347746927612e-03 0.000000000000000000e+00
2.880000000000000000e+05 7.199798924147082779e-02 5.131998179335457710e-02 9.443559399180700975e-01 0.000000000000000000e+00 4.324078288575329727e-03 0.000000000000000000e+00
2.920000000000000000e+05 7.299796131426905532e-02 5.791989076012744875e-02 9.377560309512972259e-01 0.000000000000000000e+00 4.324078288575329727e-03 0.000000000000000000e+00
2.960000000000000000e+05 7.399793338706728285e-02 5.939918070095585173e-02 9.365043240782885414e-01 0.000000000000000000e+00 4.096495220755575623e-03 0.000000000000000000e+00
3.000000000000000000e+05 7.499790545986551038e-02 7.419208010923987462e-02 9.179563040509786109e-01 0.000000000000000000e+00 7.851615839781519654e-03 0.000000000000000000e+00
3.040000000000000000e+05 7.599787753266373791e-02 6.929904415111515226e-02 9.244424214838415921e-01 0.000000000000000000e+00 6.258534365043240920e-03 0.000000000000000000e+00
3.080000000000000000e+05 7.699784960546196544e-02 8.830223031406463086e-02 9.013427401001365968e-01 0.000000000000000000e+00 1.035502958579881741e-02 0.000000000000000000e+00
3.120000000000000000e+05 7.799782167826019297e-02 1.053709604005461931e-01 8.818843878015475424e-01 0.000000000000000000e+00 1.274465179790623508e-02 0.000000000000000000e+00
3.160000000000000000e+05 7.899779375105819845e-02 1.167501137915339104e-01 8.460400546199362548e-01 5.689576695493854790e-04 3.664087391898043083e-02 0.000000000000000000e+00
3.200000000000000000e+05 7.999776582385642598e-02 5.666818388711879900e-02 8.008648156577150568e-01 1.382567137005006885e-01 4.210286754665453109e-03 0.000000000000000000e+00
3.240000000000000000e+05 8.099773789665465351e-02 6.645425580336822291e-02 7.903959945380063523e-01 1.375739644970414288e-01 5.575785161583977738e-03 0.000000000000000000e+00
3.280000000000000000e+05 8.199770996945288104e-02 8.181611288120163583e-02 7.754893035958124736e-01 1.356395084205735124e-01 7.055075102412380721e-03 0.000000000000000000e+00
3.320000000000000000e+05 8.299768204225110857e-02 9.387801547564861293e-02 7.634274010013655243e-01 1.352981338188438687e-01 7.396449704142011444e-03 0.000000000000000000e+00
3.360000000000000000e+05 8.399765411504933610e-02 8.227127901684114231e-02 7.711652253072371899e-01 1.370050068274920319e-01 9.558488848429677609e-03 0.000000000000000000e+00
3.400000000000000000e+05 8.499762618784756363e-02 9.820209376422393832e-02 7.555757851615839682e-01 1.354119253527537592e-01 1.081019572143832562e-02 0.000000000000000000e+00
3.440000000000000000e+05 8.599759826064579116e-02 1.135639508420573512e-01 6.611288120163859583e-01 2.064178425125170746e-01 1.888939462903959851e-02 0.000000000000000000e+00
3.480000000000000000e+05 8.699757033344401869e-02 6.599908966772872511e-03 8.389849795175239322e-01 1.536185707783341015e-01 7.965407373691396923e-04 0.000000000000000000e+00
3.520000000000000000e+05 8.799754240624224622e-02 6.827492034592626616e-03 8.400091033227128356e-01 1.529358215748748417e-01 2.275830678197542133e-04 0.000000000000000000e+00
3.560000000000000000e+05 8.899751447904025170e-02 5.006827492034592909e-03 8.417159763313609711e-01 1.531634046426945950e-01 1.137915339098771066e-04 0.000000000000000000e+00
3.600000000000000000e+05 8.999748655183847923e-02 5.120619025944469528e-03 8.412608101957214091e-01 1.535047792444242110e-01 1.137915339098771066e-04 0.000000000000000000e+00
3.640000000000000000e+05 9.099745862463670676e-02 5.689576695493855224e-03 8.406918525261720676e-01 1.535047792444242110e-01 1.137915339098771066e-04 0.000000000000000000e+00
3.680000000000000000e+05 9.199743069743493429e-02 6.030951297223486815e-03 8.398953117888029452e-01 1.537323623122439642e-01 3.413746017296313199e-04 0.000000000000000000e+00
3.720000000000000000e+05 9.299740277023316182e-02 5.803368229403732710e-03 8.406918525261720676e-01 1.533909877105143482e-01 1.137915339098771066e-04 0.000000000000000000e+00
3.760000000000000000e+05 9.399737484303138935e-02 3.755120619025944465e-03 8.426263086026399840e-01 1.533909877105143482e-01 2.275830678197542133e-04 0.000000000000000000e+00
3.800000000000000000e+05 9.499734691582961688e-02 6.941283568502503235e-03 8.392125625853436022e-01 1.536185707783341015e-01 2.275830678197542133e-04 0.000000000000000000e+00
3.840000000000000000e+05 9.599731898862784440e-02 9.558488848429677609e-03 8.376194811106053573e-01 1.528220300409649512e-01 0.000000000000000000e+00 0.000000000000000000e+00
3.880000000000000000e+05 9.699729106142607193e-02 7.168866636322257339e-03 8.400091033227128356e-01 1.527082385070550885e-01 1.137915339098771066e-04 0.000000000000000000e+00
3.920000000000000000e+05 9.799726313422429946e-02 9.672280382339554228e-03 8.377332726445152478e-01 1.525944469731451980e-01 0.000000000000000000e+00 0.000000000000000000e+00
3.960000000000000000e+05 9.899723520702252699e-02 1.274465179790623508e-02 8.345471096950386469e-01 1.523668639053254448e-01 3.413746017296313199e-04 0.000000000000000000e+00
4.000000000000000000e+05 9.999720727982053248e-02 9.786071916249430847e-03 8.362539827036868934e-01 1.532771961766044577e-01 6.827492034592626399e-04 0.000000000000000000e+00
4.040000000000000000e+05 1.009971793526187600e-01 1.126536185707783383e-02 8.360263996358671124e-01 1.523668639053254448e-01 3.413746017296313199e-04 0.000000000000000000e+00
4.080000000000000000e+05 1.019971514254169875e-01 1.046882111970869403e-02 8.357988165680473314e-01 1.536185707783341015e-01 1.137915339098771066e-04 0.000000000000000000e+00
4.120000000000000000e+05 1.029971234982152151e-01 1.342740100136549826e-02 8.336367774237596340e-01 1.527082385070550885e-01 2.275830678197542133e-04 0.000000000000000000e+00
4.160000000000000000e+05 1.039970955710134426e-01 1.092398725534820224e-02 8.352298588984979899e-01 1.533909877105143482e-01 4.551661356395084266e-04 0.000000000000000000e+00
4.200000000000000000e+05 1.049970676438116701e-01 1.297223486572599005e-02 8.348884842967683184e-01 1.517979062357760478e-01 3.413746017296313199e-04 0.000000000000000000e+00
4.240000000000000000e+05 1.059970397166098977e-01 1.797906235776058209e-02 8.277196176604461053e-01 1.532771961766044577e-01 1.024123805188893906e-03 0.000000000000000000e+00
4.280000000000000000e+05 1.069970117894081252e-01 1.149294492489758707e-02 8.346609012289485374e-01 1.533909877105143482e-01 4.551661356395084266e-04 0.000000000000000000e+00
4.320000000000000000e+05 1.079969838622063527e-01 1.319981793354574502e-02 8.327264451524806210e-01 1.535047792444242110e-01 5.689576695493854790e-04 0.000000000000000000e+00
4.360000000000000000e+05 1.089969559350045802e-01 1.900318616294947513e-02 8.277196176604461053e-01 1.525944469731451980e-01 6.827492034592626399e-04 0.000000000000000000e+00
4.400000000000000000e+05 1.099969280078025857e-01 2.241693218024579104e-02 8.237369139736003820e-01 1.531634046426945950e-01 6.827492034592626399e-04 0.000000000000000000e+00
4.440000000000000000e+05 1.109969000806008133e-01 2.401001365498407064e-02 8.222576240327719166e-01 1.528220300409649512e-01 9.103322712790168532e-04 0.000000000000000000e+00
4.480000000000000000e+05 1.119968721533990408e-01 1.718252162039144229e-02 8.296540737369140217e-01 1.524806554392353075e-01 6.827492034592626399e-04 0.000000000000000000e+00
4.520000000000000000e+05 1.129968442261972683e-01 2.218934911242603433e-02 8.244196631770596140e-01 1.529358215748748417e-01 4.551661356395084266e-04 0.000000000000000000e+00
4.560000000000000000e+05 1.139968162989954958e-01 2.810650887573964626e-02 8.185025034137459743e-01 1.523668639053254448e-01 1.024123805188893906e-03 0.000000000000000000e+00
4.600000000000000000e+05 1.149967883717937234e-01 2.913063268092853930e-02 8.159990896677287164e-01 1.521392808375056915e-01 2.730996813837050560e-03 0.000000000000000000e+00
4.640000000000000000e+05 1.159967604445919509e-01 3.664087391898043083e-02 8.112198452435138707e-01 1.505461993627674189e-01 1.593081474738279385e-03 0.000000000000000000e+00
4.680000000000000000e+05 1.169967325173901784e-01 3.163404642694583185e-02 8.158852981338188259e-01 1.514565316340464318e-01 1.024123805188893906e-03 0.000000000000000000e+00
4.720000000000000000e+05 1.179967045901884060e-01 2.696859353664087314e-02 8.179335457441966328e-01 1.531634046426945950e-01 1.934456076467910759e-03 0.000000000000000000e+00
4.760000000000000000e+05 1.189966766629866335e-01 3.368229403732362487e-02 8.119025944469731026e-01 1.523668639053254448e-01 2.048247610377787811e-03 0.000000000000000000e+00
4.800000000000000000e+05 1.199966487357846390e-01 3.937187073281747662e-02 8.082612653618570508e-01 1.512289485662266786e-01 1.137915339098770958e-03 0.000000000000000000e+00
4.840000000000000000e+05 1.209966208085828665e-01 3.573054164770141095e-02 8.093991807009558448e-01 1.520254893035958010e-01 2.844788347746927612e-03 0.000000000000000000e+00
4.880000000000000000e+05 1.219965928813810940e-01 3.880291306326809353e-02 8.088302230314065033e-01 1.494082840236686527e-01 2.958579881656804664e-03 0.000000000000000000e+00
4.920000000000000000e+05 1.229965649541793216e-01 5.234410559854346667e-02 7.963131543013199920e-01 1.494082840236686527e-01 1.934456076467910759e-03 0.000000000000000000e+00
4.960000000000000000e+05 1.239965370269775491e-01 5.279927173418298009e-02 7.908511606736459143e-01 1.516841147018661851e-01 4.665452890304961318e-03 0.000000000000000000e+00
5.000000000000000000e+05 1.249965090997757766e-01 4.608557123350022489e-02 8.001820664542558248e-01 1.508875739644970349e-01 2.844788347746927612e-03 0.000000000000000000e+00
5.040000000000000000e+05 1.259964811725740041e-01 4.210286754665452935e-02 8.079198907601274904e-01 1.486117432862995025e-01 1.365498406918525280e-03 0.000000000000000000e+00
5.080000000000000000e+05 1.269964532453722317e-01 6.440600819299044377e-02 7.834547109695039202e-01 1.473600364132908458e-01 4.779244424214838804e-03 0.000000000000000000e+00
5.120000000000000000e+05 1.279964253181704592e-01 6.076467910787437116e-02 7.857305416477013971e-01 1.484979517523896120e-01 5.006827492034592909e-03 0.000000000000000000e+00
5.160000000000000000e+05 1.289963973909686867e-01 7.032316795630405570e-02 7.719617660446063123e-01 1.513427401001365413e-01 6.372325898953117539e-03 0.000000000000000000e+00
5.200000000000000000e+05 1.299963694637669143e-01 8.329540282203004575e-02 7.597860719162494725e-01 1.506599908966772816e-01 6.258534365043240920e-03 0.000000000000000000e+00
5.240000000000000000e+05 1.309963415365649197e-01 5.962676376877560497e-02 6.357532999544833752e-01 2.914201183431952558e-01 1.319981793354574502e-02 0.000000000000000000e+00
5.280000000000000000e+05 1.319963136093631473e-01 1.957214383249886169e-02 6.731907146108329076e-01 3.063268092853891900e-01 9.103322712790168532e-04 0.000000000000000000e+00
5.320000000000000000e+05 1.329962856821613748e-01 2.059626763768775473e-02 6.715976331360946627e-01 3.059854346836595185e-01 1.820664542558033706e-03 0.000000000000000000e+00
5.360000000000000000e+05 1.339962577549596023e-01 2.162039144287665124e-02 6.714838416021847722e-01 3.056440600819299025e-01 1.251706873008648227e-03 0.000000000000000000e+00
5.400000000000000000e+05 1.349962298277578299e-01 2.799271734182976618e-02 6.663632225762403660e-01 3.041647701411014926e-01 1.479289940828402332e-03 0.000000000000000000e+00
5.440000000000000000e+05 1.359962019005560574e-01 2.822030040964952288e-02 6.635184342284934367e-01 3.057578516158397930e-01 2.503413746017296455e-03 0.000000000000000000e+00
5.480000000000000000e+05 1.369961739733542849e-01 3.140646335912607862e-02 6.623805188893946427e-01 3.048475193445607800e-01 1.365498406918525280e-03 0.000000000000000000e+00
5.520000000000000000e+05 1.379961460461525125e-01 2.992717341829767910e-02 6.665908056440600360e-01 3.020027309968138507e-01 1.479289940828402332e-03 0.000000000000000000e+00
5.560000000000000000e+05 1.389961181189507400e-01 3.504779244424215123e-02 6.577150659990896875e-01 3.041647701411014926e-01 3.072371415566681717e-03 0.000000000000000000e+00
5.600000000000000000e+05 1.399960901917489675e-01 3.959945380063722986e-02 6.533909877105142927e-01 3.034820209376422606e-01 3.527537551206190360e-03 0.000000000000000000e+00
5.640000000000000000e+05 1.409960622645469730e-01 4.574419663177059503e-02 6.477014110150204340e-01 3.042785616750113831e-01 2.275830678197541916e-03 0.000000000000000000e+00
5.680000000000000000e+05 1.419960343373452005e-01 4.210286754665452935e-02 6.510013654984069253e-01 3.038233955393718766e-01 3.072371415566681717e-03 0.000000000000000000e+00
5.720000000000000000e+05 1.429960064101434281e-01 3.823395539371871044e-02 6.563495675921711126e-01 3.031406463359125891e-01 2.275830678197541916e-03 0.000000000000000000e+00
5.760000000000000000e+05 1.439959784829416556e-01 3.812016385980882688e-02 6.543013199817933057e-01 3.043923532089212736e-01 3.186162949476558769e-03 0.000000000000000000e+00
5.800000000000000000e+05 1.449959505557398831e-01 4.437869822485206867e-02 6.495220755575785709e-01 3.013199817933545632e-01 4.779244424214838804e-03 0.000000000000000000e+00
5.840000000000000000e+05 1.459959226285381106e-01 5.393718707328174627e-02 6.384842967683204140e-01 3.048475193445607800e-01 2.730996813837050560e-03 0.000000000000000000e+00
5.880000000000000000e+05 1.469958947013363382e-01 5.109239872553481693e-02 6.445152480655439442e-01 3.002958579881656598e-01 4.096495220755575623e-03 0.000000000000000000e+00
5.920000000000000000e+05 1.479958667741345657e-01 5.917159763313609155e-02 6.347291761492944717e-01 3.035958124715520956e-01 2.503413746017296455e-03 0.000000000000000000e+00
5.960000000000000000e+05 1.489958388469327932e-01 6.372325898953118406e-02 6.266499772416932457e-01 3.020027309968138507e-01 7.624032771961766417e-03 0.000000000000000000e+00
6.000000000000000000e+05 1.499958109197310208e-01 6.065088757396449454e-02 6.306326809285389690e-01 3.037096040054619861e-01 5.006827492034592909e-03 0.000000000000000000e+00
6.040000000000000000e+05 1.509957829925292483e-01 7.874374146563495325e-02 6.125398270368684894e-01 3.012061902594446727e-01 7.510241238051888930e-03 0.000000000000000000e+00
6.080000000000000000e+05 1.519957550653272538e-01 8.682294037323623481e-02 6.058261265361857273e-01 3.000682749203459343e-01 7.282658170232134826e-03 0.000000000000000000e+00
6.120000000000000000e+05 1.529957271381254813e-01 1.029813381884387841e-01 5.630405097860718966e-01 3.156577150659991005e-01 1.832043695949021542e-02 0.000000000000000000e+00
6.160000000000000000e+05 1.539956992109237088e-01 1.125398270368684617e-01 3.751706873008648357e-01 5.009103322712790130e-01 1.137915339098771045e-02 0.000000000000000000e+00
6.200000000000000000e+05 1.549956712837219364e-01 9.638142922166591242e-02 3.851843422849339782e-01 5.108101957214383759e-01 7.624032771961766417e-03 0.000000000000000000e+00
6.240000000000000000e+05 1.559956433565201639e-01 8.602639963586708460e-02 3.921256258534365213e-01 5.120619025944469493e-01 9.786071916249430847e-03 0.000000000000000000e+00
6.280000000000000000e+05 1.569956154293183914e-01 9.751934456076467861e-02 3.827947200728265553e-01 5.088757396449704595e-01 1.081019572143832562e-02 0.000000000000000000e+00
6.320000000000000000e+05 1.579955875021166189e-01 1.099226217569412856e-01 3.694811106053709771e-01 5.095584888484296915e-01 1.103777878925807886e-02 0.000000000000000000e+00
6.360000000000000000e+05 1.589955595749148465e-01 9.160218479745106668e-02 3.832498862084661173e-01 5.153618570778334407e-01 9.786071916249430847e-03 0.000000000000000000e+00
6.400000000000000000e+05 1.599955316477130740e-01 1.071916249431042328e-01 3.687983614019116896e-01 5.116067364588074984e-01 1.240327719617660522e-02 0.000000000000000000e+00
6.440000000000000000e+05 1.609955037205113015e-01 1.019572143832498806e-01 3.747155211652253293e-01 5.157032316795630011e-01 7.624032771961766417e-03 0.000000000000000000e+00
6.480000000000000000e+05 1.619954757933093070e-01 1.040054619936276736e-01 3.773327264451524776e-01 5.092171142467000200e-01 9.444697314519799256e-03 0.000000000000000000e+00
6.520000000000000000e+05 1.629954478661075346e-01 1.263086026399635742e-01 3.319299044151114986e-01 5.171825216203914666e-01 2.457897132453345374e-02 0.000000000000000000e+00
6.560000000000000000e+05 1.639954199389057621e-01 1.337050523441055960e-01 2.996131087847064278e-01 5.465407373691397730e-01 2.014110150204824826e-02 0.000000000000000000e+00
6.600000000000000000e+05 1.649953920117039896e-01 1.183431952662721831e-01 2.853891670459717811e-01 5.819299044151114986e-01 1.433773327264451468e-02 0.000000000000000000e+00
6.640000000000000000e+05 1.659953640845022171e-01 1.201638598088302229e-01 2.820892125625853453e-01 5.835229858898497435e-01 1.422394173873463806e-02 0.000000000000000000e+00
6.680000000000000000e+05 1.669953361573004447e-01 1.414428766499772339e-01 2.617205279927173334e-01 5.791989076012744597e-01 1.763768775603095224e-02 0.000000000000000000e+00
6.720000000000000000e+05 1.679953082300986722e-01 1.302913063268092975e-01 2.662721893491124536e-01 5.881884387801548097e-01 1.524806554392353283e-02 0.000000000000000000e+00
6.760000000000000000e+05 1.689952803028968997e-01 1.389394629039599482e-01 2.542102867546654488e-01 5.878470641784251383e-01 1.900318616294947513e-02 0.000000000000000000e+00
6.800000000000000000e+05 1.699952523756951273e-01 1.339326354119253493e-01 2.625170687300864558e-01 5.873918980427855763e-01 1.615839781520254925e-02 0.000000000000000000e+00
6.840000000000000000e+05 1.709952244484933548e-01 1.321119708693673234e-01 2.609239872553482109e-01 5.881884387801548097e-01 1.877560309512972189e-02 0.000000000000000000e+00
6.880000000000000000e+05 1.719951965212915823e-01 1.330223031406463363e-01 2.597860719162494170e-01 5.877332726445152478e-01 1.945835229858898507e-02 0.000000000000000000e+00
6.920000000000000000e+05 1.729951685940895878e-01 1.365498406918525254e-01 2.580791989076012816e-01 5.834091943559399640e-01 2.196176604460628110e-02 0.000000000000000000e+00
6.960000000000000000e+05 1.739951406668878153e-01 1.495220755575785154e-01 2.472690031861629611e-01 5.864815657715065633e-01 1.672735548475193582e-02 0.000000000000000000e+00
7.000000000000000000e+05 1.749951127396860429e-01 1.388256713700500578e-01 2.520482476103778069e-01 5.903504779244423961e-01 1.877560309512972189e-02 0.000000000000000000e+00
7.040000000000000000e+05 1.759950848124842704e-01 1.450842057350933134e-01 2.526172052799271484e-01 5.853436504324078804e-01 1.695493855257168905e-02 0.000000000000000000e+00
7.080000000000000000e+05 1.769950568852824979e-01 1.491807009558488717e-01 2.444242148384160318e-01 5.852298588984979899e-01 2.116522530723714129e-02 0.000000000000000000e+00
7.120000000000000000e+05 1.779950289580807254e-01 1.520254893035958010e-01 2.429449248975876219e-01 5.839781520254893055e-01 2.105143377332726468e-02 0.000000000000000000e+00
7.160000000000000000e+05 1.789950010308789530e-01 1.479289940828402428e-01 2.494310423304506030e-01 5.860263996358671124e-01 1.661356395084205573e-02 0.000000000000000000e+00
7.200000000000000000e+05 1.799949731036771805e-01 1.512289485662266786e-01 2.461310878470641672e-01 5.852298588984979899e-01 1.741010468821119553e-02 0.000000000000000000e+00
7.240000000000000000e+05 1.809949451764754080e-01 1.577150659990896597e-01 2.436276741010468816e-01 5.784023668639053373e-01 2.025489303595812488e-02 0.000000000000000000e+00
7.280000000000000000e+05 1.819949172492736356e-01 1.578288575329995502e-01 2.403277196176604458e-01 5.826126536185707305e-01 1.923076923076923184e-02 0.000000000000000000e+00
7.320000000000000000e+05 1.829948893220716410e-01 1.527082385070550885e-01 2.490896677287209870e-01 5.796540737369140217e-01 1.854802002730996865e-02 0.000000000000000000e+00
7.360000000000000000e+05 1.839948613948698686e-01 1.601046882111970826e-01 2.370277651342740100e-01 5.814747382794720476e-01 2.139280837505689453e-02 0.000000000000000000e+00
7.400000000000000000e+05 1.849948334676680961e-01 1.687528447883477334e-01 2.418070095584888557e-01 5.725989986345015881e-01 1.684114701866181243e-02 0.000000000000000000e+00
7.440000000000000000e+05 1.859948055404663236e-01 1.677287209831588577e-01 2.373691397360036537e-01 5.751024123805188459e-01 1.979972690031861493e-02 0.000000000000000000e+00
7.480000000000000000e+05 1.869947776132645512e-01 1.667045971779699542e-01 2.381656804733727761e-01 5.779472007282657753e-01 1.718252162039144229e-02 0.000000000000000000e+00
7.520000000000000000e+05 1.879947496860627787e-01 1.746700045516613453e-01 2.312243969048702885e-01 5.711197086936732337e-01 2.298588984979517413e-02 0.000000000000000000e+00
7.560000000000000000e+05 1.889947217588610062e-01 1.797906235776058348e-01 2.330450614474283144e-01 5.694128356850249872e-01 1.775147928994082885e-02 0.000000000000000000e+00
7.600000000000000000e+05 1.899946938316592338e-01 1.940145653163404538e-01 2.147246244879381094e-01 5.675921711424669613e-01 2.366863905325443732e-02 0.000000000000000000e+00
7.640000000000000000e+05 1.909946659044574613e-01 1.985662266727355463e-01 1.579426490669094130e-01 6.016158397815202230e-01 4.187528447883477611e-02 0.000000000000000000e+00
7.680000000000000000e+05 1.919946379772556888e-01 1.940145653163404538e-01 1.644287664997724219e-01 6.026399635867091265e-01 3.891670459717797015e-02 0.000000000000000000e+00
7.720000000000000000e+05 1.929946100500536943e-01 2.088074647246244975e-01 1.642011834319526686e-01 5.884160218479744797e-01 3.857532999544834029e-02 0.000000000000000000e+00
7.760000000000000000e+05 1.939945821228519218e-01 2.221210741920801035e-01 1.629494765589440120e-01 5.768092853891670924e-01 3.812016385980882688e-02 0.000000000000000000e+00
7.800000000000000000e+05 1.949945541956501494e-01 2.357760582612653533e-01 1.560081929904415243e-01 5.752162039144287364e-01 3.299954483386435822e-02 0.000000000000000000e+00
7.840000000000000000e+05 1.959945262684483769e-01 2.262175694128356895e-01 1.638598088302230249e-01 5.762403277196176399e-01 3.368229403732362487e-02 0.000000000000000000e+00
7.880000000000000000e+05 1.969944983412466044e-01 2.403277196176604458e-01 1.554392353208921274e-01 5.599681383705051863e-01 4.426490669094219205e-02 0.000000000000000000e+00
7.920000000000000000e+05 1.979944704140448319e-01 2.423759672280382249e-01 1.525944469731451980e-01 5.633818843878015681e-01 4.164770141101502288e-02 0.000000000000000000e+00
7.960000000000000000e+05 1.989944424868430595e-01 2.473827947200728239e-01 1.554392353208921274e-01 5.606508875739645292e-01 3.652708238507055422e-02 0.000000000000000000e+00
8.000000000000000000e+05 1.999944145596412870e-01 2.488620846609012338e-01 1.553254437869822369e-01 5.589440145653163938e-01 3.686845698680018407e-02 0.000000000000000000e+00
8.040000000000000000e+05 2.009943866324395145e-01 2.686618115612198210e-01 1.429221665908056438e-01 5.415339098771051463e-01 4.688211197086936816e-02 0.000000000000000000e+00
8.080000000000000000e+05 2.019943587052377421e-01 2.645653163404642627e-01 1.439462903959945472e-01 5.417614929449249273e-01 4.972690031861629750e-02 0.000000000000000000e+00
8.120000000000000000e+05 2.029943307780359696e-01 2.701411015020482309e-01 1.415566681838871244e-01 5.267410104688211581e-01 6.156121984524351443e-02 0.000000000000000000e+00
8.160000000000000000e+05 2.039943028508339751e-01 3.032544378698224796e-01 1.290395994538006408e-01 5.067137005006827621e-01 6.099226217569413133e-02 0.000000000000000000e+00
8.200000000000000000e+05 2.049942749236322026e-01 2.848202093764223841e-01 1.297223486572599005e-01 4.970414201183431802e-01 8.841602184797450747e-02 0.000000000000000000e+00
8.240000000000000000e+05 2.059942469964304301e-01 2.868684569868001910e-01 1.277878925807919841e-01 5.120619025944469493e-01 7.316795630405098505e-02 1.137915339098771066e-04
8.280000000000000000e+05 2.069942190692286577e-01 2.783340919435594030e-01 1.259672280382339582e-01 5.197997269003186149e-01 7.589895311788802390e-02 0.000000000000000000e+00
8.320000000000000000e+05 2.079941911420268852e-01 2.795857988165680319e-01 1.321119708693673234e-01 5.301547564861174289e-01 5.814747382794720199e-02 0.000000000000000000e+00
8.360000000000000000e+05 2.089941632148251127e-01 2.847064178425124936e-01 1.376877560309512916e-01 5.237824305871643382e-01 5.382339553937186966e-02 0.000000000000000000e+00
8.400000000000000000e+05 2.099941352876233402e-01 2.849340009103322746e-01 1.362084660901228816e-01 5.242375967228037892e-01 5.461993627674101293e-02 0.000000000000000000e+00
8.440000000000000000e+05 2.109941073604215678e-01 2.837960855712334807e-01 1.360946745562130189e-01 5.282203004096495125e-01 5.188893946290396020e-02 0.000000000000000000e+00
8.480000000000000000e+05 2.119940794332197953e-01 2.781065088757396220e-01 1.378015475648611821e-01 5.316340464269457833e-01 5.245789713245334329e-02 0.000000000000000000e+00
8.520000000000000000e+05 2.129940515060180228e-01 2.819754210286754548e-01 1.312016385980883104e-01 5.296995903504779779e-01 5.712335002275830548e-02 0.000000000000000000e+00
8.560000000000000000e+05 2.139940235788160283e-01 2.869822485207100815e-01 1.318843878015475701e-01 5.226445152480655443e-01 5.848884842967683184e-02 0.000000000000000000e+00
8.600000000000000000e+05 2.149939956516142558e-01 2.908511606736458588e-01 1.266499772416932179e-01 5.256030951297223641e-01 5.689576695493855224e-02 0.000000000000000000e+00
8.640000000000000000e+05 2.159939677244124834e-01 3.009786071916249472e-01 1.231224396904870289e-01 5.154756486117433312e-01 6.042330450614474130e-02 0.000000000000000000e+00
8.680000000000000000e+05 2.169939397972107109e-01 2.865270823850705750e-01 1.335912608101957333e-01 5.276513427401001710e-01 5.223031406463359005e-02 0.000000000000000000e+00
8.720000000000000000e+05 2.179939118700089384e-01 2.860719162494310686e-01 1.333636777423759801e-01 5.299271734182976479e-01 5.063723258989531045e-02 0.000000000000000000e+00
8.760000000000000000e+05 2.189938839428071660e-01 2.746927628584433512e-01 1.331360946745562268e-01 5.411925352753754748e-01 5.097860719162494031e-02 0.000000000000000000e+00
8.800000000000000000e+05 2.199938560156053935e-01 2.745789713245334607e-01 1.332498862084660896e-01 5.464269458352298825e-01 4.574419663177059503e-02 0.000000000000000000e+00
8.840000000000000000e+05 2.209938280884036210e-01 2.812926718252162228e-01 1.343878015475648557e-01 5.402822030040964618e-01 4.403732362312243881e-02 0.000000000000000000e+00
8.880000000000000000e+05 2.219938001612018486e-01 2.792444242148384159e-01 1.319981793354574329e-01 5.419890760127445972e-01 4.676832043695949154e-02 0.000000000000000000e+00
8.920000000000000000e+05 2.229937722340000761e-01 2.819754210286754548e-01 1.312016385980883104e-01 5.481338188438780179e-01 3.868912152935821691e-02 0.000000000000000000e+00
8.960000000000000000e+05 2.239937443067983036e-01 2.888029130632681074e-01 1.292671825216203940e-01 5.370960400546199720e-01 4.483386436049158208e-02 0.000000000000000000e+00
9.000000000000000000e+05 2.249937163795963091e-01 2.850477924442421651e-01 1.310878470641784199e-01 5.403959945380063523e-01 4.346836595357305572e-02 0.000000000000000000e+00
9.040000000000000000e+05 2.259936884523945366e-01 2.913063268092853653e-01 1.326809285389166926e-01 5.389167045971779979e-01 3.709604005461993731e-02 0.000000000000000000e+00
9.080000000000000000e+05 2.269936605251927642e-01 2.967683204369594985e-01 1.285844333181611343e-01 5.315202548930360038e-01 4.312699135184342586e-02 0.000000000000000000e+00
