# itime ezz other fcc hcp bcc ico
0.000000000000000000e+00 0.000000000000000000e+00 5.689576695493854790e-04 9.994310423304506585e-01 0.000000000000000000e+00 0.000000000000000000e+00 0.000000000000000000e+00
8.000000000000000000e+03 2.000025168169994316e-03 7.965407373691396923e-04 9.992034592626308775e-01 0.000000000000000000e+00 0.000000000000000000e+00 0.000000000000000000e+00
1.600000000000000000e+04 4.000050336339766588e-03 6.827492034592626399e-04 9.993172507965407680e-01 0.000000000000000000e+00 0.000000000000000000e+00 0.000000000000000000e+00
2.400000000000000000e+04 6.000075504509760904e-03 9.103322712790168532e-04 9.990896677287209870e-01 0.000000000000000000e+00 0.000000000000000000e+00 0.000000000000000000e+00
3.200000000000000000e+04 8.000100672679533176e-03 7.965407373691396923e-04 9.992034592626308775e-01 0.000000000000000000e+00 0.000000000000000000e+00 0.000000000000000000e+00
4.000000000000000000e+04 1.000012584084952749e-02 5.689576695493854790e-04 9.994310423304506585e-01 0.000000000000000000e+00 0.000000000000000000e+00 0.000000000000000000e+00
4.800000000000000000e+04 1.200015100901929976e-02 0.000000000000000000e+00 1.000000000000000000e+00 0.000000000000000000e+00 0.000000000000000000e+00 0.000000000000000000e+00
5.600000000000000000e+04 1.400017617718929408e-02 1.706873008648156654e-03 9.982931269913518646e-01 0.000000000000000000e+00 0.000000000000000000e+00 0.000000000000000000e+00
6.400000000000000000e+04 1.600020134535928840e-02 1.706873008648156654e-03 9.982931269913518646e-01 0.000000000000000000e+00 0.000000000000000000e+00 0.000000000000000000e+00
7.200000000000000000e+04 1.800022651352906067e-02 2.162039144287664864e-03 9.977241693218024121e-01 0.000000000000000000e+00 1.137915339098771066e-04 0.000000000000000000e+00
8.000000000000000000e+04 2.000025168169905498e-02 2.048247610377787811e-03 9.978379608557123026e-01 0.000000000000000000e+00 1.137915339098771066e-04 0.000000000000000000e+00
8.800000000000000000e+04 2.200027684986882726e-02 2.617205279927173507e-03 9.971552116522530707e-01 0.000000000000000000e+00 2.275830678197542133e-04 0.000000000000000000e+00
9.600000000000000000e+04 2.400030201803882157e-02 3.413746017296313308e-03 9.965862539827037292e-01 0.000000000000000000e+00 0.000000000000000000e+00 0.000000000000000000e+00
1.040000000000000000e+05 2.600032718620859384e-02 3.299954483386436255e-03 9.965862539827037292e-01 0.000000000000000000e+00 1.137915339098771066e-04 0.000000000000000000e+00
1.120000000000000000e+05 2.800035235437858816e-02 3.868912152935821518e-03 9.959035047792443862e-01 0.000000000000000000e+00 2.275830678197542133e-04 0.000000000000000000e+00
1.200000000000000000e+05 3.000037752254836043e-02 4.324078288575329727e-03 9.954483386436049352e-01 0.000000000000000000e+00 2.275830678197542133e-04 0.000000000000000000e+00
1.280000000000000000e+05 3.200040269071835475e-02 3.641329085116067413e-03 9.961310878470641672e-01 0.000000000000000000e+00 2.275830678197542133e-04 0.000000000000000000e+00
1.360000000000000000e+05 3.400042785888834906e-02 4.779244424214838804e-03 9.951069640418752638e-01 0.000000000000000000e+00 1.137915339098771066e-04 0.000000000000000000e+00
1.440000000000000000e+05 3.600045302705812134e-02 5.461993627674101119e-03 9.944242148384160318e-01 0.000000000000000000e+00 1.137915339098771066e-04 0.000000000000000000e+00
1.520000000000000000e+05 3.800047819522811565e-02 5.689576695493855224e-03 9.938552571688666903e-01 0.000000000000000000e+00 4.551661356395084266e-04 0.000000000000000000e+00
1.600000000000000000e+05 4.000050336339788792e-02 6.258534365043240920e-03 9.935138825671370189e-01 0.000000000000000000e+00 2.275830678197542133e-04 0.000000000000000000e+00
1.680000000000000000e+05 4.200052853156788224e-02 6.258534365043240920e-03 9.932862994993172379e-01 0.000000000000000000e+00 4.551661356395084266e-04 0.000000000000000000e+00
1.760000000000000000e+05 4.400055369973765451e-02 8.648156577150659455e-03 9.908966772872098705e-01 0.000000000000000000e+00 4.551661356395084266e-04 0.000000000000000000e+00
1.840000000000000000e+05 4.600057886790764883e-02 1.035502958579881741e-02 9.893035958124715146e-01 0.000000000000000000e+00 3.413746017296313199e-04 0.000000000000000000e+00
1.920000000000000000e+05 4.800060403607764314e-02 1.467910787437414627e-02 9.844105598543468894e-01 0.000000000000000000e+00 9.103322712790168532e-04 0.000000000000000000e+00
2.000000000000000000e+05 5.000062920424741542e-02 1.308602639963586667e-02 9.866863905325443662e-01 0.000000000000000000e+00 2.275830678197542133e-04 0.000000000000000000e+00
2.080000000000000000e+05 5.200065437241740973e-02 1.797906235776058209e-02 9.807692307692307265e-01 0.000000000000000000e+00 1.251706873008648227e-03 0.000000000000000000e+00
2.160000000000000000e+05 5.400067954058718200e-02 2.253072371415566766e-02 9.764451524806554428e-01 0.000000000000000000e+00 1.024123805188893906e-03 0.000000000000000000e+00
2.240000000000000000e+05 5.600070470875717632e-02 1.911697769685935522e-02 9.796313154301320436e-01 0.000000000000000000e+00 1.251706873008648227e-03 0.000000000000000000e+00
2.320000000000000000e+05 5.800072987692694859e-02 2.435138825671370050e-02 9.746244879380974169e-01 0.000000000000000000e+00 1.024123805188893906e-03 0.000000000000000000e+00
2.400000000000000000e+05 6.000075504509694291e-02 2.571688666363222686e-02 9.730314064633591720e-01 0.000000000000000000e+00 1.251706873008648227e-03 0.000000000000000000e+00
2.480000000000000000e+05 6.200078021326693722e-02 2.685480200273099652e-02 9.720072826581702685e-01 0.000000000000000000e+00 1.137915339098770958e-03 0.000000000000000000e+00
2.560000000000000000e+05 6.400080538143670950e-02 3.425125170687300796e-02 9.642694583522986029e-01 0.000000000000000000e+00 1.479289940828402332e-03 0.000000000000000000e+00
2.640000000000000000e+05 6.600083054960670381e-02 3.823395539371871044e-02 9.589212562585344157e-01 0.000000000000000000e+00 2.844788347746927612e-03 0.000000000000000000e+00
2.720000000000000000e+05 6.800085571777647608e-02 4.096495220755575623e-02 9.568730086481566088e-01 0.000000000000000000e+00 2.162039144287664864e-03 0.000000000000000000e+00
2.800000000000000000e+05 7.000088088594647040e-02 5.621301775147929253e-02 9.400318616294948137e-01 0.000000000000000000e+00 3.755120619025944465e-03 0.000000000000000000e+00
2.880000000000000000e+05 7.200090605411624267e-02 5.131998179335457710e-02 9.443559399180700975e-01 0.000000000000000000e+00 4.324078288575329727e-03 0.000000000000000000e+00
2.960000000000000000e+05 7.400093122228623699e-02 5.939918070095585173e-02 9.365043240782885414e-01 0.000000000000000000e+00 4.096495220755575623e-03 0.000000000000000000e+00
3.040000000000000000e+05 7.600095639045600926e-02 6.929904415111515226e-02 9.244424214838415921e-01 0.000000000000000000e+00 6.258534365043240920e-03 0.000000000000000000e+00
3.120000000000000000e+05 7.800098155862600358e-02 1.053709604005461931e-01 8.818843878015475424e-01 0.000000000000000000e+00 1.274465179790623508e-02 0.000000000000000000e+00
3.200000000000000000e+05 8.000100672679599789e-02 5.666818388711879900e-02 8.008648156577150568e-01 1.382567137005006885e-01 4.210286754665453109e-03 0.000000000000000000e+00
3.280000000000000000e+05 8.200103189496577016e-02 8.181611288120163583e-02 7.754893035958124736e-01 1.356395084205735124e-01 7.055075102412380721e-03 0.000000000000000000e+00
3.360000000000000000e+05 8.400105706313576448e-02 8.227127901684114231e-02 7.711652253072371899e-01 1.370050068274920319e-01 9.558488848429677609e-03 0.000000000000000000e+00
3.440000000000000000e+05 8.600108223130553675e-02 1.135639508420573512e-01 6.611288120163859583e-01 2.064178425125170746e-01 1.888939462903959851e-02 0.000000000000000000e+00
3.520000000000000000e+05 8.800110739947553107e-02 6.827492034592626616e-03 8.400091033227128356e-01 1.529358215748748417e-01 2.275830678197542133e-04 0.000000000000000000e+00
3.600000000000000000e+05 9.000113256764530334e-02 5.120619025944469528e-03 8.412608101957214091e-01 1.535047792444242110e-01 1.137915339098771066e-04 0.000000000000000000e+00
3.680000000000000000e+05 9.200115773581529766e-02 6.030951297223486815e-03 8.398953117888029452e-01 1.537323623122439642e-01 3.413746017296313199e-04 0.000000000000000000e+00
3.760000000000000000e+05 9.400118290398529197e-02 3.755120619025944465e-03 8.426263086026399840e-01 1.533909877105143482e-01 2.275830678197542133e-04 0.000000000000000000e+00
3.840000000000000000e+05 9.600120807215506424e-02 9.558488848429677609e-03 8.376194811106053573e-01 1.528220300409649512e-01 0.000000000000000000e+00 0.000000000000000000e+00
3.920000000000000000e+05 9.800123324032505856e-02 9.672280382339554228e-03 8.377332726445152478e-01 1.525944469731451980e-01 0.000000000000000000e+00 0.000000000000000000e+00
4.000000000000000000e+05 1.000012584084948308e-01 9.786071916249430847e-03 8.362539827036868934e-01 1.532771961766044577e-01 6.827492034592626399e-04 0.000000000000000000e+00
4.080000000000000000e+05 1.020012835766648251e-01 1.046882111970869403e-02 8.357988165680473314e-01 1.536185707783341015e-01 1.137915339098771066e-04 0.000000000000000000e+00
4.160000000000000000e+05 1.040013087448345974e-01 1.092398725534820224e-02 8.352298588984979899e-01 1.533909877105143482e-01 4.551661356395084266e-04 0.000000000000000000e+00
4.240000000000000000e+05 1.060013339130045917e-01 1.797906235776058209e-02 8.277196176604461053e-01 1.532771961766044577e-01 1.024123805188893906e-03 0.000000000000000000e+00
4.320000000000000000e+05 1.080013590811745861e-01 1.319981793354574502e-02 8.327264451524806210e-01 1.535047792444242110e-01 5.689576695493854790e-04 0.000000000000000000e+00
4.400000000000000000e+05 1.100013842493443583e-01 2.241693218024579104e-02 8.237369139736003820e-01 1.531634046426945950e-01 6.827492034592626399e-04 0.000000000000000000e+00
4.480000000000000000e+05 1.120014094175143526e-01 1.718252162039144229e-02 8.296540737369140217e-01 1.524806554392353075e-01 6.827492034592626399e-04 0.000000000000000000e+00
4.560000000000000000e+05 1.140014345856841249e-01 2.810650887573964626e-02 8.185025034137459743e-01 1.523668639053254448e-01 1.024123805188893906e-03 0.000000000000000000e+00
4.640000000000000000e+05 1.160014597538541192e-01 3.664087391898043083e-02 8.112198452435138707e-01 1.505461993627674189e-01 1.593081474738279385e-03 0.000000000000000000e+00
4.720000000000000000e+05 1.180014849220238915e-01 2.696859353664087314e-02 8.179335457441966328e-01 1.531634046426945950e-01 1.934456076467910759e-03 0.000000000000000000e+00
4.800000000000000000e+05 1.200015100901938858e-01 3.937187073281747662e-02 8.082612653618570508e-01 1.512289485662266786e-01 1.137915339098770958e-03 0.000000000000000000e+00
4.880000000000000000e+05 1.220015352583638801e-01 3.880291306326809353e-02 8.088302230314065033e-01 1.494082840236686527e-01 2.958579881656804664e-03 0.000000000000000000e+00
4.960000000000000000e+05 1.240015604265336524e-01 5.279927173418298009e-02 7.908511606736459143e-01 1.516841147018661851e-01 4.665452890304961318e-03 0.000000000000000000e+00
5.040000000000000000e+05 1.260015855947036467e-01 4.210286754665452935e-02 8.079198907601274904e-01 1.486117432862995025e-01 1.365498406918525280e-03 0.000000000000000000e+00
5.120000000000000000e+05 1.280016107628734190e-01 6.076467910787437116e-02 7.857305416477013971e-01 1.484979517523896120e-01 5.006827492034592909e-03 0.000000000000000000e+00
5.200000000000000000e+05 1.300016359310434133e-01 8.329540282203004575e-02 7.597860719162494725e-01 1.506599908966772816e-01 6.258534365043240920e-03 0.000000000000000000e+00
5.280000000000000000e+05 1.320016610992131856e-01 1.957214383249886169e-02 6.731907146108329076e-01 3.063268092853891900e-01 9.103322712790168532e-04 0.000000000000000000e+00
5.360000000000000000e+05 1.340016862673831799e-01 2.162039144287665124e-02 6.714838416021847722e-01 3.056440600819299025e-01 1.251706873008648227e-03 0.000000000000000000e+00
5.440000000000000000e+05 1.360017114355529522e-01 2.822030040964952288e-02 6.635184342284934367e-01 3.057578516158397930e-01 2.503413746017296455e-03 0.000000000000000000e+00
5.520000000000000000e+05 1.380017366037229465e-01 2.992717341829767910e-02 6.665908056440600360e-01 3.020027309968138507e-01 1.479289940828402332e-03 0.000000000000000000e+00
5.600000000000000000e+05 1.400017617718929408e-01 3.959945380063722986e-02 6.533909877105142927e-01 3.034820209376422606e-01 3.527537551206190360e-03 0.000000000000000000e+00
5.680000000000000000e+05 1.420017869400627131e-01 4.210286754665452935e-02 6.510013654984069253e-01 3.038233955393718766e-01 3.072371415566681717e-03 0.000000000000000000e+00
5.760000000000000000e+05 1.440018121082327074e-01 3.812016385980882688e-02 6.543013199817933057e-01 3.043923532089212736e-01 3.186162949476558769e-03 0.000000000000000000e+00
5.840000000000000000e+05 1.460018372764024797e-01 5.393718707328174627e-02 6.384842967683204140e-01 3.048475193445607800e-01 2.730996813837050560e-03 0.000000000000000000e+00
5.920000000000000000e+05 1.480018624445724740e-01 5.917159763313609155e-02 6.347291761492944717e-01 3.035958124715520956e-01 2.503413746017296455e-03 0.000000000000000000e+00
6.000000000000000000e+05 1.500018876127422462e-01 6.065088757396449454e-02 6.306326809285389690e-01 3.037096040054619861e-01 5.006827492034592909e-03 0.000000000000000000e+00
6.080000000000000000e+05 1.520019127809122406e-01 8.682294037323623481e-02 6.058261265361857273e-01 3.000682749203459343e-01 7.282658170232134826e-03 0.000000000000000000e+00
6.160000000000000000e+05 1.540019379490822349e-01 1.125398270368684617e-01 3.751706873008648357e-01 5.009103322712790130e-01 1.137915339098771045e-02 0.000000000000000000e+00
6.240000000000000000e+05 1.560019631172520072e-01 8.602639963586708460e-02 3.921256258534365213e-01 5.120619025944469493e-01 9.786071916249430847e-03 0.000000000000000000e+00
6.320000000000000000e+05 1.580019882854220015e-01 1.099226217569412856e-01 3.694811106053709771e-01 5.095584888484296915e-01 1.103777878925807886e-02 0.000000000000000000e+00
6.400000000000000000e+05 1.600020134535917737e-01 1.071916249431042328e-01 3.687983614019116896e-01 5.116067364588074984e-01 1.240327719617660522e-02 0.000000000000000000e+00
6.480000000000000000e+05 1.620020386217617681e-01 1.040054619936276736e-01 3.773327264451524776e-01 5.092171142467000200e-01 9.444697314519799256e-03 0.000000000000000000e+00
6.560000000000000000e+05 1.640020637899315403e-01 1.337050523441055960e-01 2.996131087847064278e-01 5.465407373691397730e-01 2.014110150204824826e-02 0.000000000000000000e+00
6.640000000000000000e+05 1.660020889581015346e-01 1.201638598088302229e-01 2.820892125625853453e-01 5.835229858898497435e-01 1.422394173873463806e-02 0.000000000000000000e+00
6.720000000000000000e+05 1.680021141262715290e-01 1.302913063268092975e-01 2.662721893491124536e-01 5.881884387801548097e-01 1.524806554392353283e-02 0.000000000000000000e+00
6.800000000000000000e+05 1.700021392944413012e-01 1.339326354119253493e-01 2.625170687300864558e-01 5.873918980427855763e-01 1.615839781520254925e-02 0.000000000000000000e+00
6.880000000000000000e+05 1.720021644626112955e-01 1.330223031406463363e-01 2.597860719162494170e-01 5.877332726445152478e-01 1.945835229858898507e-02 0.000000000000000000e+00
6.960000000000000000e+05 1.740021896307810678e-01 1.495220755575785154e-01 2.472690031861629611e-01 5.864815657715065633e-01 1.672735548475193582e-02 0.000000000000000000e+00
7.040000000000000000e+05 1.760022147989510621e-01 1.450842057350933134e-01 2.526172052799271484e-01 5.853436504324078804e-01 1.695493855257168905e-02 0.000000000000000000e+00
7.120000000000000000e+05 1.780022399671208344e-01 1.520254893035958010e-01 2.429449248975876219e-01 5.839781520254893055e-01 2.105143377332726468e-02 0.000000000000000000e+00
7.200000000000000000e+05 1.800022651352908287e-01 1.512289485662266786e-01 2.461310878470641672e-01 5.852298588984979899e-01 1.741010468821119553e-02 0.000000000000000000e+00
7.280000000000000000e+05 1.820022903034606010e-01 1.578288575329995502e-01 2.403277196176604458e-01 5.826126536185707305e-01 1.923076923076923184e-02 0.000000000000000000e+00
7.360000000000000000e+05 1.840023154716305953e-01 1.601046882111970826e-01 2.370277651342740100e-01 5.814747382794720476e-01 2.139280837505689453e-02 0.000000000000000000e+00
7.440000000000000000e+05 1.860023406398005896e-01 1.677287209831588577e-01 2.373691397360036537e-01 5.751024123805188459e-01 1.979972690031861493e-02 0.000000000000000000e+00
7.520000000000000000e+05 1.880023658079703619e-01 1.746700045516613453e-01 2.312243969048702885e-01 5.711197086936732337e-01 2.298588984979517413e-02 0.000000000000000000e+00
7.600000000000000000e+05 1.900023909761403562e-01 1.940145653163404538e-01 2.147246244879381094e-01 5.675921711424669613e-01 2.366863905325443732e-02 0.000000000000000000e+00
7.680000000000000000e+05 1.920024161443101285e-01 1.940145653163404538e-01 1.644287664997724219e-01 6.026399635867091265e-01 3.891670459717797015e-02 0.000000000000000000e+00
7.760000000000000000e+05 1.940024413124801228e-01 2.221210741920801035e-01 1.629494765589440120e-01 5.768092853891670924e-01 3.812016385980882688e-02 0.000000000000000000e+00
7.840000000000000000e+05 1.960024664806498951e-01 2.262175694128356895e-01 1.638598088302230249e-01 5.762403277196176399e-01 3.368229403732362487e-02 0.000000000000000000e+00
7.920000000000000000e+05 1.980024916488198894e-01 2.423759672280382249e-01 1.525944469731451980e-01 5.633818843878015681e-01 4.164770141101502288e-02 0.000000000000000000e+00
8.000000000000000000e+05 2.000025168169898837e-01 2.488620846609012338e-01 1.553254437869822369e-01 5.589440145653163938e-01 3.686845698680018407e-02 0.000000000000000000e+00
8.080000000000000000e+05 2.020025419851596560e-01 2.645653163404642627e-01 1.439462903959945472e-01 5.417614929449249273e-01 4.972690031861629750e-02 0.000000000000000000e+00
8.160000000000000000e+05 2.040025671533296503e-01 3.032544378698224796e-01 1.290395994538006408e-01 5.067137005006827621e-01 6.099226217569413133e-02 0.000000000000000000e+00
8.240000000000000000e+05 2.060025923214994226e-01 2.868684569868001910e-01 1.277878925807919841e-01 5.120619025944469493e-01 7.316795630405098505e-02 1.137915339098771066e-04
8.320000000000000000e+05 2.080026174896694169e-01 2.795857988165680319e-01 1.321119708693673234e-01 5.301547564861174289e-01 5.814747382794720199e-02 0.000000000000000000e+00
8.400000000000000000e+05 2.100026426578391892e-01 2.849340009103322746e-01 1.362084660901228816e-01 5.242375967228037892e-01 5.461993627674101293e-02 0.000000000000000000e+00
8.480000000000000000e+05 2.120026678260091835e-01 2.781065088757396220e-01 1.378015475648611821e-01 5.316340464269457833e-01 5.245789713245334329e-02 0.000000000000000000e+00
8.560000000000000000e+05 2.140026929941791778e-01 2.869822485207100815e-01 1.318843878015475701e-01 5.226445152480655443e-01 5.848884842967683184e-02 0.000000000000000000e+00
8.640000000000000000e+05 2.160027181623489501e-01 3.009786071916249472e-01 1.231224396904870289e-01 5.154756486117433312e-01 6.042330450614474130e-02 0.000000000000000000e+00
8.720000000000000000e+05 2.180027433305189444e-01 2.860719162494310686e-01 1.333636777423759801e-01 5.299271734182976479e-01 5.063723258989531045e-02 0.000000000000000000e+00
8.800000000000000000e+05 2.200027684986887166e-01 2.745789713245334607e-01 1.332498862084660896e-01 5.464269458352298825e-01 4.574419663177059503e-02 0.000000000000000000e+00
8.880000000000000000e+05 2.220027936668587110e-01 2.792444242148384159e-01 1.319981793354574329e-01 5.419890760127445972e-01 4.676832043695949154e-02 0.000000000000000000e+00
8.960000000000000000e+05 2.240028188350284832e-01 2.888029130632681074e-01 1.292671825216203940e-01 5.370960400546199720e-01 4.483386436049158208e-02 0.000000000000000000e+00
9.040000000000000000e+05 2.260028440031984776e-01 2.913063268092853653e-01 1.326809285389166926e-01 5.389167045971779979e-01 3.709604005461993731e-02 0.000000000000000000e+00
9.120000000000000000e+05 2.280028691713682498e-01 2.966545289030496080e-01 1.265361857077833274e-01 5.341374601729631522e-01 4.267182521620391245e-02 0.000000000000000000e+00
9.200000000000000000e+05 2.300028943395382441e-01 3.202093764223941652e-01 1.127674101046882149e-01 5.205962676376877374e-01 4.642694583522986168e-02 0.000000000000000000e+00
9.280000000000000000e+05 2.320029195077082385e-01 2.933545744196631722e-01 1.482703686845698587e-01 5.167273554847519046e-01 4.164770141101502288e-02 0.000000000000000000e+00
9.360000000000000000e+05 2.340029446758780107e-01 2.773099681383704995e-01 1.614701866181156020e-01 5.233272644515247762e-01 3.789258079198907364e-02 0.000000000000000000e+00
9.440000000000000000e+05 2.360029698440480050e-01 2.850477924442421651e-01 1.574874829312699065e-01 5.213928083750568598e-01 3.607191624943104080e-02 0.000000000000000000e+00
9.520000000000000000e+05 2.380029950122177773e-01 2.833409194355939742e-01 1.563495675921711403e-01 5.267410104688211581e-01 3.356850250341374825e-02 0.000000000000000000e+00
9.600000000000000000e+05 2.400030201803877716e-01 2.855029585798816716e-01 1.553254437869822369e-01 5.273099681383704995e-01 3.186162949476559203e-02 0.000000000000000000e+00
9.680000000000000000e+05 2.420030453485575439e-01 2.849340009103322746e-01 1.595357305416477134e-01 5.215065999089667503e-01 3.402366863905325473e-02 0.000000000000000000e+00
9.760000000000000000e+05 2.440030705167275382e-01 2.941511151570322946e-01 1.602184797451069731e-01 5.176376877560309175e-01 2.799271734182976618e-02 0.000000000000000000e+00
9.840000000000000000e+05 2.460030956848975325e-01 2.959717796995903760e-01 1.562357760582612776e-01 5.218479745106964218e-01 2.594446973145198010e-02 0.000000000000000000e+00
9.920000000000000000e+05 2.480031208530673048e-01 2.972234865725990050e-01 1.536185707783341015e-01 5.267410104688211581e-01 2.241693218024579104e-02 0.000000000000000000e+00
1.000000000000000000e+06 2.500031460212372991e-01 3.025716886663632477e-01 1.601046882111970826e-01 5.125170687300865113e-01 2.480655439235321044e-02 0.000000000000000000e+00
1.008000000000000000e+06 2.520031711894070714e-01 2.565999089667728716e-01 2.011834319526627224e-01 5.251479289940828021e-01 1.706873008648156567e-02 0.000000000000000000e+00
1.016000000000000000e+06 2.540031963575770657e-01 2.624032771961766208e-01 1.968593536640873831e-01 5.241238051888938987e-01 1.661356395084205573e-02 0.000000000000000000e+00
1.024000000000000000e+06 2.560032215257468380e-01 2.601274465179790885e-01 2.033454710969503920e-01 5.210514337733272994e-01 1.547564861174328607e-02 0.000000000000000000e+00
1.032000000000000000e+06 2.580032466939168323e-01 2.641101502048247562e-01 1.995903504779244497e-01 5.218479745106964218e-01 1.445152480655439303e-02 0.000000000000000000e+00
1.040000000000000000e+06 2.600032718620868266e-01 2.589895311788802945e-01 2.011834319526627224e-01 5.270823850705507185e-01 1.274465179790623508e-02 0.000000000000000000e+00
1.048000000000000000e+06 2.620032970302565989e-01 2.604688211197087044e-01 1.978834774692762866e-01 5.285616750113791840e-01 1.308602639963586667e-02 0.000000000000000000e+00
1.056000000000000000e+06 2.640033221984265932e-01 2.584205735093308975e-01 1.981110605370960398e-01 5.308375056895766608e-01 1.263086026399635846e-02 0.000000000000000000e+00
1.064000000000000000e+06 2.660033473665963655e-01 2.612653618570778269e-01 2.010696404187528319e-01 5.269685935366408280e-01 1.069640418752844727e-02 0.000000000000000000e+00
1.072000000000000000e+06 2.680033725347663598e-01 2.601274465179790885e-01 1.964041875284478766e-01 5.291306326809285254e-01 1.433773327264451468e-02 0.000000000000000000e+00
1.080000000000000000e+06 2.700033977029361321e-01 2.638825671370050308e-01 2.035730541647701453e-01 5.213928083750568598e-01 1.115157032316795548e-02 0.000000000000000000e+00
1.088000000000000000e+06 2.720034228711061264e-01 2.700273099681383959e-01 2.002730996813837094e-01 5.175238962221210270e-01 1.217569412835685025e-02 0.000000000000000000e+00
1.096000000000000000e+06 2.740034480392761207e-01 2.675238962221210826e-01 2.040282203004096517e-01 5.139963586709148657e-01 1.445152480655439303e-02 0.000000000000000000e+00
1.104000000000000000e+06 2.760034732074458930e-01 2.657032316795630567e-01 2.041420118343195145e-01 5.170687300864815761e-01 1.308602639963586667e-02 0.000000000000000000e+00
1.112000000000000000e+06 2.780034983756158873e-01 2.630860263996358528e-01 1.978834774692762866e-01 5.265134274010013771e-01 1.251706873008648184e-02 0.000000000000000000e+00
1.120000000000000000e+06 2.800035235437856596e-01 2.759444697314519801e-01 1.890077378243058825e-01 5.202548930359581769e-01 1.479289940828402289e-02 0.000000000000000000e+00
1.128000000000000000e+06 2.820035487119556539e-01 2.723031406463359283e-01 1.865043240782885692e-01 5.277651342740100615e-01 1.342740100136549826e-02 0.000000000000000000e+00
1.136000000000000000e+06 2.840035738801254261e-01 2.826581702321347422e-01 1.880974055530268418e-01 5.154756486117433312e-01 1.376877560309512985e-02 0.000000000000000000e+00
1.144000000000000000e+06 2.860035990482954205e-01 2.585343650432407880e-01 1.865043240782885692e-01 5.408511606736459143e-01 1.411015020482476144e-02 0.000000000000000000e+00
1.152000000000000000e+06 2.880036242164651927e-01 2.373691397360036537e-01 1.671597633136094607e-01 5.842057350933090865e-01 1.126536185707783383e-02 0.000000000000000000e+00
1.160000000000000000e+06 2.900036493846351870e-01 2.382794720072826666e-01 1.626081019572143960e-01 5.869367319071461253e-01 1.217569412835685025e-02 0.000000000000000000e+00
1.168000000000000000e+06 2.920036745528051814e-01 2.302002730996813851e-01 1.676149294492489672e-01 5.883022303140645892e-01 1.388256713700500647e-02 0.000000000000000000e+00
1.176000000000000000e+06 2.940036997209749536e-01 2.315657715065999045e-01 1.727355484751934567e-01 5.831816112881201830e-01 1.251706873008648184e-02 0.000000000000000000e+00
1.184000000000000000e+06 2.960037248891449480e-01 2.319071461083295482e-01 1.735320892125625791e-01 5.818161128812016081e-01 1.274465179790623508e-02 0.000000000000000000e+00
1.192000000000000000e+06 2.980037500573147202e-01 2.394173873463814328e-01 1.703459262630860338e-01 5.786299499317251183e-01 1.160673645880746542e-02 0.000000000000000000e+00
1.200000000000000000e+06 3.000037752254847145e-01 2.455621301775147980e-01 1.690942193900773771e-01 5.723714155666818071e-01 1.297223486572599005e-02 0.000000000000000000e+00
1.208000000000000000e+06 3.020038003936544868e-01 2.352071005917159841e-01 1.676149294492489672e-01 5.822712790168411701e-01 1.490669094219390124e-02 0.000000000000000000e+00
1.216000000000000000e+06 3.040038255618244811e-01 2.340691852526172179e-01 1.673873463814292140e-01 5.876194811106053573e-01 1.092398725534820224e-02 0.000000000000000000e+00
1.224000000000000000e+06 3.060038507299944754e-01 2.427173418297678686e-01 1.663632225762403383e-01 5.820436959490213891e-01 8.875739644970414427e-03 0.000000000000000000e+00
1.232000000000000000e+06 3.080038758981642477e-01 2.404415111515703363e-01 1.643149749658625314e-01 5.850022758306782089e-01 1.024123805188893906e-02 0.000000000000000000e+00
1.240000000000000000e+06 3.100039010663342420e-01 2.439690487027765253e-01 1.612426035502958488e-01 5.815885298133819381e-01 1.319981793354574502e-02 0.000000000000000000e+00
1.248000000000000000e+06 3.120039262345040143e-01 2.459035047792444140e-01 1.640873918980427781e-01 5.799954483386435822e-01 1.001365498406918582e-02 0.000000000000000000e+00
1.256000000000000000e+06 3.140039514026740086e-01 2.428311333636777314e-01 1.610150204824760956e-01 5.850022758306782089e-01 1.115157032316795548e-02 0.000000000000000000e+00
1.264000000000000000e+06 3.160039765708437809e-01 2.350933090578060936e-01 1.687528447883477334e-01 5.821574874829312796e-01 1.399635867091488309e-02 0.000000000000000000e+00
1.272000000000000000e+06 3.180040017390137752e-01 2.355484751934456000e-01 1.700045516613563901e-01 5.844333181611288675e-01 1.001365498406918582e-02 0.000000000000000000e+00
1.280000000000000000e+06 3.200040269071837695e-01 2.366863905325443662e-01 1.739872553482020856e-01 5.781747837960855563e-01 1.115157032316795548e-02 0.000000000000000000e+00
1.288000000000000000e+06 3.220040520753535418e-01 2.344105598543468338e-01 1.733045061447428259e-01 5.798816568047336917e-01 1.240327719617660522e-02 0.000000000000000000e+00
1.296000000000000000e+06 3.240040772435235361e-01 2.380518889394629134e-01 1.711424670004551563e-01 5.771506599908966528e-01 1.365498406918525323e-02 0.000000000000000000e+00
1.304000000000000000e+06 3.260041024116933084e-01 2.304278561675011383e-01 1.745562130177514826e-01 5.807919890760127046e-01 1.422394173873463806e-02 0.000000000000000000e+00
1.312000000000000000e+06 3.280041275798633027e-01 2.394173873463814328e-01 1.710286754665452935e-01 5.774920345926263243e-01 1.206190259444697363e-02 0.000000000000000000e+00
1.320000000000000000e+06 3.300041527480330750e-01 2.399863450159308020e-01 1.736458807464724696e-01 5.731679563040509295e-01 1.319981793354574502e-02 0.000000000000000000e+00
1.328000000000000000e+06 3.320041779162030693e-01 2.440828402366863881e-01 1.682976786527082269e-01 5.733955393718707105e-01 1.422394173873463806e-02 0.000000000000000000e+00
1.336000000000000000e+06 3.340042030843728416e-01 2.503413746017296160e-01 1.706873008648156498e-01 5.593991807009558448e-01 1.957214383249886169e-02 0.000000000000000000e+00
1.344000000000000000e+06 3.360042282525428359e-01 2.568274920345926526e-01 1.710286754665452935e-01 5.543923532089212181e-01 1.775147928994082885e-02 0.000000000000000000e+00
1.352000000000000000e+06 3.380042534207128302e-01 2.514792899408284099e-01 1.736458807464724696e-01 5.537096040054619861e-01 2.116522530723714129e-02 0.000000000000000000e+00
1.360000000000000000e+06 3.400042785888826025e-01 2.567137005006827621e-01 1.675011379153391045e-01 5.554164770141101215e-01 2.036868456986800149e-02 0.000000000000000000e+00
1.368000000000000000e+06 3.420043037570525968e-01 2.655894401456531662e-01 1.665908056440600915e-01 5.487027765134273594e-01 1.911697769685935522e-02 0.000000000000000000e+00
1.376000000000000000e+06 3.440043289252223691e-01 2.620619025944469493e-01 1.671597633136094607e-01 5.523441055985435222e-01 1.843422849340009204e-02 0.000000000000000000e+00
1.384000000000000000e+06 3.460043540933923634e-01 2.690031861629494925e-01 1.649977241693217911e-01 5.476786527082384559e-01 1.832043695949021542e-02 0.000000000000000000e+00
1.392000000000000000e+06 3.480043792615621356e-01 2.635411925352753593e-01 1.679563040509786109e-01 5.469959035047792240e-01 2.150659990896677115e-02 0.000000000000000000e+00
1.400000000000000000e+06 3.500044044297321300e-01 2.744651797906235702e-01 1.662494310423304478e-01 5.418752844788348177e-01 1.741010468821119553e-02 0.000000000000000000e+00
1.408000000000000000e+06 3.520044295979021243e-01 2.786754665452890189e-01 1.607874374146563423e-01 5.395994538006372299e-01 2.093764223941738806e-02 0.000000000000000000e+00
1.416000000000000000e+06 3.540044547660718965e-01 2.700273099681383959e-01 1.653390987710514348e-01 5.444924897587619661e-01 2.014110150204824826e-02 0.000000000000000000e+00
1.424000000000000000e+06 3.560044799342418909e-01 2.786754665452890189e-01 1.647701411015020379e-01 5.336822940373235902e-01 2.287209831588529751e-02 0.000000000000000000e+00
1.432000000000000000e+06 3.580045051024116631e-01 3.001820664542558248e-01 1.603322712790168358e-01 5.161583978152025631e-01 2.332726445152480746e-02 0.000000000000000000e+00
1.440000000000000000e+06 3.600045302705816574e-01 2.637687756030951403e-01 1.651115157032316816e-01 5.630405097860718966e-01 8.079198907601274626e-03 0.000000000000000000e+00
1.448000000000000000e+06 3.620045554387514297e-01 2.125625853436504398e-01 1.442876649977241632e-01 6.325671370050067743e-01 1.058261265361857065e-02 0.000000000000000000e+00
1.456000000000000000e+06 3.640045806069214240e-01 2.107419208010923861e-01 1.299499317250796537e-01 6.466772872098316416e-01 1.263086026399635846e-02 0.000000000000000000e+00
1.464000000000000000e+06 3.660046057750914184e-01 1.997041420118343125e-01 1.222121074192080159e-01 6.679563040509786109e-01 1.012744651797906244e-02 0.000000000000000000e+00
1.472000000000000000e+06 3.680046309432614127e-01 2.012972234865725851e-01 1.211879836140191125e-01 6.698907601274465273e-01 7.624032771961766417e-03 0.000000000000000000e+00
1.480000000000000000e+06 3.700046561114311849e-01 1.976558944014565333e-01 1.165225307237141572e-01 6.779699590350477534e-01 7.851615839781519654e-03 0.000000000000000000e+00
1.488000000000000000e+06 3.720046812796011793e-01 1.909421939007737712e-01 1.192535275375512099e-01 6.781975421028675344e-01 1.160673645880746542e-02 0.000000000000000000e+00
1.496000000000000000e+06 3.740047064477709515e-01 1.882111970869367323e-01 1.192535275375512099e-01 6.827492034592625991e-01 9.672280382339554228e-03 1.137915339098771066e-04
1.504000000000000000e+06 3.760047316159409458e-01 1.893491124260354985e-01 1.195949021392808398e-01 6.787664997724169869e-01 1.228948566226672687e-02 0.000000000000000000e+00
1.512000000000000000e+06 3.780047567841109402e-01 1.865043240782885692e-01 1.139053254437869811e-01 6.869594902139281034e-01 1.263086026399635846e-02 0.000000000000000000e+00
1.520000000000000000e+06 3.800047819522807124e-01 1.919663177059626746e-01 1.131087847064178448e-01 6.813837050523441352e-01 1.354119253527537488e-02 0.000000000000000000e+00
1.528000000000000000e+06 3.820048071204507067e-01 1.875284478834774726e-01 1.168639053254437871e-01 6.841147018661811741e-01 1.149294492489758707e-02 0.000000000000000000e+00
1.536000000000000000e+06 3.840048322886204790e-01 1.819526627218935044e-01 1.170914883932635403e-01 6.869594902139281034e-01 1.399635867091488309e-02 0.000000000000000000e+00
1.544000000000000000e+06 3.860048574567904733e-01 1.928766499772416876e-01 1.132225762403277214e-01 6.817250796540736957e-01 1.217569412835685025e-02 0.000000000000000000e+00
1.552000000000000000e+06 3.880048826249602456e-01 1.949248975876194945e-01 1.141329085116067343e-01 6.748975876194811541e-01 1.604460628129267263e-02 0.000000000000000000e+00
1.560000000000000000e+06 3.900049077931302399e-01 1.920801092398725651e-01 1.148156577150659940e-01 6.780837505689576439e-01 1.502048247610377786e-02 0.000000000000000000e+00
1.568000000000000000e+06 3.920049329613002342e-01 2.017523896222121194e-01 1.099226217569412856e-01 6.742148384160218111e-01 1.411015020482476144e-02 0.000000000000000000e+00
1.576000000000000000e+06 3.940049581294700065e-01 1.923076923076923184e-01 1.125398270368684617e-01 6.827492034592625991e-01 1.240327719617660522e-02 0.000000000000000000e+00
1.584000000000000000e+06 3.960049832976400008e-01 1.924214838416021811e-01 1.118570778334091881e-01 6.812699135184342447e-01 1.445152480655439303e-02 0.000000000000000000e+00
1.592000000000000000e+06 3.980050084658097731e-01 2.016385980883022289e-01 1.086709148839326289e-01 6.760355029585798370e-01 1.365498406918525323e-02 0.000000000000000000e+00
1.600000000000000000e+06 4.000050336339797674e-01 1.985662266727355463e-01 1.119708693673190647e-01 6.734182976786526886e-01 1.604460628129267263e-02 0.000000000000000000e+00
1.608000000000000000e+06 4.020050588021495397e-01 2.144970414201183562e-01 1.067364588074647264e-01 6.636322257624033272e-01 1.513427401001365448e-02 0.000000000000000000e+00
1.616000000000000000e+06 4.040050839703195340e-01 2.088074647246244975e-01 1.071916249431042328e-01 6.688666363222576239e-01 1.513427401001365448e-02 0.000000000000000000e+00
1.624000000000000000e+06 4.060051091384895283e-01 2.179107874374146547e-01 1.060537096040054666e-01 6.632908511606736557e-01 1.274465179790623508e-02 0.000000000000000000e+00
1.632000000000000000e+06 4.080051343066593006e-01 2.110832954028220299e-01 1.073054164770141095e-01 6.654528903049613531e-01 1.615839781520254925e-02 0.000000000000000000e+00
1.640000000000000000e+06 4.100051594748292949e-01 2.325898953117888079e-01 1.041192535275375503e-01 6.489531178880291185e-01 1.433773327264451468e-02 0.000000000000000000e+00
1.648000000000000000e+06 4.120051846429990672e-01 2.266727355484751960e-01 1.054847519344560697e-01 6.488393263541192280e-01 1.888939462903959851e-02 1.137915339098771066e-04
1.656000000000000000e+06 4.140052098111690615e-01 2.273554847519344557e-01 1.026399635867091542e-01 6.528220300409649512e-01 1.718252162039144229e-02 0.000000000000000000e+00
1.664000000000000000e+06 4.160052349793388338e-01 2.399863450159308020e-01 1.012744651797906209e-01 6.411015020482475624e-01 1.763768775603095224e-02 0.000000000000000000e+00
1.672000000000000000e+06 4.180052601475088281e-01 2.430587164314974846e-01 1.020710059171597572e-01 6.388256713700500855e-01 1.593081474738279601e-02 1.137915339098771066e-04
1.680000000000000000e+06 4.200052853156786004e-01 2.379380974055530229e-01 1.003641329085116080e-01 6.411015020482475624e-01 2.048247610377787811e-02 1.137915339098771066e-04
1.688000000000000000e+06 4.220053104838485947e-01 2.448793809740555383e-01 1.010468821119708677e-01 6.379153390987710726e-01 1.615839781520254925e-02 0.000000000000000000e+00
1.696000000000000000e+06 4.240053356520185890e-01 2.659308147473827821e-01 9.820209376422393832e-02 6.169776968593536637e-01 1.888939462903959851e-02 0.000000000000000000e+00
1.704000000000000000e+06 4.260053608201883613e-01 2.646791078743741532e-01 9.979517523896222486e-02 6.141329085116067343e-01 2.139280837505689453e-02 0.000000000000000000e+00
1.712000000000000000e+06 4.280053859883583556e-01 2.712790168411470249e-01 8.955393718707328754e-02 6.141329085116067343e-01 2.503413746017296368e-02 0.000000000000000000e+00
1.720000000000000000e+06 4.300054111565281278e-01 2.827719617660446327e-01 9.319526627218935322e-02 6.025261720527992360e-01 2.150659990896677115e-02 0.000000000000000000e+00
1.728000000000000000e+06 4.320054363246981222e-01 3.070095584888484219e-01 8.682294037323623481e-02 5.733955393718707105e-01 3.277196176604460498e-02 0.000000000000000000e+00
1.736000000000000000e+06 4.340054614928678944e-01 3.302230314064633632e-01 8.340919435593992237e-02 5.499544833864360438e-01 3.641329085116067066e-02 0.000000000000000000e+00
1.744000000000000000e+06 4.360054866610378888e-01 3.314747382794719921e-01 8.284023668639053928e-02 5.524578971324533017e-01 3.322712790168411146e-02 0.000000000000000000e+00
1.752000000000000000e+06 4.380055118292078831e-01 3.730086481565771384e-01 7.601274465179790052e-02 5.182066454255803700e-01 3.277196176604460498e-02 0.000000000000000000e+00
1.760000000000000000e+06 4.400055369973776553e-01 3.632225762403277214e-01 7.567137005006827066e-02 5.230996813837051063e-01 3.800637232589895026e-02 0.000000000000000000e+00
1.768000000000000000e+06 4.420055621655476497e-01 3.742603550295858228e-01 7.612653618570777714e-02 5.133136094674556338e-01 3.629949931725079404e-02 0.000000000000000000e+00
1.776000000000000000e+06 4.440055873337174219e-01 3.546882111970869333e-01 8.670914883932635819e-02 5.162721893491124536e-01 4.221665908056440597e-02 1.137915339098771066e-04
1.784000000000000000e+06 4.460056125018874162e-01 3.451297223486572419e-01 8.852981338188438409e-02 5.296995903504779779e-01 3.652708238507055422e-02 1.137915339098771066e-04
1.792000000000000000e+06 4.480056376700571885e-01 3.287437414656349532e-01 1.052571688666363164e-01 5.312926718252162228e-01 3.459262630860263782e-02 1.137915339098771066e-04
1.800000000000000000e+06 4.500056628382271828e-01 3.154301319981793195e-01 1.087847064178425194e-01 5.344788347746927126e-01 4.130632680928538608e-02 0.000000000000000000e+00
1.808000000000000000e+06 4.520056880063971771e-01 3.174783796085571264e-01 1.082157487482931224e-01 5.350477924442421651e-01 3.925807919890760000e-02 0.000000000000000000e+00
1.816000000000000000e+06 4.540057131745669494e-01 3.173645880746472359e-01 1.100364132908511622e-01 5.294720072826581969e-01 4.312699135184342586e-02 0.000000000000000000e+00
