# itime ezz other fcc hcp bcc ico
0.000000000000000000e+00 0.000000000000000000e+00 0.000000000000000000e+00 1.000000000000000000e+00 0.000000000000000000e+00 0.000000000000000000e+00 0.000000000000000000e+00
2.500000000000000000e+03 9.999979568214412140e-03 0.000000000000000000e+00 1.000000000000000000e+00 0.000000000000000000e+00 0.000000000000000000e+00 0.000000000000000000e+00
5.000000000000000000e+03 1.999995913642904632e-02 0.000000000000000000e+00 1.000000000000000000e+00 0.000000000000000000e+00 0.000000000000000000e+00 0.000000000000000000e+00
7.500000000000000000e+03 2.999993870464345846e-02 0.000000000000000000e+00 1.000000000000000000e+00 0.000000000000000000e+00 0.000000000000000000e+00 0.000000000000000000e+00
1.000000000000000000e+04 3.999991827285809265e-02 0.000000000000000000e+00 1.000000000000000000e+00 0.000000000000000000e+00 0.000000000000000000e+00 0.000000000000000000e+00
1.250000000000000000e+04 4.999989784107250479e-02 0.000000000000000000e+00 1.000000000000000000e+00 0.000000000000000000e+00 0.000000000000000000e+00 0.000000000000000000e+00
1.500000000000000000e+04 5.999987740928691693e-02 0.000000000000000000e+00 1.000000000000000000e+00 0.000000000000000000e+00 0.000000000000000000e+00 0.000000000000000000e+00
1.750000000000000000e+04 6.999985697750155111e-02 0.000000000000000000e+00 1.000000000000000000e+00 0.000000000000000000e+00 0.000000000000000000e+00 0.000000000000000000e+00
2.000000000000000000e+04 7.999983654571596325e-02 0.000000000000000000e+00 1.000000000000000000e+00 0.000000000000000000e+00 0.000000000000000000e+00 0.000000000000000000e+00
2.250000000000000000e+04 8.999981611393037539e-02 9.103322712790168532e-04 9.990896677287209870e-01 0.000000000000000000e+00 0.000000000000000000e+00 0.000000000000000000e+00
2.500000000000000000e+04 9.999979568214500958e-02 3.868912152935821518e-03 9.960172963131542767e-01 0.000000000000000000e+00 1.137915339098771066e-04 0.000000000000000000e+00
2.750000000000000000e+04 1.099997752503594217e-01 8.693673190714611143e-02 6.307464724624487484e-01 0.000000000000000000e+00 2.823167956304050707e-01 0.000000000000000000e+00
3.000000000000000000e+04 1.199997548185740559e-01 5.405097860719162289e-02 7.618343195266271684e-01 1.820664542558033672e-01 2.048247610377787811e-03 0.000000000000000000e+00
3.250000000000000000e+04 1.299997343867884680e-01 5.257168866636321991e-02 7.614929449248976079e-01 1.833181611288120239e-01 2.617205279927173507e-03 0.000000000000000000e+00
3.500000000000000000e+04 1.399997139550028802e-01 5.746472462448793533e-02 7.529585798816568198e-01 1.871870732817478289e-01 2.389622212107419402e-03 0.000000000000000000e+00
3.750000000000000000e+04 1.499996935232175144e-01 6.804733727810650945e-02 7.300864815657714946e-01 1.975421028675466428e-01 4.324078288575329727e-03 0.000000000000000000e+00
4.000000000000000000e+04 1.599996730914319265e-01 7.066454255803368556e-02 7.222348657259899385e-01 2.009558488848429691e-01 6.144742831133363434e-03 0.000000000000000000e+00
4.250000000000000000e+04 1.699996526596463386e-01 1.001365498406918547e-01 6.807009558488847922e-01 2.055075102412380617e-01 1.365498406918525323e-02 0.000000000000000000e+00
4.500000000000000000e+04 1.799996322278609728e-01 6.941283568502502888e-02 7.676376877560309175e-01 1.595357305416477134e-01 3.413746017296313308e-03 0.000000000000000000e+00
4.750000000000000000e+04 1.899996117960753850e-01 6.952662721893490549e-02 7.670687300864815761e-01 1.580564406008193035e-01 5.348202093764223633e-03 0.000000000000000000e+00
5.000000000000000000e+04 1.999995913642900192e-01 7.362312243969049153e-02 7.584205735093308975e-01 1.628356850250341492e-01 5.120619025944469528e-03 0.000000000000000000e+00
5.250000000000000000e+04 2.099995709325044313e-01 8.261265361857077216e-02 7.654756486117433312e-01 1.488393263541192557e-01 3.072371415566681717e-03 0.000000000000000000e+00
5.500000000000000000e+04 2.199995505007188434e-01 6.884387801547564578e-02 7.804961310878471004e-01 1.474738279472007363e-01 3.186162949476558769e-03 0.000000000000000000e+00
5.750000000000000000e+04 2.299995300689334776e-01 7.009558488848430247e-02 7.792444242148384159e-01 1.479289940828402428e-01 2.730996813837050560e-03 0.000000000000000000e+00
6.000000000000000000e+04 2.399995096371478898e-01 7.760582612653618706e-02 7.709376422394174089e-01 1.487255348202093652e-01 2.730996813837050560e-03 0.000000000000000000e+00
6.250000000000000000e+04 2.499994892053623019e-01 8.329540282203004575e-02 7.621756941283568398e-01 1.531634046426945950e-01 1.365498406918525280e-03 0.000000000000000000e+00
6.500000000000000000e+04 2.599994687735769361e-01 8.454710969503868856e-02 7.601274465179790329e-01 1.535047792444242110e-01 1.820664542558033706e-03 0.000000000000000000e+00
6.750000000000000000e+04 2.699994483417913482e-01 8.773327264451524776e-02 7.562585343650432002e-01 1.546426945835229771e-01 1.365498406918525280e-03 0.000000000000000000e+00
7.000000000000000000e+04 2.799994279100059824e-01 1.086709148839326289e-01 6.829767865270823801e-01 2.060764679107874309e-01 2.275830678197541916e-03 0.000000000000000000e+00
7.250000000000000000e+04 2.899994074782203946e-01 1.235776058261265353e-01 6.484979517523896675e-01 2.243969048702776636e-01 3.527537551206190360e-03 0.000000000000000000e+00
7.500000000000000000e+04 2.999993870464348067e-01 1.150432407828857473e-01 6.737596722803823601e-01 2.073281747837960876e-01 3.868912152935821518e-03 0.000000000000000000e+00
7.750000000000000000e+04 3.099993666146494409e-01 1.279016841147018746e-01 6.514565316340463763e-01 2.155211652253072319e-01 5.120619025944469528e-03 0.000000000000000000e+00
8.000000000000000000e+04 3.199993461828638530e-01 1.297223486572599005e-01 6.445152480655439442e-01 2.205279927173418308e-01 5.234410559854347014e-03 0.000000000000000000e+00
8.250000000000000000e+04 3.299993257510782652e-01 1.392808375056895642e-01 6.717114246700045532e-01 1.836595357305416398e-01 5.348202093764223633e-03 0.000000000000000000e+00
8.500000000000000000e+04 3.399993053192928993e-01 1.117432862994993115e-01 7.311106053709603980e-01 1.564633591260810308e-01 6.827492034592626399e-04 0.000000000000000000e+00
8.750000000000000000e+04 3.499992848875073115e-01 1.067364588074647264e-01 7.374829312699134887e-01 1.547564861174328676e-01 1.024123805188893906e-03 0.000000000000000000e+00
9.000000000000000000e+04 3.599992644557219457e-01 1.077605826126536159e-01 7.377105143377332697e-01 1.533909877105143482e-01 1.137915339098770958e-03 0.000000000000000000e+00
9.250000000000000000e+04 3.699992440239363578e-01 1.027537551206190308e-01 7.394173873463814051e-01 1.557806099226217433e-01 2.048247610377787811e-03 0.000000000000000000e+00
9.500000000000000000e+04 3.799992235921507699e-01 1.032089212562585373e-01 7.413518434228493215e-01 1.541875284478834707e-01 1.251706873008648227e-03 0.000000000000000000e+00
9.750000000000000000e+04 3.899992031603654041e-01 1.102639963586709154e-01 7.371415566681839282e-01 1.514565316340464318e-01 1.137915339098770958e-03 0.000000000000000000e+00
1.000000000000000000e+05 3.999991827285795942e-01 1.116294947655894348e-01 7.344105598543468894e-01 1.523668639053254448e-01 1.593081474738279385e-03 0.000000000000000000e+00
1.025000000000000000e+05 4.099991622967944505e-01 1.258534365043240677e-01 7.226900318616295005e-01 1.500910332271279124e-01 1.365498406918525280e-03 0.000000000000000000e+00
1.050000000000000000e+05 4.199991418650086406e-01 1.588529813381884259e-01 6.582840236686390289e-01 1.792216659080564378e-01 3.641329085116067413e-03 0.000000000000000000e+00
1.075000000000000000e+05 4.299991214332234968e-01 1.351843422849340060e-01 6.956076467910787819e-01 1.647701411015020379e-01 4.437869822485207214e-03 0.000000000000000000e+00
1.100000000000000000e+05 4.399991010014376869e-01 1.346153846153846090e-01 7.030040964952207760e-01 1.607874374146563423e-01 1.593081474738279385e-03 0.000000000000000000e+00
1.125000000000000000e+05 4.499990805696525431e-01 1.349567592171142527e-01 7.035730541647701175e-01 1.593081474738279601e-01 2.162039144287664864e-03 0.000000000000000000e+00
1.150000000000000000e+05 4.599990601378667332e-01 1.380291306326809353e-01 6.998179335457441752e-01 1.601046882111970826e-01 2.048247610377787811e-03 0.000000000000000000e+00
1.175000000000000000e+05 4.699990397060813674e-01 1.463359126081019701e-01 6.999317250796540657e-01 1.512289485662266786e-01 2.503413746017296455e-03 0.000000000000000000e+00
1.200000000000000000e+05 4.799990192742955575e-01 1.739872553482020856e-01 6.496358670914883504e-01 1.726217569412835662e-01 3.755120619025944465e-03 0.000000000000000000e+00
1.225000000000000000e+05 4.899989988425104137e-01 1.450842057350933134e-01 7.053937187073281434e-01 1.483841602184797492e-01 1.137915339098770958e-03 0.000000000000000000e+00
1.250000000000000000e+05 4.999989784107246038e-01 1.528220300409649512e-01 6.917387346381429492e-01 1.525944469731451980e-01 2.844788347746927612e-03 0.000000000000000000e+00
1.275000000000000000e+05 5.099989579789394600e-01 1.550978607191624836e-01 6.931042330450614131e-01 1.490669094219390090e-01 2.730996813837050560e-03 0.000000000000000000e+00
1.300000000000000000e+05 5.199989375471536501e-01 1.566909421939007840e-01 6.934456076467910846e-01 1.448566226672735602e-01 5.006827492034592909e-03 0.000000000000000000e+00
1.325000000000000000e+05 5.299989171153685064e-01 1.362084660901228816e-01 7.283796085571233592e-01 1.324533454710969393e-01 2.958579881656804664e-03 0.000000000000000000e+00
1.350000000000000000e+05 5.399988966835826965e-01 1.339326354119253493e-01 7.275830678197542367e-01 1.355257168866636219e-01 2.958579881656804664e-03 0.000000000000000000e+00
1.375000000000000000e+05 5.499988762517973306e-01 1.380291306326809353e-01 7.132453345471096995e-01 1.448566226672735602e-01 3.868912152935821518e-03 0.000000000000000000e+00
1.400000000000000000e+05 5.599988558200115207e-01 1.411015020482476179e-01 7.069868001820664993e-01 1.486117432862995025e-01 3.299954483386436255e-03 0.000000000000000000e+00
1.425000000000000000e+05 5.699988353882263770e-01 1.428083750568957533e-01 6.939007737824305355e-01 1.616977696859353553e-01 1.593081474738279385e-03 0.000000000000000000e+00
1.450000000000000000e+05 5.799988149564405671e-01 1.470186618115612298e-01 6.873008648156576639e-01 1.631770596267637652e-01 2.503413746017296455e-03 0.000000000000000000e+00
1.475000000000000000e+05 5.899987945246554233e-01 1.530496131087847045e-01 6.968593536640873554e-01 1.478152025489303523e-01 2.275830678197541916e-03 0.000000000000000000e+00
1.500000000000000000e+05 5.999987740928696134e-01 1.514565316340464318e-01 7.036868456986800080e-01 1.434911242603550408e-01 1.365498406918525280e-03 0.000000000000000000e+00
1.525000000000000000e+05 6.099987536610844696e-01 1.397360036413290985e-01 7.181383705052344357e-01 1.411015020482476179e-01 1.024123805188893906e-03 0.000000000000000000e+00
1.550000000000000000e+05 6.199987332292986597e-01 1.406463359126081114e-01 7.183659535730542167e-01 1.388256713700500578e-01 2.162039144287664864e-03 0.000000000000000000e+00
1.575000000000000000e+05 6.299987127975132939e-01 1.415566681838871244e-01 7.191624943104233392e-01 1.374601729631315383e-01 1.820664542558033706e-03 0.000000000000000000e+00
1.600000000000000000e+05 6.399986923657274840e-01 1.409877105143377274e-01 7.198452435138825711e-01 1.374601729631315383e-01 1.706873008648156654e-03 0.000000000000000000e+00
1.625000000000000000e+05 6.499986719339423402e-01 1.426945835229858905e-01 7.205279927173418031e-01 1.355257168866636219e-01 1.251706873008648227e-03 0.000000000000000000e+00
1.650000000000000000e+05 6.599986515021565303e-01 1.516841147018661851e-01 7.113108784706417831e-01 1.365498406918525254e-01 4.551661356395084266e-04 0.000000000000000000e+00
1.675000000000000000e+05 6.699986310703713865e-01 1.520254893035958010e-01 7.104005461993627701e-01 1.366636322257624159e-01 9.103322712790168532e-04 0.000000000000000000e+00
1.700000000000000000e+05 6.799986106385855766e-01 1.813837050523441075e-01 6.481565771506599960e-01 1.667045971779699542e-01 3.755120619025944465e-03 0.000000000000000000e+00
1.725000000000000000e+05 6.899985902068004329e-01 1.734182976786527164e-01 6.637460172963131066e-01 1.594219390077378229e-01 3.413746017296313308e-03 0.000000000000000000e+00
1.750000000000000000e+05 6.999985697750146230e-01 1.555530268548019901e-01 6.941283568502503165e-01 1.477014110150204895e-01 2.617205279927173507e-03 0.000000000000000000e+00
1.775000000000000000e+05 7.099985493432292571e-01 1.557806099226217433e-01 6.943559399180700975e-01 1.471324533454710926e-01 2.730996813837050560e-03 0.000000000000000000e+00
1.800000000000000000e+05 7.199985289114434472e-01 1.577150659990896597e-01 6.972007282658170269e-01 1.425807919890760000e-01 2.503413746017296455e-03 0.000000000000000000e+00
1.825000000000000000e+05 7.299985084796583035e-01 1.538461538461538547e-01 6.972007282658170269e-01 1.431497496586253970e-01 5.803368229403732710e-03 0.000000000000000000e+00
1.850000000000000000e+05 7.399984880478724936e-01 1.570323167956304000e-01 6.975421028675466983e-01 1.413290851160673711e-01 4.096495220755575623e-03 0.000000000000000000e+00
1.875000000000000000e+05 7.499984676160873498e-01 1.706873008648156498e-01 6.775147928994083024e-01 1.463359126081019701e-01 5.461993627674101119e-03 0.000000000000000000e+00
1.900000000000000000e+05 7.599984471843015399e-01 1.709148839326354030e-01 6.764906690942193990e-01 1.496358670914884059e-01 2.958579881656804664e-03 0.000000000000000000e+00
1.925000000000000000e+05 7.699984267525163961e-01 2.165452890304961353e-01 6.209604005461993870e-01 1.554392353208921274e-01 7.055075102412380721e-03 0.000000000000000000e+00
1.950000000000000000e+05 7.799984063207305862e-01 1.883249886208466228e-01 6.762630860263996180e-01 1.307464724624488039e-01 4.665452890304961318e-03 0.000000000000000000e+00
1.975000000000000000e+05 7.899983858889452204e-01 1.838871187983613931e-01 6.784251251706873154e-01 1.343878015475648557e-01 3.299954483386436255e-03 0.000000000000000000e+00
2.000000000000000000e+05 7.999983654571594105e-01 1.862767410104688159e-01 6.738734638142922506e-01 1.366636322257624159e-01 3.186162949476558769e-03 0.000000000000000000e+00
2.025000000000000000e+05 8.099983450253742667e-01 1.771734182976786587e-01 6.777423759672280834e-01 1.431497496586253970e-01 1.934456076467910759e-03 0.000000000000000000e+00
2.050000000000000000e+05 8.199983245935884568e-01 1.830905780609922706e-01 6.762630860263996180e-01 1.390532544378698110e-01 1.593081474738279385e-03 0.000000000000000000e+00
2.075000000000000000e+05 8.299983041618033131e-01 1.834319526627218866e-01 6.746700045516613731e-01 1.403049613108784677e-01 1.593081474738279385e-03 0.000000000000000000e+00
2.100000000000000000e+05 8.399982837300175031e-01 1.882111970869367323e-01 6.688666363222576239e-01 1.409877105143377274e-01 1.934456076467910759e-03 0.000000000000000000e+00
2.125000000000000000e+05 8.499982632982323594e-01 1.915111515703231682e-01 6.643149749658625591e-01 1.416704597177969871e-01 2.503413746017296455e-03 0.000000000000000000e+00
2.150000000000000000e+05 8.599982428664465495e-01 2.081247155211652378e-01 6.446290395994538347e-01 1.441738734638143005e-01 3.072371415566681717e-03 0.000000000000000000e+00
2.175000000000000000e+05 8.699982224346611837e-01 2.141556668183887124e-01 6.403049613108784399e-01 1.416704597177969871e-01 3.868912152935821518e-03 0.000000000000000000e+00
2.200000000000000000e+05 8.799982020028753738e-01 2.217796995903504875e-01 6.285844333181611621e-01 1.446290395994538069e-01 5.006827492034592909e-03 0.000000000000000000e+00
2.225000000000000000e+05 8.899981815710902300e-01 2.119936276741010428e-01 6.341602184797451303e-01 1.504324078288575284e-01 3.413746017296313308e-03 0.000000000000000000e+00
2.250000000000000000e+05 8.999981611393044201e-01 2.048247610377788019e-01 6.286982248520710526e-01 1.635184342284934089e-01 2.958579881656804664e-03 0.000000000000000000e+00
2.275000000000000000e+05 9.099981407075192763e-01 2.096040054619936199e-01 6.094674556213017791e-01 1.769458352298589054e-01 3.982703686845699004e-03 0.000000000000000000e+00
2.300000000000000000e+05 9.199981202757334664e-01 1.939007737824305910e-01 5.881884387801548097e-01 2.155211652253072319e-01 2.389622212107419402e-03 0.000000000000000000e+00
2.325000000000000000e+05 9.299980998439483226e-01 1.958352298588985074e-01 5.607646791078744197e-01 2.401001365498406925e-01 3.299954483386436255e-03 0.000000000000000000e+00
2.350000000000000000e+05 9.399980794121625127e-01 1.928766499772416876e-01 5.579198907601274904e-01 2.461310878470641672e-01 3.072371415566681717e-03 0.000000000000000000e+00
2.375000000000000000e+05 9.499980589803771469e-01 1.977696859353663961e-01 5.439235320892125136e-01 2.543240782885753393e-01 3.982703686845699004e-03 0.000000000000000000e+00
2.400000000000000000e+05 9.599980385485913370e-01 2.027765134274009950e-01 5.242375967228037892e-01 2.685480200273099860e-01 4.437869822485207214e-03 0.000000000000000000e+00
2.425000000000000000e+05 9.699980181168061932e-01 1.817250796540737234e-01 5.658852981338188259e-01 2.510241238051889034e-01 1.365498406918525280e-03 0.000000000000000000e+00
2.450000000000000000e+05 9.799979976850203833e-01 1.833181611288120239e-01 5.582612653618570508e-01 2.563723258989530907e-01 2.048247610377787811e-03 0.000000000000000000e+00
2.475000000000000000e+05 9.899979772532352396e-01 1.879836140191169791e-01 5.562130177514792440e-01 2.542102867546654488e-01 1.593081474738279385e-03 0.000000000000000000e+00
2.500000000000000000e+05 9.999979568214494297e-01 1.901456531634046487e-01 5.565543923532089154e-01 2.514792899408284099e-01 1.820664542558033706e-03 0.000000000000000000e+00
