# itime ezz other fcc hcp bcc ico
0.000000000000000000e+00 0.000000000000000000e+00 0.000000000000000000e+00 1.000000000000000000e+00 0.000000000000000000e+00 0.000000000000000000e+00 0.000000000000000000e+00
2.500000000000000000e+02 9.999970892295984015e-04 0.000000000000000000e+00 1.000000000000000000e+00 0.000000000000000000e+00 0.000000000000000000e+00 0.000000000000000000e+00
5.000000000000000000e+02 1.999994178459418848e-03 0.000000000000000000e+00 1.000000000000000000e+00 0.000000000000000000e+00 0.000000000000000000e+00 0.000000000000000000e+00
7.500000000000000000e+02 2.999991267689017249e-03 0.000000000000000000e+00 1.000000000000000000e+00 0.000000000000000000e+00 0.000000000000000000e+00 0.000000000000000000e+00
1.000000000000000000e+03 3.999988356918615651e-03 0.000000000000000000e+00 1.000000000000000000e+00 0.000000000000000000e+00 0.000000000000000000e+00 0.000000000000000000e+00
1.250000000000000000e+03 4.999985446148214052e-03 0.000000000000000000e+00 1.000000000000000000e+00 0.000000000000000000e+00 0.000000000000000000e+00 0.000000000000000000e+00
1.500000000000000000e+03 5.999982535378034498e-03 0.000000000000000000e+00 1.000000000000000000e+00 0.000000000000000000e+00 0.000000000000000000e+00 0.000000000000000000e+00
1.750000000000000000e+03 6.999979624607632900e-03 0.000000000000000000e+00 1.000000000000000000e+00 0.000000000000000000e+00 0.000000000000000000e+00 0.000000000000000000e+00
2.000000000000000000e+03 7.999976713837231301e-03 0.000000000000000000e+00 1.000000000000000000e+00 0.000000000000000000e+00 0.000000000000000000e+00 0.000000000000000000e+00
2.250000000000000000e+03 8.999973803067051747e-03 0.000000000000000000e+00 1.000000000000000000e+00 0.000000000000000000e+00 0.000000000000000000e+00 0.000000000000000000e+00
2.500000000000000000e+03 9.999970892296650149e-03 0.000000000000000000e+00 1.000000000000000000e+00 0.000000000000000000e+00 0.000000000000000000e+00 0.000000000000000000e+00
2.750000000000000000e+03 1.099996798152624855e-02 0.000000000000000000e+00 1.000000000000000000e+00 0.000000000000000000e+00 0.000000000000000000e+00 0.000000000000000000e+00
3.000000000000000000e+03 1.199996507075606900e-02 0.000000000000000000e+00 1.000000000000000000e+00 0.000000000000000000e+00 0.000000000000000000e+00 0.000000000000000000e+00
3.250000000000000000e+03 1.299996215998566740e-02 0.000000000000000000e+00 1.000000000000000000e+00 0.000000000000000000e+00 0.000000000000000000e+00 0.000000000000000000e+00
3.500000000000000000e+03 1.399995924921526580e-02 0.000000000000000000e+00 1.000000000000000000e+00 0.000000000000000000e+00 0.000000000000000000e+00 0.000000000000000000e+00
3.750000000000000000e+03 1.499995633844486420e-02 0.000000000000000000e+00 1.000000000000000000e+00 0.000000000000000000e+00 0.000000000000000000e+00 0.000000000000000000e+00
4.000000000000000000e+03 1.599995342767468465e-02 0.000000000000000000e+00 1.000000000000000000e+00 0.000000000000000000e+00 0.000000000000000000e+00 0.000000000000000000e+00
4.250000000000000000e+03 1.699995051690428305e-02 0.000000000000000000e+00 1.000000000000000000e+00 0.000000000000000000e+00 0.000000000000000000e+00 0.000000000000000000e+00
4.500000000000000000e+03 1.799994760613388145e-02 0.000000000000000000e+00 1.000000000000000000e+00 0.000000000000000000e+00 0.000000000000000000e+00 0.000000000000000000e+00
4.750000000000000000e+03 1.899994469536370190e-02 0.000000000000000000e+00 1.000000000000000000e+00 0.000000000000000000e+00 0.000000000000000000e+00 0.000000000000000000e+00
5.000000000000000000e+03 1.999994178459330030e-02 0.000000000000000000e+00 1.000000000000000000e+00 0.000000000000000000e+00 0.000000000000000000e+00 0.000000000000000000e+00
5.250000000000000000e+03 2.099993887382289870e-02 0.000000000000000000e+00 1.000000000000000000e+00 0.000000000000000000e+00 0.000000000000000000e+00 0.000000000000000000e+00
5.500000000000000000e+03 2.199993596305271915e-02 0.000000000000000000e+00 1.000000000000000000e+00 0.000000000000000000e+00 0.000000000000000000e+00 0.000000000000000000e+00
5.750000000000000000e+03 2.299993305228231755e-02 0.000000000000000000e+00 1.000000000000000000e+00 0.000000000000000000e+00 0.000000000000000000e+00 0.000000000000000000e+00
6.000000000000000000e+03 2.399993014151191595e-02 0.000000000000000000e+00 1.000000000000000000e+00 0.000000000000000000e+00 0.000000000000000000e+00 0.000000000000000000e+00
6.250000000000000000e+03 2.499992723074151435e-02 0.000000000000000000e+00 1.000000000000000000e+00 0.000000000000000000e+00 0.000000000000000000e+00 0.000000000000000000e+00
6.500000000000000000e+03 2.599992431997133480e-02 0.000000000000000000e+00 1.000000000000000000e+00 0.000000000000000000e+00 0.000000000000000000e+00 0.000000000000000000e+00
6.750000000000000000e+03 2.699992140920093320e-02 0.000000000000000000e+00 1.000000000000000000e+00 0.000000000000000000e+00 0.000000000000000000e+00 0.000000000000000000e+00
7.000000000000000000e+03 2.799991849843053160e-02 0.000000000000000000e+00 1.000000000000000000e+00 0.000000000000000000e+00 0.000000000000000000e+00 0.000000000000000000e+00
7.250000000000000000e+03 2.899991558766035205e-02 0.000000000000000000e+00 1.000000000000000000e+00 0.000000000000000000e+00 0.000000000000000000e+00 0.000000000000000000e+00
7.500000000000000000e+03 2.999991267688995045e-02 0.000000000000000000e+00 1.000000000000000000e+00 0.000000000000000000e+00 0.000000000000000000e+00 0.000000000000000000e+00
7.750000000000000000e+03 3.099990976611954885e-02 0.000000000000000000e+00 1.000000000000000000e+00 0.000000000000000000e+00 0.000000000000000000e+00 0.000000000000000000e+00
8.000000000000000000e+03 3.199990685534936929e-02 0.000000000000000000e+00 1.000000000000000000e+00 0.000000000000000000e+00 0.000000000000000000e+00 0.000000000000000000e+00
8.250000000000000000e+03 3.299990394457896770e-02 0.000000000000000000e+00 1.000000000000000000e+00 0.000000000000000000e+00 0.000000000000000000e+00 0.000000000000000000e+00
8.500000000000000000e+03 3.399990103380856610e-02 0.000000000000000000e+00 1.000000000000000000e+00 0.000000000000000000e+00 0.000000000000000000e+00 0.000000000000000000e+00
8.750000000000000000e+03 3.499989812303816450e-02 0.000000000000000000e+00 1.000000000000000000e+00 0.000000000000000000e+00 0.000000000000000000e+00 0.000000000000000000e+00
9.000000000000000000e+03 3.599989521226798495e-02 0.000000000000000000e+00 1.000000000000000000e+00 0.000000000000000000e+00 0.000000000000000000e+00 0.000000000000000000e+00
9.250000000000000000e+03 3.699989230149758335e-02 0.000000000000000000e+00 1.000000000000000000e+00 0.000000000000000000e+00 0.000000000000000000e+00 0.000000000000000000e+00
9.500000000000000000e+03 3.799988939072718175e-02 0.000000000000000000e+00 1.000000000000000000e+00 0.000000000000000000e+00 0.000000000000000000e+00 0.000000000000000000e+00
9.750000000000000000e+03 3.899988647995700219e-02 0.000000000000000000e+00 1.000000000000000000e+00 0.000000000000000000e+00 0.000000000000000000e+00 0.000000000000000000e+00
1.000000000000000000e+04 3.999988356918660060e-02 0.000000000000000000e+00 1.000000000000000000e+00 0.000000000000000000e+00 0.000000000000000000e+00 0.000000000000000000e+00
1.025000000000000000e+04 4.099988065841619900e-02 0.000000000000000000e+00 1.000000000000000000e+00 0.000000000000000000e+00 0.000000000000000000e+00 0.000000000000000000e+00
1.050000000000000000e+04 4.199987774764579740e-02 0.000000000000000000e+00 1.000000000000000000e+00 0.000000000000000000e+00 0.000000000000000000e+00 0.000000000000000000e+00
1.075000000000000000e+04 4.299987483687561785e-02 0.000000000000000000e+00 1.000000000000000000e+00 0.000000000000000000e+00 0.000000000000000000e+00 0.000000000000000000e+00
1.100000000000000000e+04 4.399987192610521625e-02 0.000000000000000000e+00 1.000000000000000000e+00 0.000000000000000000e+00 0.000000000000000000e+00 0.000000000000000000e+00
1.125000000000000000e+04 4.499986901533481465e-02 0.000000000000000000e+00 1.000000000000000000e+00 0.000000000000000000e+00 0.000000000000000000e+00 0.000000000000000000e+00
1.150000000000000000e+04 4.599986610456463509e-02 0.000000000000000000e+00 1.000000000000000000e+00 0.000000000000000000e+00 0.000000000000000000e+00 0.000000000000000000e+00
1.175000000000000000e+04 4.699986319379423350e-02 0.000000000000000000e+00 1.000000000000000000e+00 0.000000000000000000e+00 0.000000000000000000e+00 0.000000000000000000e+00
1.200000000000000000e+04 4.799986028302383190e-02 0.000000000000000000e+00 1.000000000000000000e+00 0.000000000000000000e+00 0.000000000000000000e+00 0.000000000000000000e+00
1.225000000000000000e+04 4.899985737225365234e-02 0.000000000000000000e+00 1.000000000000000000e+00 0.000000000000000000e+00 0.000000000000000000e+00 0.000000000000000000e+00
1.250000000000000000e+04 4.999985446148325074e-02 0.000000000000000000e+00 1.000000000000000000e+00 0.000000000000000000e+00 0.000000000000000000e+00 0.000000000000000000e+00
1.275000000000000000e+04 5.099985155071284915e-02 0.000000000000000000e+00 1.000000000000000000e+00 0.000000000000000000e+00 0.000000000000000000e+00 0.000000000000000000e+00
1.300000000000000000e+04 5.199984863994244755e-02 0.000000000000000000e+00 1.000000000000000000e+00 0.000000000000000000e+00 0.000000000000000000e+00 0.000000000000000000e+00
1.325000000000000000e+04 5.299984572917226799e-02 0.000000000000000000e+00 1.000000000000000000e+00 0.000000000000000000e+00 0.000000000000000000e+00 0.000000000000000000e+00
1.350000000000000000e+04 5.399984281840186640e-02 0.000000000000000000e+00 1.000000000000000000e+00 0.000000000000000000e+00 0.000000000000000000e+00 0.000000000000000000e+00
1.375000000000000000e+04 5.499983990763146480e-02 0.000000000000000000e+00 1.000000000000000000e+00 0.000000000000000000e+00 0.000000000000000000e+00 0.000000000000000000e+00
1.400000000000000000e+04 5.599983699686128524e-02 0.000000000000000000e+00 1.000000000000000000e+00 0.000000000000000000e+00 0.000000000000000000e+00 0.000000000000000000e+00
1.425000000000000000e+04 5.699983408609088364e-02 0.000000000000000000e+00 1.000000000000000000e+00 0.000000000000000000e+00 0.000000000000000000e+00 0.000000000000000000e+00
1.450000000000000000e+04 5.799983117532048205e-02 0.000000000000000000e+00 1.000000000000000000e+00 0.000000000000000000e+00 0.000000000000000000e+00 0.000000000000000000e+00
1.475000000000000000e+04 5.899982826455030249e-02 0.000000000000000000e+00 1.000000000000000000e+00 0.000000000000000000e+00 0.000000000000000000e+00 0.000000000000000000e+00
1.500000000000000000e+04 5.999982535377990089e-02 0.000000000000000000e+00 1.000000000000000000e+00 0.000000000000000000e+00 0.000000000000000000e+00 0.000000000000000000e+00
1.525000000000000000e+04 6.099982244300949930e-02 0.000000000000000000e+00 1.000000000000000000e+00 0.000000000000000000e+00 0.000000000000000000e+00 0.000000000000000000e+00
1.550000000000000000e+04 6.199981953223909770e-02 0.000000000000000000e+00 1.000000000000000000e+00 0.000000000000000000e+00 0.000000000000000000e+00 0.000000000000000000e+00
1.575000000000000000e+04 6.299981662146891814e-02 0.000000000000000000e+00 1.000000000000000000e+00 0.000000000000000000e+00 0.000000000000000000e+00 0.000000000000000000e+00
1.600000000000000000e+04 6.399981371069851654e-02 0.000000000000000000e+00 1.000000000000000000e+00 0.000000000000000000e+00 0.000000000000000000e+00 0.000000000000000000e+00
1.625000000000000000e+04 6.499981079992811495e-02 0.000000000000000000e+00 1.000000000000000000e+00 0.000000000000000000e+00 0.000000000000000000e+00 0.000000000000000000e+00
1.650000000000000000e+04 6.599980788915793539e-02 0.000000000000000000e+00 1.000000000000000000e+00 0.000000000000000000e+00 0.000000000000000000e+00 0.000000000000000000e+00
1.675000000000000000e+04 6.699980497838753379e-02 4.551661356395084266e-04 9.995448338643604380e-01 0.000000000000000000e+00 0.000000000000000000e+00 0.000000000000000000e+00
1.700000000000000000e+04 6.799980206761713220e-02 0.000000000000000000e+00 1.000000000000000000e+00 0.000000000000000000e+00 0.000000000000000000e+00 0.000000000000000000e+00
1.725000000000000000e+04 6.899979915684695264e-02 0.000000000000000000e+00 1.000000000000000000e+00 0.000000000000000000e+00 0.000000000000000000e+00 0.000000000000000000e+00
1.750000000000000000e+04 6.999979624607655104e-02 0.000000000000000000e+00 1.000000000000000000e+00 0.000000000000000000e+00 0.000000000000000000e+00 0.000000000000000000e+00
1.775000000000000000e+04 7.099979333530614944e-02 3.413746017296313199e-04 9.996586253982703285e-01 0.000000000000000000e+00 0.000000000000000000e+00 0.000000000000000000e+00
1.800000000000000000e+04 7.199979042453574785e-02 4.551661356395084266e-04 9.995448338643604380e-01 0.000000000000000000e+00 0.000000000000000000e+00 0.000000000000000000e+00
1.825000000000000000e+04 7.299978751376556829e-02 0.000000000000000000e+00 1.000000000000000000e+00 0.000000000000000000e+00 0.000000000000000000e+00 0.000000000000000000e+00
1.850000000000000000e+04 7.399978460299516669e-02 2.275830678197542133e-04 9.997724169321802190e-01 0.000000000000000000e+00 0.000000000000000000e+00 0.000000000000000000e+00
1.875000000000000000e+04 7.499978169222476510e-02 6.827492034592626399e-04 9.993172507965407680e-01 0.000000000000000000e+00 0.000000000000000000e+00 0.000000000000000000e+00
1.900000000000000000e+04 7.599977878145458554e-02 0.000000000000000000e+00 1.000000000000000000e+00 0.000000000000000000e+00 0.000000000000000000e+00 0.000000000000000000e+00
1.925000000000000000e+04 7.699977587068418394e-02 0.000000000000000000e+00 1.000000000000000000e+00 0.000000000000000000e+00 0.000000000000000000e+00 0.000000000000000000e+00
1.950000000000000000e+04 7.799977295991378234e-02 0.000000000000000000e+00 1.000000000000000000e+00 0.000000000000000000e+00 0.000000000000000000e+00 0.000000000000000000e+00
1.975000000000000000e+04 7.899977004914338075e-02 1.137915339098771066e-04 9.998862084660901095e-01 0.000000000000000000e+00 0.000000000000000000e+00 0.000000000000000000e+00
2.000000000000000000e+04 7.999976713837320119e-02 0.000000000000000000e+00 1.000000000000000000e+00 0.000000000000000000e+00 0.000000000000000000e+00 0.000000000000000000e+00
2.025000000000000000e+04 8.099976422760279959e-02 0.000000000000000000e+00 1.000000000000000000e+00 0.000000000000000000e+00 0.000000000000000000e+00 0.000000000000000000e+00
2.050000000000000000e+04 8.199976131683239799e-02 3.413746017296313199e-04 9.996586253982703285e-01 0.000000000000000000e+00 0.000000000000000000e+00 0.000000000000000000e+00
2.075000000000000000e+04 8.299975840606221844e-02 4.551661356395084266e-04 9.995448338643604380e-01 0.000000000000000000e+00 0.000000000000000000e+00 0.000000000000000000e+00
2.100000000000000000e+04 8.399975549529181684e-02 5.689576695493854790e-04 9.994310423304506585e-01 0.000000000000000000e+00 0.000000000000000000e+00 0.000000000000000000e+00
2.125000000000000000e+04 8.499975258452141524e-02 5.689576695493854790e-04 9.994310423304506585e-01 0.000000000000000000e+00 0.000000000000000000e+00 0.000000000000000000e+00
2.150000000000000000e+04 8.599974967375123569e-02 1.365498406918525280e-03 9.986345015930814251e-01 0.000000000000000000e+00 0.000000000000000000e+00 0.000000000000000000e+00
2.175000000000000000e+04 8.699974676298083409e-02 3.413746017296313199e-04 9.994310423304506585e-01 0.000000000000000000e+00 2.275830678197542133e-04 0.000000000000000000e+00
2.200000000000000000e+04 8.799974385221043249e-02 1.024123805188893906e-03 9.987482931269913156e-01 0.000000000000000000e+00 2.275830678197542133e-04 0.000000000000000000e+00
2.225000000000000000e+04 8.899974094144003089e-02 6.827492034592626399e-04 9.992034592626308775e-01 0.000000000000000000e+00 1.137915339098771066e-04 0.000000000000000000e+00
2.250000000000000000e+04 8.999973803066985134e-02 9.103322712790168532e-04 9.990896677287209870e-01 0.000000000000000000e+00 0.000000000000000000e+00 0.000000000000000000e+00
2.275000000000000000e+04 9.099973511989944974e-02 1.593081474738279385e-03 9.984069185252617551e-01 0.000000000000000000e+00 0.000000000000000000e+00 0.000000000000000000e+00
2.300000000000000000e+04 9.199973220912904814e-02 1.137915339098770958e-03 9.988620846609012061e-01 0.000000000000000000e+00 0.000000000000000000e+00 0.000000000000000000e+00
2.325000000000000000e+04 9.299972929835886859e-02 0.000000000000000000e+00 1.000000000000000000e+00 0.000000000000000000e+00 0.000000000000000000e+00 0.000000000000000000e+00
2.350000000000000000e+04 9.399972638758846699e-02 1.593081474738279385e-03 9.982931269913518646e-01 0.000000000000000000e+00 1.137915339098771066e-04 0.000000000000000000e+00
2.375000000000000000e+04 9.499972347681806539e-02 2.844788347746927612e-03 9.970414201183431802e-01 0.000000000000000000e+00 1.137915339098771066e-04 0.000000000000000000e+00
2.400000000000000000e+04 9.599972056604788584e-02 1.820664542558033706e-03 9.981793354574419741e-01 0.000000000000000000e+00 0.000000000000000000e+00 0.000000000000000000e+00
2.425000000000000000e+04 9.699971765527748424e-02 1.706873008648156654e-03 9.980655439235320836e-01 0.000000000000000000e+00 2.275830678197542133e-04 0.000000000000000000e+00
2.450000000000000000e+04 9.799971474450708264e-02 2.844788347746927612e-03 9.969276285844332897e-01 0.000000000000000000e+00 2.275830678197542133e-04 0.000000000000000000e+00
2.475000000000000000e+04 9.899971183373668104e-02 3.527537551206190360e-03 9.961310878470641672e-01 0.000000000000000000e+00 3.413746017296313199e-04 0.000000000000000000e+00
2.500000000000000000e+04 9.999970892296650149e-02 3.868912152935821518e-03 9.960172963131542767e-01 0.000000000000000000e+00 1.137915339098771066e-04 0.000000000000000000e+00
2.525000000000000000e+04 1.009997060121960999e-01 3.413746017296313308e-03 9.964724624487938387e-01 0.000000000000000000e+00 1.137915339098771066e-04 0.000000000000000000e+00
2.550000000000000000e+04 1.019997031014256983e-01 4.210286754665453109e-03 9.955621301775148257e-01 0.000000000000000000e+00 2.275830678197542133e-04 0.000000000000000000e+00
2.575000000000000000e+04 1.029997001906555187e-01 5.120619025944469528e-03 9.946517979062358128e-01 0.000000000000000000e+00 2.275830678197542133e-04 0.000000000000000000e+00
2.600000000000000000e+04 1.039996972798851171e-01 6.144742831133363434e-03 9.935138825671370189e-01 0.000000000000000000e+00 3.413746017296313199e-04 0.000000000000000000e+00
2.625000000000000000e+04 1.049996943691147155e-01 7.965407373691398007e-03 9.911242603550295405e-01 0.000000000000000000e+00 9.103322712790168532e-04 0.000000000000000000e+00
2.650000000000000000e+04 1.059996914583445360e-01 9.103322712790167665e-03 9.899863450159308575e-01 0.000000000000000000e+00 9.103322712790168532e-04 0.000000000000000000e+00
2.675000000000000000e+04 1.069996885475741344e-01 1.012744651797906244e-02 9.886208466090122826e-01 0.000000000000000000e+00 1.251706873008648227e-03 0.000000000000000000e+00
2.700000000000000000e+04 1.079996856368037328e-01 1.092398725534820224e-02 9.875967228038233792e-01 0.000000000000000000e+00 1.479289940828402332e-03 0.000000000000000000e+00
2.725000000000000000e+04 1.089996827260333312e-01 1.957214383249886169e-02 9.713245334547109255e-01 0.000000000000000000e+00 9.103322712790167665e-03 0.000000000000000000e+00
2.750000000000000000e+04 1.099996798152631516e-01 8.693673190714611143e-02 6.307464724624487484e-01 0.000000000000000000e+00 2.823167956304050707e-01 0.000000000000000000e+00
2.775000000000000000e+04 1.109996769044927500e-01 1.508875739644970349e-01 2.818616294947655643e-01 7.965407373691396923e-04 5.664542558033682784e-01 0.000000000000000000e+00
2.800000000000000000e+04 1.119996739937223484e-01 2.398725534820209393e-01 4.278561675011379184e-01 1.664770141101502010e-01 1.657942649066909413e-01 0.000000000000000000e+00
2.825000000000000000e+04 1.129996710829521689e-01 2.391898042785616796e-01 4.982931269913518646e-01 2.289485662266727284e-01 3.356850250341374825e-02 0.000000000000000000e+00
2.850000000000000000e+04 1.139996681721817673e-01 1.974283113336367801e-01 5.777196176604461053e-01 2.025489303595812418e-01 2.230314064633591095e-02 0.000000000000000000e+00
2.875000000000000000e+04 1.149996652614113657e-01 1.778561675011379184e-01 6.077605826126536437e-01 2.019799726900318726e-01 1.240327719617660522e-02 0.000000000000000000e+00
2.900000000000000000e+04 1.159996623506411861e-01 1.428083750568957533e-01 6.502048247610378029e-01 1.956076467910787542e-01 1.137915339098771045e-02 0.000000000000000000e+00
2.925000000000000000e+04 1.169996594398707845e-01 7.885753299954482987e-02 7.216659080564405970e-01 1.942421483841602070e-01 5.234410559854347014e-03 0.000000000000000000e+00
2.950000000000000000e+04 1.179996565291003829e-01 6.269913518434228061e-02 7.554619936276740777e-01 1.796768320436959443e-01 2.162039144287664864e-03 0.000000000000000000e+00
2.975000000000000000e+04 1.189996536183299813e-01 5.507510241238051940e-02 7.594446973145198010e-01 1.819526627218935044e-01 3.527537551206190360e-03 0.000000000000000000e+00
3.000000000000000000e+04 1.199996507075598018e-01 5.405097860719162289e-02 7.618343195266271684e-01 1.820664542558033672e-01 2.048247610377787811e-03 0.000000000000000000e+00
3.025000000000000000e+04 1.209996477967894002e-01 5.348202093764223980e-02 7.659308147473827821e-01 1.799044151115156975e-01 6.827492034592626399e-04 0.000000000000000000e+00
3.050000000000000000e+04 1.219996448860189986e-01 5.268548020027309653e-02 7.653618570778334407e-01 1.804733727810650945e-01 1.479289940828402332e-03 0.000000000000000000e+00
3.075000000000000000e+04 1.229996419752488190e-01 5.257168866636321991e-02 7.645653163404643182e-01 1.810423304506144637e-01 1.820664542558033706e-03 0.000000000000000000e+00
3.100000000000000000e+04 1.239996390644784174e-01 5.268548020027309653e-02 7.636549840691853053e-01 1.807009558488848477e-01 2.958579881656804664e-03 0.000000000000000000e+00
3.125000000000000000e+04 1.249996361537080158e-01 5.257168866636321991e-02 7.635411925352754148e-01 1.819526627218935044e-01 1.934456076467910759e-03 0.000000000000000000e+00
3.150000000000000000e+04 1.259996332429376142e-01 5.416477014110149951e-02 7.637687756030950847e-01 1.805871643149749572e-01 1.479289940828402332e-03 0.000000000000000000e+00
3.175000000000000000e+04 1.269996303321674347e-01 5.530268548020027264e-02 7.610377787892580459e-01 1.811561219845243542e-01 2.503413746017296455e-03 0.000000000000000000e+00
3.200000000000000000e+04 1.279996274213970331e-01 5.268548020027309653e-02 7.614929449248976079e-01 1.820664542558033672e-01 3.755120619025944465e-03 0.000000000000000000e+00
3.225000000000000000e+04 1.289996245106266315e-01 5.587164314974965573e-02 7.597860719162494725e-01 1.826354119253527641e-01 1.706873008648156654e-03 0.000000000000000000e+00
3.250000000000000000e+04 1.299996215998564519e-01 5.257168866636321991e-02 7.614929449248976079e-01 1.833181611288120239e-01 2.617205279927173507e-03 0.000000000000000000e+00
3.275000000000000000e+04 1.309996186890860503e-01 5.405097860719162289e-02 7.600136549840691425e-01 1.838871187983613931e-01 2.048247610377787811e-03 0.000000000000000000e+00
3.300000000000000000e+04 1.319996157783156487e-01 5.416477014110149951e-02 7.598998634501593630e-01 1.842284934000910368e-01 1.706873008648156654e-03 0.000000000000000000e+00
3.325000000000000000e+04 1.329996128675454692e-01 5.666818388711879900e-02 7.587619481110605690e-01 1.828629949931725174e-01 1.706873008648156654e-03 0.000000000000000000e+00
3.350000000000000000e+04 1.339996099567750676e-01 5.621301775147929253e-02 7.580791989076012261e-01 1.830905780609922706e-01 2.617205279927173507e-03 0.000000000000000000e+00
3.375000000000000000e+04 1.349996070460046660e-01 5.666818388711879900e-02 7.561447428311333097e-01 1.846836595357305433e-01 2.503413746017296455e-03 0.000000000000000000e+00
3.400000000000000000e+04 1.359996041352342644e-01 5.791989076012744875e-02 7.556895766954938587e-01 1.840009103322712836e-01 2.389622212107419402e-03 0.000000000000000000e+00
3.425000000000000000e+04 1.369996012244640848e-01 5.427856167501137613e-02 7.595584888484296915e-01 1.842284934000910368e-01 1.934456076467910759e-03 0.000000000000000000e+00
3.450000000000000000e+04 1.379995983136936832e-01 5.917159763313609155e-02 7.539827036868457233e-01 1.850250341374601593e-01 1.820664542558033706e-03 0.000000000000000000e+00
3.475000000000000000e+04 1.389995954029232816e-01 5.700955848884842886e-02 7.534137460172962708e-01 1.877560309512972259e-01 1.820664542558033706e-03 0.000000000000000000e+00
3.500000000000000000e+04 1.399995924921531021e-01 5.746472462448793533e-02 7.529585798816568198e-01 1.871870732817478289e-01 2.389622212107419402e-03 0.000000000000000000e+00
3.525000000000000000e+04 1.409995895813827005e-01 5.746472462448793533e-02 7.501137915339098905e-01 1.879836140191169791e-01 4.437869822485207214e-03 0.000000000000000000e+00
3.550000000000000000e+04 1.419995866706122989e-01 5.985434683659535821e-02 7.517068730086481354e-01 1.854802002730996935e-01 2.958579881656804664e-03 0.000000000000000000e+00
3.575000000000000000e+04 1.429995837598421193e-01 6.076467910787437116e-02 7.474965862539827421e-01 1.880974055530268418e-01 3.641329085116067413e-03 0.000000000000000000e+00
3.600000000000000000e+04 1.439995808490717177e-01 6.065088757396449454e-02 7.496586253982703285e-01 1.871870732817478289e-01 2.503413746017296455e-03 0.000000000000000000e+00
3.625000000000000000e+04 1.449995779383013161e-01 6.076467910787437116e-02 7.451069640418752638e-01 1.906008192990441552e-01 3.527537551206190360e-03 0.000000000000000000e+00
3.650000000000000000e+04 1.459995750275309145e-01 6.030951297223486468e-02 7.474965862539827421e-01 1.898042785616750050e-01 2.389622212107419402e-03 0.000000000000000000e+00
3.675000000000000000e+04 1.469995721167607350e-01 5.826126536185707860e-02 7.503413746017296715e-01 1.882111970869367323e-01 3.186162949476558769e-03 0.000000000000000000e+00
3.700000000000000000e+04 1.479995692059903334e-01 6.360946745562130744e-02 7.416932180245789930e-01 1.920801092398725651e-01 2.617205279927173507e-03 0.000000000000000000e+00
3.725000000000000000e+04 1.489995662952199318e-01 6.201638598088302090e-02 7.398725534820209671e-01 1.952662721893491105e-01 2.844788347746927612e-03 0.000000000000000000e+00
3.750000000000000000e+04 1.499995633844497522e-01 6.804733727810650945e-02 7.300864815657714946e-01 1.975421028675466428e-01 4.324078288575329727e-03 0.000000000000000000e+00
3.775000000000000000e+04 1.509995604736793506e-01 6.554392353208920996e-02 7.253072371415566488e-01 2.015248065543923661e-01 7.624032771961766417e-03 0.000000000000000000e+00
3.800000000000000000e+04 1.519995575629089490e-01 6.747837960855712636e-02 7.271279016841146747e-01 2.002730996813837094e-01 5.120619025944469528e-03 0.000000000000000000e+00
3.825000000000000000e+04 1.529995546521387695e-01 6.668183887118799003e-02 7.253072371415566488e-01 2.007282658170232159e-01 7.282658170232134826e-03 0.000000000000000000e+00
3.850000000000000000e+04 1.539995517413683679e-01 6.759217114246700298e-02 7.254210286754665393e-01 2.005006827492034627e-01 6.486117432862995025e-03 0.000000000000000000e+00
3.875000000000000000e+04 1.549995488305979663e-01 6.577150659990896320e-02 7.250796540737368678e-01 2.022075557578516258e-01 6.941283568502503235e-03 0.000000000000000000e+00
3.900000000000000000e+04 1.559995459198275647e-01 6.804733727810650945e-02 7.221210741920801590e-01 2.010696404187528319e-01 8.761948111060537808e-03 0.000000000000000000e+00
3.925000000000000000e+04 1.569995430090573851e-01 6.486117432862995025e-02 7.254210286754665393e-01 2.024351388256713791e-01 7.282658170232134826e-03 0.000000000000000000e+00
3.950000000000000000e+04 1.579995400982869835e-01 6.781975421028675621e-02 7.251934456076467583e-01 2.022075557578516258e-01 4.779244424214838804e-03 0.000000000000000000e+00
3.975000000000000000e+04 1.589995371875165819e-01 6.895766954938552240e-02 7.236003641329085134e-01 2.014110150204824756e-01 6.030951297223486815e-03 0.000000000000000000e+00
4.000000000000000000e+04 1.599995342767464024e-01 7.066454255803368556e-02 7.222348657259899385e-01 2.009558488848429691e-01 6.144742831133363434e-03 0.000000000000000000e+00
4.025000000000000000e+04 1.609995313659760008e-01 7.089212562585343880e-02 7.213245334547109255e-01 2.017523896222121194e-01 6.030951297223486815e-03 0.000000000000000000e+00
4.050000000000000000e+04 1.619995284552055992e-01 7.715065999089668058e-02 7.167728720983158608e-01 1.997041420118343125e-01 6.372325898953117539e-03 0.000000000000000000e+00
4.075000000000000000e+04 1.629995255444351976e-01 7.999544833864360993e-02 7.152935821574875064e-01 1.981110605370960398e-01 6.599908966772872511e-03 0.000000000000000000e+00
4.100000000000000000e+04 1.639995226336650180e-01 8.625398270368685172e-02 7.098315885298134287e-01 1.979972690031861493e-01 5.917159763313609329e-03 0.000000000000000000e+00
4.125000000000000000e+04 1.649995197228946164e-01 7.851615839781520001e-02 7.116522530723714546e-01 2.005006827492034627e-01 9.330905780609922637e-03 0.000000000000000000e+00
4.150000000000000000e+04 1.659995168121242148e-01 8.693673190714611143e-02 7.078971324533455123e-01 1.960628129267182607e-01 9.103322712790167665e-03 0.000000000000000000e+00
4.175000000000000000e+04 1.669995139013540353e-01 9.467455621301774926e-02 7.040282203004096795e-01 1.940145653163404538e-01 7.282658170232134826e-03 0.000000000000000000e+00
4.200000000000000000e+04 1.679995109905836337e-01 1.061675011379153433e-01 6.768320436959490705e-01 2.031178880291306388e-01 1.388256713700500647e-02 0.000000000000000000e+00
4.225000000000000000e+04 1.689995080798132321e-01 9.547109695038688559e-02 6.886663632225762388e-01 2.018661811561219821e-01 1.399635867091488309e-02 0.000000000000000000e+00
4.250000000000000000e+04 1.699995051690430525e-01 1.001365498406918547e-01 6.807009558488847922e-01 2.055075102412380617e-01 1.365498406918525323e-02 0.000000000000000000e+00
4.275000000000000000e+04 1.709995022582726509e-01 1.084433318161128756e-01 6.730769230769231282e-01 2.073281747837960876e-01 1.115157032316795548e-02 0.000000000000000000e+00
4.300000000000000000e+04 1.719994993475022493e-01 1.160673645880746507e-01 6.668183887118798170e-01 2.027765134274009950e-01 1.433773327264451468e-02 0.000000000000000000e+00
4.325000000000000000e+04 1.729994964367318477e-01 1.170914883932635403e-01 6.741010468821119206e-01 1.978834774692762866e-01 1.092398725534820224e-02 0.000000000000000000e+00
4.350000000000000000e+04 1.739994935259616682e-01 1.248293126991351781e-01 6.986800182066453813e-01 1.710286754665452935e-01 5.461993627674101119e-03 0.000000000000000000e+00
4.375000000000000000e+04 1.749994906151912666e-01 7.954028220300408958e-02 7.672963131543013571e-01 1.512289485662266786e-01 1.934456076467910759e-03 0.000000000000000000e+00
4.400000000000000000e+04 1.759994877044208650e-01 7.362312243969049153e-02 7.682066454255803700e-01 1.549840691852526209e-01 3.186162949476558769e-03 0.000000000000000000e+00
4.425000000000000000e+04 1.769994847936506854e-01 7.203004096495220498e-02 7.702548930359581769e-01 1.540737369139736079e-01 3.641329085116067413e-03 0.000000000000000000e+00
4.450000000000000000e+04 1.779994818828802838e-01 7.214383249886208160e-02 7.682066454255803700e-01 1.568047337278106468e-01 2.844788347746927612e-03 0.000000000000000000e+00
4.475000000000000000e+04 1.789994789721098822e-01 7.066454255803368556e-02 7.652480655439235502e-01 1.595357305416477134e-01 4.551661356395083832e-03 0.000000000000000000e+00
4.500000000000000000e+04 1.799994760613397027e-01 6.941283568502502888e-02 7.676376877560309175e-01 1.595357305416477134e-01 3.413746017296313308e-03 0.000000000000000000e+00
4.525000000000000000e+04 1.809994731505693011e-01 6.929904415111515226e-02 7.691169776968593830e-01 1.589667728720983164e-01 2.617205279927173507e-03 0.000000000000000000e+00
4.550000000000000000e+04 1.819994702397988995e-01 6.838871187983613931e-02 7.671825216203914666e-01 1.606736458807464796e-01 3.755120619025944465e-03 0.000000000000000000e+00
4.575000000000000000e+04 1.829994673290284979e-01 6.884387801547564578e-02 7.687756030951297115e-01 1.590805644060081792e-01 3.299954483386436255e-03 0.000000000000000000e+00
4.600000000000000000e+04 1.839994644182583183e-01 6.895766954938552240e-02 7.649066909421938787e-01 1.616977696859353553e-01 4.437869822485207214e-03 0.000000000000000000e+00
4.625000000000000000e+04 1.849994615074879167e-01 6.793354574419663283e-02 7.678652708238506985e-01 1.605598543468365891e-01 3.641329085116067413e-03 0.000000000000000000e+00
4.650000000000000000e+04 1.859994585967175151e-01 6.929904415111515226e-02 7.647928994082839882e-01 1.613563950842057393e-01 4.551661356395083832e-03 0.000000000000000000e+00
4.675000000000000000e+04 1.869994556859473356e-01 6.770596267637687959e-02 7.679790623577605890e-01 1.606736458807464796e-01 3.641329085116067413e-03 0.000000000000000000e+00
4.700000000000000000e+04 1.879994527751769340e-01 6.986800182066454923e-02 7.670687300864815761e-01 1.589667728720983164e-01 4.096495220755575623e-03 0.000000000000000000e+00
4.725000000000000000e+04 1.889994498644065324e-01 6.702321347291761988e-02 7.679790623577605890e-01 1.610150204824760956e-01 3.982703686845699004e-03 0.000000000000000000e+00
4.750000000000000000e+04 1.899994469536363528e-01 6.952662721893490549e-02 7.670687300864815761e-01 1.580564406008193035e-01 5.348202093764223633e-03 0.000000000000000000e+00
4.775000000000000000e+04 1.909994440428659512e-01 6.873008648156576916e-02 7.671825216203914666e-01 1.595357305416477134e-01 4.551661356395083832e-03 0.000000000000000000e+00
4.800000000000000000e+04 1.919994411320955496e-01 7.225762403277195822e-02 7.625170687300865113e-01 1.610150204824760956e-01 4.210286754665453109e-03 0.000000000000000000e+00
4.825000000000000000e+04 1.929994382213251480e-01 7.305416477014110843e-02 7.619481110605370588e-01 1.603322712790168358e-01 4.665452890304961318e-03 0.000000000000000000e+00
4.850000000000000000e+04 1.939994353105549685e-01 7.020937642239417908e-02 7.631998179335457433e-01 1.619253527537551085e-01 4.665452890304961318e-03 0.000000000000000000e+00
4.875000000000000000e+04 1.949994323997845669e-01 6.998179335457442585e-02 7.633136094674556338e-01 1.618115612198452458e-01 4.893035958124715423e-03 0.000000000000000000e+00
4.900000000000000000e+04 1.959994294890141653e-01 7.259899863450158808e-02 7.631998179335457433e-01 1.601046882111970826e-01 4.096495220755575623e-03 0.000000000000000000e+00
4.925000000000000000e+04 1.969994265782439857e-01 7.191624943104232837e-02 7.596722803823395820e-01 1.645425580336822846e-01 3.868912152935821518e-03 0.000000000000000000e+00
4.950000000000000000e+04 1.979994236674735841e-01 7.396449704142012138e-02 7.580791989076012261e-01 1.626081019572143960e-01 5.348202093764223633e-03 0.000000000000000000e+00
4.975000000000000000e+04 1.989994207567031825e-01 7.362312243969049153e-02 7.597860719162494725e-01 1.621529358215748617e-01 4.437869822485207214e-03 0.000000000000000000e+00
5.000000000000000000e+04 1.999994178459327809e-01 7.362312243969049153e-02 7.584205735093308975e-01 1.628356850250341492e-01 5.120619025944469528e-03 0.000000000000000000e+00
5.025000000000000000e+04 2.009994149351626014e-01 7.419208010923987462e-02 7.562585343650432002e-01 1.644287664997724219e-01 5.120619025944469528e-03 0.000000000000000000e+00
5.050000000000000000e+04 2.019994120243921998e-01 7.430587164314975124e-02 7.563723258989530907e-01 1.644287664997724219e-01 4.893035958124715423e-03 0.000000000000000000e+00
5.075000000000000000e+04 2.029994091136217982e-01 7.658170232134729749e-02 7.553482020937641872e-01 1.640873918980427781e-01 3.982703686845699004e-03 0.000000000000000000e+00
5.100000000000000000e+04 2.039994062028516186e-01 7.544378698224851743e-02 7.568274920345926526e-01 1.637460172963131622e-01 3.982703686845699004e-03 0.000000000000000000e+00
5.125000000000000000e+04 2.049994032920812170e-01 7.806099226217569353e-02 7.514792899408283544e-01 1.642011834319526686e-01 6.258534365043240920e-03 0.000000000000000000e+00
5.150000000000000000e+04 2.059994003813108154e-01 7.862994993172507663e-02 7.514792899408283544e-01 1.648839326354119283e-01 5.006827492034592909e-03 0.000000000000000000e+00
5.175000000000000000e+04 2.069993974705406359e-01 8.113336367774237612e-02 7.486345015930814251e-01 1.646563495675921751e-01 5.575785161583977738e-03 0.000000000000000000e+00
5.200000000000000000e+04 2.079993945597702343e-01 9.296768320436959998e-02 7.439690487027764698e-01 1.581702321347291662e-01 4.893035958124715423e-03 0.000000000000000000e+00
5.225000000000000000e+04 2.089993916489998327e-01 8.113336367774237612e-02 7.690031861629494925e-01 1.456531634046426826e-01 4.210286754665453109e-03 0.000000000000000000e+00
5.250000000000000000e+04 2.099993887382294311e-01 8.261265361857077216e-02 7.654756486117433312e-01 1.488393263541192557e-01 3.072371415566681717e-03 0.000000000000000000e+00
5.275000000000000000e+04 2.109993858274592515e-01 8.079198907601274626e-02 7.686618115612198210e-01 1.456531634046426826e-01 4.893035958124715423e-03 0.000000000000000000e+00
5.300000000000000000e+04 2.119993829166888499e-01 8.545744196631770151e-02 7.614929449248976079e-01 1.496358670914884059e-01 3.413746017296313308e-03 0.000000000000000000e+00
5.325000000000000000e+04 2.129993800059184483e-01 8.192990441511151245e-02 7.625170687300865113e-01 1.503186162949476656e-01 5.234410559854347014e-03 0.000000000000000000e+00
5.350000000000000000e+04 2.139993770951482688e-01 7.851615839781520001e-02 7.676376877560309175e-01 1.504324078288575284e-01 3.413746017296313308e-03 0.000000000000000000e+00
5.375000000000000000e+04 2.149993741843778672e-01 7.760582612653618706e-02 7.729858898497952158e-01 1.455393718707328199e-01 3.868912152935821518e-03 0.000000000000000000e+00
5.400000000000000000e+04 2.159993712736074656e-01 6.873008648156576916e-02 7.808375056895766608e-01 1.456531634046426826e-01 4.779244424214838804e-03 0.000000000000000000e+00
5.425000000000000000e+04 2.169993683628372860e-01 6.861629494765589254e-02 7.820892125625853453e-01 1.457669549385525731e-01 3.527537551206190360e-03 0.000000000000000000e+00
5.450000000000000000e+04 2.179993654520668844e-01 6.759217114246700298e-02 7.824305871643150168e-01 1.472462448793809831e-01 2.730996813837050560e-03 0.000000000000000000e+00
5.475000000000000000e+04 2.189993625412964828e-01 6.690942193900774326e-02 7.822030040964952358e-01 1.471324533454710926e-01 3.755120619025944465e-03 0.000000000000000000e+00
5.500000000000000000e+04 2.199993596305260812e-01 6.884387801547564578e-02 7.804961310878471004e-01 1.474738279472007363e-01 3.186162949476558769e-03 0.000000000000000000e+00
5.525000000000000000e+04 2.209993567197559017e-01 6.725079654073737312e-02 7.839098771051433712e-01 1.462221210741920796e-01 2.617205279927173507e-03 0.000000000000000000e+00
5.550000000000000000e+04 2.219993538089855001e-01 6.998179335457442585e-02 7.800409649522075384e-01 1.469048702776513393e-01 3.072371415566681717e-03 0.000000000000000000e+00
5.575000000000000000e+04 2.229993508982150985e-01 6.861629494765589254e-02 7.802685480200273194e-01 1.474738279472007363e-01 3.641329085116067413e-03 0.000000000000000000e+00
5.600000000000000000e+04 2.239993479874449189e-01 6.907146108329539902e-02 7.809512972234865513e-01 1.465634956759217233e-01 3.413746017296313308e-03 0.000000000000000000e+00
5.625000000000000000e+04 2.249993450766745173e-01 6.793354574419663283e-02 7.833409194355940297e-01 1.455393718707328199e-01 3.186162949476558769e-03 0.000000000000000000e+00
5.650000000000000000e+04 2.259993421659041157e-01 7.339553937187073829e-02 7.790168411470186349e-01 1.447428311333636697e-01 2.844788347746927612e-03 0.000000000000000000e+00
5.675000000000000000e+04 2.269993392551339362e-01 6.975421028675465873e-02 7.799271734182976479e-01 1.467910787437414766e-01 3.527537551206190360e-03 0.000000000000000000e+00
