# itime ezz other fcc hcp bcc ico
0.000000000000000000e+00 0.000000000000000000e+00 0.000000000000000000e+00 1.000000000000000000e+00 0.000000000000000000e+00 0.000000000000000000e+00 0.000000000000000000e+00
2.500000000000000000e+03 9.999999349228128054e-03 0.000000000000000000e+00 1.000000000000000000e+00 0.000000000000000000e+00 0.000000000000000000e+00 0.000000000000000000e+00
5.000000000000000000e+03 1.999999869845625611e-02 0.000000000000000000e+00 1.000000000000000000e+00 0.000000000000000000e+00 0.000000000000000000e+00 0.000000000000000000e+00
7.500000000000000000e+03 2.999999804768438416e-02 0.000000000000000000e+00 1.000000000000000000e+00 0.000000000000000000e+00 0.000000000000000000e+00 0.000000000000000000e+00
1.000000000000000000e+04 3.999999739691251222e-02 0.000000000000000000e+00 1.000000000000000000e+00 0.000000000000000000e+00 0.000000000000000000e+00 0.000000000000000000e+00
1.250000000000000000e+04 4.999999674614064027e-02 0.000000000000000000e+00 1.000000000000000000e+00 0.000000000000000000e+00 0.000000000000000000e+00 0.000000000000000000e+00
1.500000000000000000e+04 5.999999609536876832e-02 0.000000000000000000e+00 1.000000000000000000e+00 0.000000000000000000e+00 0.000000000000000000e+00 0.000000000000000000e+00
1.750000000000000000e+04 6.999999544459689638e-02 5.689576695493854790e-04 9.994310423304506585e-01 0.000000000000000000e+00 0.000000000000000000e+00 0.000000000000000000e+00
2.000000000000000000e+04 7.999999479382502443e-02 6.827492034592626399e-04 9.993172507965407680e-01 0.000000000000000000e+00 0.000000000000000000e+00 0.000000000000000000e+00
2.250000000000000000e+04 8.999999414305315248e-02 1.479289940828402332e-03 9.982931269913518646e-01 0.000000000000000000e+00 2.275830678197542133e-04 0.000000000000000000e+00
2.500000000000000000e+04 9.999999349228105849e-02 2.958579881656804664e-03 9.965862539827037292e-01 0.000000000000000000e+00 4.551661356395084266e-04 0.000000000000000000e+00
2.750000000000000000e+04 1.099999928415091865e-01 1.875284478834774726e-01 2.934683659535730627e-01 1.923076923076923184e-02 4.997724169321802190e-01 0.000000000000000000e+00
3.000000000000000000e+04 1.199999921907373146e-01 8.579881656804733137e-02 7.286071916249431402e-01 1.770596267637687682e-01 8.534365043240782836e-03 0.000000000000000000e+00
3.250000000000000000e+04 1.299999915399654427e-01 8.022303140646336317e-02 7.287209831588530307e-01 1.824078288575330109e-01 8.648156577150659455e-03 0.000000000000000000e+00
3.500000000000000000e+04 1.399999908891935707e-01 8.511606736458807165e-02 7.237141556668184039e-01 1.808147473827947105e-01 1.035502958579881741e-02 0.000000000000000000e+00
3.750000000000000000e+04 1.499999902384216988e-01 8.579881656804733137e-02 7.209831588529813651e-01 1.820664542558033672e-01 1.115157032316795548e-02 0.000000000000000000e+00
4.000000000000000000e+04 1.599999895876498268e-01 1.061675011379153433e-01 6.629494765589439842e-01 2.214383249886208438e-01 9.444697314519799256e-03 0.000000000000000000e+00
4.250000000000000000e+04 1.699999889368779549e-01 6.258534365043240399e-02 8.136094674556213491e-01 1.183431952662721831e-01 5.461993627674101119e-03 0.000000000000000000e+00
4.500000000000000000e+04 1.799999882861060829e-01 6.508875739644970349e-02 8.220300409649522466e-01 1.099226217569412856e-01 2.958579881656804664e-03 0.000000000000000000e+00
4.750000000000000000e+04 1.899999876353342110e-01 7.225762403277195822e-02 8.404642694583522866e-01 8.295402822030041590e-02 4.324078288575329727e-03 0.000000000000000000e+00
5.000000000000000000e+04 1.999999869845623390e-01 6.850250341374601593e-02 9.014565316340463763e-01 2.776513427401001294e-02 2.275830678197541916e-03 0.000000000000000000e+00
5.250000000000000000e+04 2.099999863337904671e-01 6.895766954938552240e-02 8.808602639963586389e-01 4.710969503868912139e-02 3.072371415566681717e-03 0.000000000000000000e+00
5.500000000000000000e+04 2.199999856830185951e-01 7.225762403277195822e-02 8.775603095129722586e-01 4.767865270823850449e-02 2.503413746017296455e-03 0.000000000000000000e+00
5.750000000000000000e+04 2.299999850322467232e-01 7.476103777878925771e-02 8.727810650887574129e-01 4.893035958124715423e-02 3.527537551206190360e-03 0.000000000000000000e+00
6.000000000000000000e+04 2.399999843814748512e-01 7.828857532999544677e-02 8.677742375967227861e-01 5.177514792899408358e-02 2.162039144287664864e-03 0.000000000000000000e+00
6.250000000000000000e+04 2.499999837307029793e-01 6.417842512517069054e-02 9.271734182976786309e-01 7.851615839781519654e-03 7.965407373691396923e-04 0.000000000000000000e+00
6.500000000000000000e+04 2.599999830799311074e-01 6.372325898953118406e-02 9.295630405097861093e-01 6.486117432862995025e-03 2.275830678197542133e-04 0.000000000000000000e+00
6.750000000000000000e+04 2.699999824291592354e-01 6.451979972690032039e-02 9.304733727810651223e-01 4.893035958124715423e-03 1.137915339098771066e-04 0.000000000000000000e+00
7.000000000000000000e+04 2.799999817783873635e-01 6.531634046426945672e-02 9.314974965862540257e-01 2.958579881656804664e-03 2.275830678197542133e-04 0.000000000000000000e+00
7.250000000000000000e+04 2.899999811276154915e-01 6.474738279472007363e-02 9.326354119253527086e-01 2.389622212107419402e-03 2.275830678197542133e-04 0.000000000000000000e+00
7.500000000000000000e+04 2.999999804768433975e-01 7.203004096495220498e-02 9.241010468821119206e-01 2.275830678197541916e-03 1.593081474738279385e-03 0.000000000000000000e+00
7.750000000000000000e+04 3.099999798260715256e-01 7.271279016841146470e-02 9.143149749658625591e-01 1.103777878925807886e-02 1.934456076467910759e-03 0.000000000000000000e+00
8.000000000000000000e+04 3.199999791752996536e-01 9.945380063723259501e-02 7.421483841602184439e-01 1.486117432862995025e-01 9.786071916249430847e-03 0.000000000000000000e+00
8.250000000000000000e+04 3.299999785245277817e-01 9.626763768775603580e-02 8.538916704597178109e-01 4.528903049613108855e-02 4.551661356395083832e-03 0.000000000000000000e+00
8.500000000000000000e+04 3.399999778737559097e-01 9.558488848429676221e-02 8.558261265361857273e-01 4.494765589440145870e-02 3.641329085116067413e-03 0.000000000000000000e+00
8.750000000000000000e+04 3.499999772229840378e-01 9.729176149294492537e-02 8.676604460628128956e-01 3.254437869822485174e-02 2.503413746017296455e-03 0.000000000000000000e+00
9.000000000000000000e+04 3.599999765722121658e-01 9.376422394173873631e-02 8.818843878015475424e-01 2.389622212107419055e-02 4.551661356395084266e-04 0.000000000000000000e+00
9.250000000000000000e+04 3.699999759214402939e-01 8.864360491579426071e-02 8.911015020482475624e-01 1.991351843422849502e-02 3.413746017296313199e-04 0.000000000000000000e+00
9.500000000000000000e+04 3.799999752706684220e-01 8.796085571233500100e-02 8.922394173873463563e-01 1.957214383249886169e-02 2.275830678197542133e-04 0.000000000000000000e+00
9.750000000000000000e+04 3.899999746198967721e-01 8.955393718707328754e-02 8.915566681838871244e-01 1.843422849340009204e-02 4.551661356395084266e-04 0.000000000000000000e+00
1.000000000000000000e+05 3.999999739691246781e-01 9.251251706873007963e-02 8.843878015475649113e-01 2.230314064633591095e-02 7.965407373691396923e-04 0.000000000000000000e+00
1.025000000000000000e+05 4.099999733183525841e-01 9.444697314519799602e-02 8.810878470641784199e-01 2.321347291761493084e-02 1.251706873008648227e-03 0.000000000000000000e+00
1.050000000000000000e+05 4.199999726675809342e-01 1.003641329085116080e-01 8.653846153846154188e-01 3.174783796085571541e-02 2.503413746017296455e-03 0.000000000000000000e+00
1.075000000000000000e+05 4.299999720168092843e-01 1.098088302230314089e-01 7.968821119708693335e-01 9.103322712790168358e-02 2.275830678197541916e-03 0.000000000000000000e+00
1.100000000000000000e+05 4.399999713660371903e-01 1.149294492489758707e-01 7.792444242148384159e-01 1.017296313154301274e-01 4.096495220755575623e-03 0.000000000000000000e+00
1.125000000000000000e+05 4.499999707152650963e-01 1.451979972690031762e-01 5.108101957214383759e-01 3.228265817023213691e-01 2.116522530723714129e-02 0.000000000000000000e+00
1.150000000000000000e+05 4.599999700644934464e-01 1.437187073281747940e-01 4.629039599453800835e-01 3.774465179790623681e-01 1.593081474738279601e-02 0.000000000000000000e+00
1.175000000000000000e+05 4.699999694137215744e-01 1.517979062357760478e-01 4.452662721893491105e-01 3.912152935821575084e-01 1.172052799271734204e-02 0.000000000000000000e+00
1.200000000000000000e+05 4.799999687629497025e-01 1.563495675921711403e-01 2.683204369594902050e-01 5.619025944469731026e-01 1.342740100136549826e-02 0.000000000000000000e+00
1.225000000000000000e+05 4.899999681121776085e-01 1.498634501593081592e-01 2.598998634501593075e-01 5.805644060081930347e-01 9.672280382339554228e-03 0.000000000000000000e+00
1.250000000000000000e+05 4.999999674614057366e-01 1.604460628129267263e-01 2.510241238051889034e-01 5.806781975421028141e-01 7.851615839781519654e-03 0.000000000000000000e+00
1.275000000000000000e+05 5.099999668106340867e-01 1.664770141101502010e-01 2.315657715065999045e-01 5.901228948566226151e-01 1.183431952662721866e-02 0.000000000000000000e+00
1.300000000000000000e+05 5.199999661598619927e-01 1.733045061447428259e-01 2.762858443331815961e-01 5.403959945380063523e-01 1.001365498406918582e-02 0.000000000000000000e+00
1.325000000000000000e+05 5.299999655090901207e-01 1.362084660901228816e-01 4.135184342284933812e-01 4.467455621301775204e-01 3.527537551206190360e-03 0.000000000000000000e+00
1.350000000000000000e+05 5.399999648583182488e-01 1.321119708693673234e-01 4.149977241693217911e-01 4.501593081474738467e-01 2.730996813837050560e-03 0.000000000000000000e+00
1.375000000000000000e+05 5.499999642075465989e-01 1.325671370050068298e-01 4.169321802457897075e-01 4.470869367319071364e-01 3.413746017296313308e-03 0.000000000000000000e+00
1.400000000000000000e+05 5.599999635567745049e-01 1.327947200728265831e-01 4.192080109239872399e-01 4.433318161128811941e-01 4.665452890304961318e-03 0.000000000000000000e+00
1.425000000000000000e+05 5.699999629060024109e-01 1.342740100136549930e-01 4.226217569412835662e-01 4.394629039599453613e-01 3.641329085116067413e-03 0.000000000000000000e+00
1.450000000000000000e+05 5.799999622552307610e-01 1.312016385980883104e-01 6.539599453800637452e-01 2.115384615384615363e-01 3.299954483386436255e-03 0.000000000000000000e+00
1.475000000000000000e+05 5.899999616044591111e-01 1.274465179790623681e-01 6.682976786527082824e-01 2.012972234865725851e-01 2.958579881656804664e-03 0.000000000000000000e+00
1.500000000000000000e+05 5.999999609536870171e-01 1.330223031406463363e-01 7.084660901228948537e-01 1.550978607191624836e-01 3.413746017296313308e-03 0.000000000000000000e+00
1.525000000000000000e+05 6.099999603029149231e-01 1.302913063268092975e-01 7.798133818843877574e-01 8.522985889849794827e-02 4.665452890304961318e-03 0.000000000000000000e+00
1.550000000000000000e+05 6.199999596521432732e-01 1.370050068274920319e-01 7.512517068730086844e-01 1.057123350022758368e-01 6.030951297223486815e-03 0.000000000000000000e+00
1.575000000000000000e+05 6.299999590013716233e-01 1.480427856167501055e-01 7.190487027765134487e-01 1.296085571233500100e-01 3.299954483386436255e-03 0.000000000000000000e+00
1.600000000000000000e+05 6.399999583505995293e-01 1.470186618115612298e-01 7.143832498862084934e-01 1.332498862084660896e-01 5.348202093764223633e-03 0.000000000000000000e+00
1.625000000000000000e+05 6.499999576998274353e-01 1.527082385070550885e-01 7.412380518889394310e-01 1.025261720527992776e-01 3.527537551206190360e-03 0.000000000000000000e+00
1.650000000000000000e+05 6.599999570490557854e-01 1.451979972690031762e-01 7.513654984069185749e-01 1.010468821119708677e-01 2.389622212107419402e-03 0.000000000000000000e+00
1.675000000000000000e+05 6.699999563982839135e-01 1.511151570323167881e-01 7.480655439235320836e-01 9.808830223031406170e-02 2.730996813837050560e-03 0.000000000000000000e+00
1.700000000000000000e+05 6.799999557475120415e-01 1.586253982703686727e-01 7.410104688211197610e-01 9.808830223031406170e-02 2.275830678197541916e-03 0.000000000000000000e+00
1.725000000000000000e+05 6.899999550967399475e-01 1.644287664997724219e-01 7.358898497951752438e-01 9.717796995903504875e-02 2.503413746017296455e-03 0.000000000000000000e+00
1.750000000000000000e+05 6.999999544459680756e-01 1.581702321347291662e-01 7.162039144287665193e-01 1.228948566226672756e-01 2.730996813837050560e-03 0.000000000000000000e+00
1.775000000000000000e+05 7.099999537951964257e-01 1.629494765589440120e-01 6.990213928083750528e-01 1.356395084205735124e-01 2.389622212107419402e-03 0.000000000000000000e+00
1.800000000000000000e+05 7.199999531444243317e-01 1.624943104233045055e-01 6.901456531634045932e-01 1.431497496586253970e-01 4.210286754665453109e-03 0.000000000000000000e+00
1.825000000000000000e+05 7.299999524936524598e-01 1.621529358215748617e-01 6.731907146108329076e-01 1.613563950842057393e-01 3.299954483386436255e-03 0.000000000000000000e+00
1.850000000000000000e+05 7.399999518428805878e-01 1.662494310423304478e-01 6.680700955848885014e-01 1.632908511606736557e-01 2.389622212107419402e-03 0.000000000000000000e+00
1.875000000000000000e+05 7.499999511921089379e-01 1.713700500682749095e-01 6.437187073281748217e-01 1.832043695949021334e-01 1.706873008648156654e-03 0.000000000000000000e+00
1.900000000000000000e+05 7.599999505413368439e-01 1.702321347291761433e-01 6.437187073281748217e-01 1.829767865270823801e-01 3.072371415566681717e-03 0.000000000000000000e+00
1.925000000000000000e+05 7.699999498905647499e-01 1.703459262630860338e-01 6.421256258534364658e-01 1.852526172052799402e-01 2.275830678197541916e-03 0.000000000000000000e+00
1.950000000000000000e+05 7.799999492397931000e-01 1.902594446973145115e-01 6.013882567137005530e-01 2.061902594446973214e-01 2.162039144287664864e-03 0.000000000000000000e+00
1.975000000000000000e+05 7.899999485890214501e-01 1.939007737824305910e-01 6.315430131998179819e-01 1.723941738734638129e-01 2.162039144287664864e-03 0.000000000000000000e+00
2.000000000000000000e+05 7.999999479382493561e-01 1.966317705962676299e-01 6.144742831133364058e-01 1.873008648156577194e-01 1.593081474738279385e-03 0.000000000000000000e+00
2.025000000000000000e+05 8.099999472874772621e-01 2.043695949021392677e-01 5.405097860719162428e-01 2.515930814747383004e-01 3.527537551206190360e-03 0.000000000000000000e+00
2.050000000000000000e+05 8.199999466367056122e-01 1.929904415111515781e-01 6.083295402822029851e-01 1.935593991807009473e-01 5.120619025944469528e-03 0.000000000000000000e+00
2.075000000000000000e+05 8.299999459859339623e-01 1.949248975876194945e-01 6.152708238507055283e-01 1.842284934000910368e-01 5.575785161583977738e-03 0.000000000000000000e+00
2.100000000000000000e+05 8.399999453351618683e-01 1.986800182066454368e-01 6.141329085116067343e-01 1.844560764679107900e-01 2.730996813837050560e-03 0.000000000000000000e+00
2.125000000000000000e+05 8.499999446843897744e-01 1.671597633136094607e-01 7.052799271734182529e-01 1.250568957669549452e-01 2.503413746017296455e-03 0.000000000000000000e+00
2.150000000000000000e+05 8.599999440336181245e-01 1.248293126991351781e-01 7.782203004096495125e-01 9.547109695038688559e-02 1.479289940828402332e-03 0.000000000000000000e+00
2.175000000000000000e+05 8.699999433828462525e-01 1.256258534365043145e-01 7.752617205279926926e-01 9.740555302685480199e-02 1.706873008648156654e-03 0.000000000000000000e+00
2.200000000000000000e+05 8.799999427320743806e-01 1.143604915794264876e-01 8.152025489303595940e-01 6.952662721893490549e-02 9.103322712790168532e-04 0.000000000000000000e+00
2.225000000000000000e+05 8.899999420813022866e-01 1.205052344105598527e-01 8.005234410559853853e-01 7.783340919435594030e-02 1.137915339098770958e-03 0.000000000000000000e+00
2.250000000000000000e+05 8.999999414305304146e-01 1.224396904870277691e-01 7.908511606736459143e-01 8.568502503413745475e-02 1.024123805188893906e-03 0.000000000000000000e+00
2.275000000000000000e+05 9.099999407797587647e-01 1.294947655894401473e-01 7.766272189349112676e-01 9.308147473827947660e-02 7.965407373691396923e-04 0.000000000000000000e+00
2.300000000000000000e+05 9.199999401289866707e-01 1.269913518434228616e-01 7.790168411470186349e-01 9.399180700955848955e-02 0.000000000000000000e+00 0.000000000000000000e+00
2.325000000000000000e+05 9.299999394782147988e-01 1.265361857077833274e-01 7.790168411470186349e-01 9.421939007737824279e-02 2.275830678197542133e-04 0.000000000000000000e+00
2.350000000000000000e+05 9.399999388274429268e-01 1.277878925807919841e-01 7.774237596722803900e-01 9.444697314519799602e-02 3.413746017296313199e-04 0.000000000000000000e+00
2.375000000000000000e+05 9.499999381766712769e-01 1.266499772416932179e-01 7.774237596722803900e-01 9.547109695038688559e-02 4.551661356395084266e-04 0.000000000000000000e+00
2.400000000000000000e+05 9.599999375258991829e-01 1.279016841147018746e-01 7.769685935366408280e-01 9.501593081474737912e-02 1.137915339098771066e-04 0.000000000000000000e+00
2.425000000000000000e+05 9.699999368751270890e-01 1.312016385980883104e-01 7.740100136549841192e-01 9.456076467910787264e-02 2.275830678197542133e-04 0.000000000000000000e+00
2.450000000000000000e+05 9.799999362243554391e-01 1.442876649977241632e-01 7.612653618570778269e-01 9.399180700955848955e-02 4.551661356395084266e-04 0.000000000000000000e+00
2.475000000000000000e+05 9.899999355735837892e-01 1.726217569412835662e-01 6.952662721893491105e-01 1.310878470641784199e-01 1.024123805188893906e-03 0.000000000000000000e+00
2.500000000000000000e+05 9.999999349228116952e-01 1.645425580336822846e-01 7.059626763768775959e-01 1.286982248520709970e-01 7.965407373691396923e-04 0.000000000000000000e+00
