# itime ezz other fcc hcp bcc ico
0.000000000000000000e+00 0.000000000000000000e+00 0.000000000000000000e+00 1.000000000000000000e+00 0.000000000000000000e+00 0.000000000000000000e+00 0.000000000000000000e+00
2.500000000000000000e+02 9.999785699355001611e-04 0.000000000000000000e+00 1.000000000000000000e+00 0.000000000000000000e+00 0.000000000000000000e+00 0.000000000000000000e+00
5.000000000000000000e+02 1.999957139871222367e-03 0.000000000000000000e+00 1.000000000000000000e+00 0.000000000000000000e+00 0.000000000000000000e+00 0.000000000000000000e+00
7.500000000000000000e+02 2.999935709806722528e-03 0.000000000000000000e+00 1.000000000000000000e+00 0.000000000000000000e+00 0.000000000000000000e+00 0.000000000000000000e+00
1.000000000000000000e+03 3.999914279742222689e-03 0.000000000000000000e+00 1.000000000000000000e+00 0.000000000000000000e+00 0.000000000000000000e+00 0.000000000000000000e+00
1.250000000000000000e+03 4.999892849677944895e-03 0.000000000000000000e+00 1.000000000000000000e+00 0.000000000000000000e+00 0.000000000000000000e+00 0.000000000000000000e+00
1.500000000000000000e+03 5.999871419613445056e-03 0.000000000000000000e+00 1.000000000000000000e+00 0.000000000000000000e+00 0.000000000000000000e+00 0.000000000000000000e+00
1.750000000000000000e+03 6.999849989548945217e-03 0.000000000000000000e+00 1.000000000000000000e+00 0.000000000000000000e+00 0.000000000000000000e+00 0.000000000000000000e+00
2.000000000000000000e+03 7.999828559484667423e-03 0.000000000000000000e+00 1.000000000000000000e+00 0.000000000000000000e+00 0.000000000000000000e+00 0.000000000000000000e+00
2.250000000000000000e+03 8.999807129420167584e-03 0.000000000000000000e+00 1.000000000000000000e+00 0.000000000000000000e+00 0.000000000000000000e+00 0.000000000000000000e+00
2.500000000000000000e+03 9.999785699355667745e-03 0.000000000000000000e+00 1.000000000000000000e+00 0.000000000000000000e+00 0.000000000000000000e+00 0.000000000000000000e+00
2.750000000000000000e+03 1.099976426929138995e-02 0.000000000000000000e+00 1.000000000000000000e+00 0.000000000000000000e+00 0.000000000000000000e+00 0.000000000000000000e+00
3.000000000000000000e+03 1.199974283922689011e-02 0.000000000000000000e+00 1.000000000000000000e+00 0.000000000000000000e+00 0.000000000000000000e+00 0.000000000000000000e+00
3.250000000000000000e+03 1.299972140916239027e-02 0.000000000000000000e+00 1.000000000000000000e+00 0.000000000000000000e+00 0.000000000000000000e+00 0.000000000000000000e+00
3.500000000000000000e+03 1.399969997909811248e-02 0.000000000000000000e+00 1.000000000000000000e+00 0.000000000000000000e+00 0.000000000000000000e+00 0.000000000000000000e+00
3.750000000000000000e+03 1.499967854903361264e-02 0.000000000000000000e+00 1.000000000000000000e+00 0.000000000000000000e+00 0.000000000000000000e+00 0.000000000000000000e+00
4.000000000000000000e+03 1.599965711896911280e-02 0.000000000000000000e+00 1.000000000000000000e+00 0.000000000000000000e+00 0.000000000000000000e+00 0.000000000000000000e+00
4.250000000000000000e+03 1.699963568890483501e-02 0.000000000000000000e+00 1.000000000000000000e+00 0.000000000000000000e+00 0.000000000000000000e+00 0.000000000000000000e+00
4.500000000000000000e+03 1.799961425884033517e-02 0.000000000000000000e+00 1.000000000000000000e+00 0.000000000000000000e+00 0.000000000000000000e+00 0.000000000000000000e+00
4.750000000000000000e+03 1.899959282877583533e-02 0.000000000000000000e+00 1.000000000000000000e+00 0.000000000000000000e+00 0.000000000000000000e+00 0.000000000000000000e+00
5.000000000000000000e+03 1.999957139871155753e-02 0.000000000000000000e+00 1.000000000000000000e+00 0.000000000000000000e+00 0.000000000000000000e+00 0.000000000000000000e+00
5.250000000000000000e+03 2.099954996864705770e-02 0.000000000000000000e+00 1.000000000000000000e+00 0.000000000000000000e+00 0.000000000000000000e+00 0.000000000000000000e+00
5.500000000000000000e+03 2.199952853858255786e-02 0.000000000000000000e+00 1.000000000000000000e+00 0.000000000000000000e+00 0.000000000000000000e+00 0.000000000000000000e+00
5.750000000000000000e+03 2.299950710851828006e-02 0.000000000000000000e+00 1.000000000000000000e+00 0.000000000000000000e+00 0.000000000000000000e+00 0.000000000000000000e+00
6.000000000000000000e+03 2.399948567845378022e-02 0.000000000000000000e+00 1.000000000000000000e+00 0.000000000000000000e+00 0.000000000000000000e+00 0.000000000000000000e+00
6.250000000000000000e+03 2.499946424838928039e-02 0.000000000000000000e+00 1.000000000000000000e+00 0.000000000000000000e+00 0.000000000000000000e+00 0.000000000000000000e+00
6.500000000000000000e+03 2.599944281832500259e-02 0.000000000000000000e+00 1.000000000000000000e+00 0.000000000000000000e+00 0.000000000000000000e+00 0.000000000000000000e+00
6.750000000000000000e+03 2.699942138826050275e-02 0.000000000000000000e+00 1.000000000000000000e+00 0.000000000000000000e+00 0.000000000000000000e+00 0.000000000000000000e+00
7.000000000000000000e+03 2.799939995819600291e-02 0.000000000000000000e+00 1.000000000000000000e+00 0.000000000000000000e+00 0.000000000000000000e+00 0.000000000000000000e+00
7.250000000000000000e+03 2.899937852813172512e-02 0.000000000000000000e+00 1.000000000000000000e+00 0.000000000000000000e+00 0.000000000000000000e+00 0.000000000000000000e+00
7.500000000000000000e+03 2.999935709806722528e-02 0.000000000000000000e+00 1.000000000000000000e+00 0.000000000000000000e+00 0.000000000000000000e+00 0.000000000000000000e+00
7.750000000000000000e+03 3.099933566800294749e-02 0.000000000000000000e+00 1.000000000000000000e+00 0.000000000000000000e+00 0.000000000000000000e+00 0.000000000000000000e+00
8.000000000000000000e+03 3.199931423793844765e-02 0.000000000000000000e+00 1.000000000000000000e+00 0.000000000000000000e+00 0.000000000000000000e+00 0.000000000000000000e+00
8.250000000000000000e+03 3.299929280787394781e-02 0.000000000000000000e+00 1.000000000000000000e+00 0.000000000000000000e+00 0.000000000000000000e+00 0.000000000000000000e+00
8.500000000000000000e+03 3.399927137780967001e-02 0.000000000000000000e+00 1.000000000000000000e+00 0.000000000000000000e+00 0.000000000000000000e+00 0.000000000000000000e+00
8.750000000000000000e+03 3.499924994774517018e-02 0.000000000000000000e+00 1.000000000000000000e+00 0.000000000000000000e+00 0.000000000000000000e+00 0.000000000000000000e+00
9.000000000000000000e+03 3.599922851768067034e-02 0.000000000000000000e+00 1.000000000000000000e+00 0.000000000000000000e+00 0.000000000000000000e+00 0.000000000000000000e+00
9.250000000000000000e+03 3.699920708761639254e-02 0.000000000000000000e+00 1.000000000000000000e+00 0.000000000000000000e+00 0.000000000000000000e+00 0.000000000000000000e+00
9.500000000000000000e+03 3.799918565755189270e-02 0.000000000000000000e+00 1.000000000000000000e+00 0.000000000000000000e+00 0.000000000000000000e+00 0.000000000000000000e+00
9.750000000000000000e+03 3.899916422748739286e-02 0.000000000000000000e+00 1.000000000000000000e+00 0.000000000000000000e+00 0.000000000000000000e+00 0.000000000000000000e+00
1.000000000000000000e+04 3.999914279742311507e-02 0.000000000000000000e+00 1.000000000000000000e+00 0.000000000000000000e+00 0.000000000000000000e+00 0.000000000000000000e+00
1.025000000000000000e+04 4.099912136735861523e-02 0.000000000000000000e+00 1.000000000000000000e+00 0.000000000000000000e+00 0.000000000000000000e+00 0.000000000000000000e+00
1.050000000000000000e+04 4.199909993729411539e-02 0.000000000000000000e+00 1.000000000000000000e+00 0.000000000000000000e+00 0.000000000000000000e+00 0.000000000000000000e+00
1.075000000000000000e+04 4.299907850722983760e-02 0.000000000000000000e+00 1.000000000000000000e+00 0.000000000000000000e+00 0.000000000000000000e+00 0.000000000000000000e+00
1.100000000000000000e+04 4.399905707716533776e-02 0.000000000000000000e+00 1.000000000000000000e+00 0.000000000000000000e+00 0.000000000000000000e+00 0.000000000000000000e+00
1.125000000000000000e+04 4.499903564710083792e-02 0.000000000000000000e+00 1.000000000000000000e+00 0.000000000000000000e+00 0.000000000000000000e+00 0.000000000000000000e+00
1.150000000000000000e+04 4.599901421703656013e-02 0.000000000000000000e+00 1.000000000000000000e+00 0.000000000000000000e+00 0.000000000000000000e+00 0.000000000000000000e+00
1.175000000000000000e+04 4.699899278697206029e-02 0.000000000000000000e+00 1.000000000000000000e+00 0.000000000000000000e+00 0.000000000000000000e+00 0.000000000000000000e+00
1.200000000000000000e+04 4.799897135690756045e-02 0.000000000000000000e+00 1.000000000000000000e+00 0.000000000000000000e+00 0.000000000000000000e+00 0.000000000000000000e+00
1.225000000000000000e+04 4.899894992684328265e-02 0.000000000000000000e+00 1.000000000000000000e+00 0.000000000000000000e+00 0.000000000000000000e+00 0.000000000000000000e+00
1.250000000000000000e+04 4.999892849677878282e-02 0.000000000000000000e+00 1.000000000000000000e+00 0.000000000000000000e+00 0.000000000000000000e+00 0.000000000000000000e+00
1.275000000000000000e+04 5.099890706671428298e-02 0.000000000000000000e+00 1.000000000000000000e+00 0.000000000000000000e+00 0.000000000000000000e+00 0.000000000000000000e+00
1.300000000000000000e+04 5.199888563665000518e-02 0.000000000000000000e+00 1.000000000000000000e+00 0.000000000000000000e+00 0.000000000000000000e+00 0.000000000000000000e+00
1.325000000000000000e+04 5.299886420658550534e-02 0.000000000000000000e+00 1.000000000000000000e+00 0.000000000000000000e+00 0.000000000000000000e+00 0.000000000000000000e+00
1.350000000000000000e+04 5.399884277652100550e-02 0.000000000000000000e+00 1.000000000000000000e+00 0.000000000000000000e+00 0.000000000000000000e+00 0.000000000000000000e+00
1.375000000000000000e+04 5.499882134645672771e-02 0.000000000000000000e+00 1.000000000000000000e+00 0.000000000000000000e+00 0.000000000000000000e+00 0.000000000000000000e+00
1.400000000000000000e+04 5.599879991639222787e-02 0.000000000000000000e+00 1.000000000000000000e+00 0.000000000000000000e+00 0.000000000000000000e+00 0.000000000000000000e+00
1.425000000000000000e+04 5.699877848632772803e-02 0.000000000000000000e+00 1.000000000000000000e+00 0.000000000000000000e+00 0.000000000000000000e+00 0.000000000000000000e+00
1.450000000000000000e+04 5.799875705626345024e-02 0.000000000000000000e+00 1.000000000000000000e+00 0.000000000000000000e+00 0.000000000000000000e+00 0.000000000000000000e+00
1.475000000000000000e+04 5.899873562619895040e-02 0.000000000000000000e+00 1.000000000000000000e+00 0.000000000000000000e+00 0.000000000000000000e+00 0.000000000000000000e+00
1.500000000000000000e+04 5.999871419613445056e-02 0.000000000000000000e+00 1.000000000000000000e+00 0.000000000000000000e+00 0.000000000000000000e+00 0.000000000000000000e+00
1.525000000000000000e+04 6.099869276607017277e-02 0.000000000000000000e+00 1.000000000000000000e+00 0.000000000000000000e+00 0.000000000000000000e+00 0.000000000000000000e+00
1.550000000000000000e+04 6.199867133600567293e-02 0.000000000000000000e+00 1.000000000000000000e+00 0.000000000000000000e+00 0.000000000000000000e+00 0.000000000000000000e+00
1.575000000000000000e+04 6.299864990594117309e-02 0.000000000000000000e+00 1.000000000000000000e+00 0.000000000000000000e+00 0.000000000000000000e+00 0.000000000000000000e+00
1.600000000000000000e+04 6.399862847587689529e-02 0.000000000000000000e+00 1.000000000000000000e+00 0.000000000000000000e+00 0.000000000000000000e+00 0.000000000000000000e+00
1.625000000000000000e+04 6.499860704581239546e-02 3.413746017296313199e-04 9.996586253982703285e-01 0.000000000000000000e+00 0.000000000000000000e+00 0.000000000000000000e+00
1.650000000000000000e+04 6.599858561574789562e-02 2.275830678197542133e-04 9.997724169321802190e-01 0.000000000000000000e+00 0.000000000000000000e+00 0.000000000000000000e+00
1.675000000000000000e+04 6.699856418568361782e-02 0.000000000000000000e+00 1.000000000000000000e+00 0.000000000000000000e+00 0.000000000000000000e+00 0.000000000000000000e+00
1.700000000000000000e+04 6.799854275561911798e-02 2.275830678197542133e-04 9.995448338643604380e-01 0.000000000000000000e+00 2.275830678197542133e-04 0.000000000000000000e+00
1.725000000000000000e+04 6.899852132555461814e-02 6.827492034592626399e-04 9.993172507965407680e-01 0.000000000000000000e+00 0.000000000000000000e+00 0.000000000000000000e+00
1.750000000000000000e+04 6.999849989549034035e-02 0.000000000000000000e+00 1.000000000000000000e+00 0.000000000000000000e+00 0.000000000000000000e+00 0.000000000000000000e+00
1.775000000000000000e+04 7.099847846542584051e-02 0.000000000000000000e+00 1.000000000000000000e+00 0.000000000000000000e+00 0.000000000000000000e+00 0.000000000000000000e+00
1.800000000000000000e+04 7.199845703536134067e-02 1.137915339098771066e-04 9.998862084660901095e-01 0.000000000000000000e+00 0.000000000000000000e+00 0.000000000000000000e+00
1.825000000000000000e+04 7.299843560529706288e-02 0.000000000000000000e+00 1.000000000000000000e+00 0.000000000000000000e+00 0.000000000000000000e+00 0.000000000000000000e+00
1.850000000000000000e+04 7.399841417523256304e-02 0.000000000000000000e+00 1.000000000000000000e+00 0.000000000000000000e+00 0.000000000000000000e+00 0.000000000000000000e+00
1.875000000000000000e+04 7.499839274516806320e-02 5.689576695493854790e-04 9.994310423304506585e-01 0.000000000000000000e+00 0.000000000000000000e+00 0.000000000000000000e+00
1.900000000000000000e+04 7.599837131510378541e-02 0.000000000000000000e+00 9.998862084660901095e-01 0.000000000000000000e+00 1.137915339098771066e-04 0.000000000000000000e+00
1.925000000000000000e+04 7.699834988503928557e-02 1.137915339098771066e-04 9.998862084660901095e-01 0.000000000000000000e+00 0.000000000000000000e+00 0.000000000000000000e+00
1.950000000000000000e+04 7.799832845497478573e-02 4.551661356395084266e-04 9.995448338643604380e-01 0.000000000000000000e+00 0.000000000000000000e+00 0.000000000000000000e+00
1.975000000000000000e+04 7.899830702491050793e-02 0.000000000000000000e+00 1.000000000000000000e+00 0.000000000000000000e+00 0.000000000000000000e+00 0.000000000000000000e+00
2.000000000000000000e+04 7.999828559484600810e-02 1.137915339098771066e-04 9.998862084660901095e-01 0.000000000000000000e+00 0.000000000000000000e+00 0.000000000000000000e+00
2.025000000000000000e+04 8.099826416478150826e-02 3.413746017296313199e-04 9.995448338643604380e-01 0.000000000000000000e+00 1.137915339098771066e-04 0.000000000000000000e+00
2.050000000000000000e+04 8.199824273471723046e-02 1.137915339098771066e-04 9.998862084660901095e-01 0.000000000000000000e+00 0.000000000000000000e+00 0.000000000000000000e+00
2.075000000000000000e+04 8.299822130465273062e-02 9.103322712790168532e-04 9.990896677287209870e-01 0.000000000000000000e+00 0.000000000000000000e+00 0.000000000000000000e+00
2.100000000000000000e+04 8.399819987458823078e-02 4.551661356395084266e-04 9.995448338643604380e-01 0.000000000000000000e+00 0.000000000000000000e+00 0.000000000000000000e+00
2.125000000000000000e+04 8.499817844452395299e-02 4.551661356395084266e-04 9.995448338643604380e-01 0.000000000000000000e+00 0.000000000000000000e+00 0.000000000000000000e+00
2.150000000000000000e+04 8.599815701445945315e-02 5.689576695493854790e-04 9.994310423304506585e-01 0.000000000000000000e+00 0.000000000000000000e+00 0.000000000000000000e+00
2.175000000000000000e+04 8.699813558439495331e-02 1.137915339098770958e-03 9.988620846609012061e-01 0.000000000000000000e+00 0.000000000000000000e+00 0.000000000000000000e+00
2.200000000000000000e+04 8.799811415433067552e-02 4.551661356395084266e-04 9.995448338643604380e-01 0.000000000000000000e+00 0.000000000000000000e+00 0.000000000000000000e+00
2.225000000000000000e+04 8.899809272426617568e-02 1.251706873008648227e-03 9.987482931269913156e-01 0.000000000000000000e+00 0.000000000000000000e+00 0.000000000000000000e+00
2.250000000000000000e+04 8.999807129420189789e-02 6.827492034592626399e-04 9.993172507965407680e-01 0.000000000000000000e+00 0.000000000000000000e+00 0.000000000000000000e+00
2.275000000000000000e+04 9.099804986413739805e-02 2.048247610377787811e-03 9.978379608557123026e-01 0.000000000000000000e+00 1.137915339098771066e-04 0.000000000000000000e+00
2.300000000000000000e+04 9.199802843407289821e-02 1.706873008648156654e-03 9.981793354574419741e-01 0.000000000000000000e+00 1.137915339098771066e-04 0.000000000000000000e+00
2.325000000000000000e+04 9.299800700400862041e-02 1.820664542558033706e-03 9.981793354574419741e-01 0.000000000000000000e+00 0.000000000000000000e+00 0.000000000000000000e+00
2.350000000000000000e+04 9.399798557394412057e-02 1.593081474738279385e-03 9.982931269913518646e-01 0.000000000000000000e+00 1.137915339098771066e-04 0.000000000000000000e+00
2.375000000000000000e+04 9.499796414387962074e-02 1.593081474738279385e-03 9.984069185252617551e-01 0.000000000000000000e+00 0.000000000000000000e+00 0.000000000000000000e+00
2.400000000000000000e+04 9.599794271381534294e-02 1.365498406918525280e-03 9.986345015930814251e-01 0.000000000000000000e+00 0.000000000000000000e+00 0.000000000000000000e+00
2.425000000000000000e+04 9.699792128375084310e-02 2.503413746017296455e-03 9.974965862539827421e-01 0.000000000000000000e+00 0.000000000000000000e+00 0.000000000000000000e+00
2.450000000000000000e+04 9.799789985368634326e-02 1.479289940828402332e-03 9.985207100591716456e-01 0.000000000000000000e+00 0.000000000000000000e+00 0.000000000000000000e+00
2.475000000000000000e+04 9.899787842362206547e-02 2.730996813837050560e-03 9.971552116522530707e-01 0.000000000000000000e+00 1.137915339098771066e-04 0.000000000000000000e+00
2.500000000000000000e+04 9.999785699355756563e-02 1.706873008648156654e-03 9.982931269913518646e-01 0.000000000000000000e+00 0.000000000000000000e+00 0.000000000000000000e+00
2.525000000000000000e+04 1.009978355634930658e-01 4.096495220755575623e-03 9.959035047792443862e-01 0.000000000000000000e+00 0.000000000000000000e+00 0.000000000000000000e+00
2.550000000000000000e+04 1.019978141334287880e-01 2.503413746017296455e-03 9.971552116522530707e-01 0.000000000000000000e+00 3.413746017296313199e-04 0.000000000000000000e+00
2.575000000000000000e+04 1.029977927033642882e-01 4.893035958124715423e-03 9.949931725079653733e-01 0.000000000000000000e+00 1.137915339098771066e-04 0.000000000000000000e+00
2.600000000000000000e+04 1.039977712732997883e-01 5.348202093764223633e-03 9.943104233045061413e-01 0.000000000000000000e+00 3.413746017296313199e-04 0.000000000000000000e+00
2.625000000000000000e+04 1.049977498432355105e-01 4.893035958124715423e-03 9.949931725079653733e-01 0.000000000000000000e+00 1.137915339098771066e-04 0.000000000000000000e+00
2.650000000000000000e+04 1.059977284131710107e-01 5.461993627674101119e-03 9.938552571688666903e-01 0.000000000000000000e+00 6.827492034592626399e-04 0.000000000000000000e+00
2.675000000000000000e+04 1.069977069831065108e-01 5.803368229403732710e-03 9.937414656349567998e-01 0.000000000000000000e+00 4.551661356395084266e-04 0.000000000000000000e+00
2.700000000000000000e+04 1.079976855530422331e-01 8.989531178880291046e-03 9.898725534820209671e-01 0.000000000000000000e+00 1.137915339098770958e-03 0.000000000000000000e+00
2.725000000000000000e+04 1.089976641229777332e-01 1.775147928994082885e-02 9.773554847519344557e-01 0.000000000000000000e+00 4.893035958124715423e-03 0.000000000000000000e+00
2.750000000000000000e+04 1.099976426929132334e-01 6.486117432862995025e-02 8.051888939462903405e-01 1.137915339098771066e-04 1.298361401911697632e-01 0.000000000000000000e+00
2.775000000000000000e+04 1.109976212628489556e-01 1.934456076467910846e-01 5.344788347746927126e-01 1.763768775603095085e-01 9.569868001820663883e-02 0.000000000000000000e+00
2.800000000000000000e+04 1.119975998327844557e-01 1.231224396904870289e-01 6.407601274465180019e-01 2.184797451069640517e-01 1.763768775603095224e-02 0.000000000000000000e+00
2.825000000000000000e+04 1.129975784027199559e-01 8.272644515248064878e-02 7.044833864360491305e-01 2.048247610377788019e-01 7.965407373691398007e-03 0.000000000000000000e+00
2.850000000000000000e+04 1.139975569726556781e-01 7.715065999089668058e-02 7.063040509786071564e-01 2.092626308602640040e-01 7.282658170232134826e-03 0.000000000000000000e+00
2.875000000000000000e+04 1.149975355425911783e-01 7.100591715976331542e-02 7.106281292671825511e-01 2.100591715976331264e-01 8.306781975421027864e-03 0.000000000000000000e+00
2.900000000000000000e+04 1.159975141125266784e-01 7.498862084660901095e-02 7.075557578516158408e-01 2.077833409194355940e-01 9.672280382339554228e-03 0.000000000000000000e+00
2.925000000000000000e+04 1.169974926824624006e-01 6.998179335457442585e-02 7.114246700045516736e-01 2.110832954028220299e-01 7.510241238051888930e-03 0.000000000000000000e+00
2.950000000000000000e+04 1.179974712523979008e-01 7.441966317705962786e-02 7.101729631315429891e-01 2.076695493855257035e-01 7.737824305871643035e-03 0.000000000000000000e+00
2.975000000000000000e+04 1.189974498223334010e-01 7.362312243969049153e-02 7.080109239872554028e-01 2.107419208010923861e-01 7.624032771961766417e-03 0.000000000000000000e+00
3.000000000000000000e+04 1.199974283922691232e-01 7.612653618570777714e-02 7.053937187073281434e-01 2.106281292671825234e-01 7.851615839781519654e-03 0.000000000000000000e+00
3.025000000000000000e+04 1.209974069622046233e-01 7.089212562585343880e-02 7.091488393263540857e-01 2.115384615384615363e-01 8.420573509330906217e-03 0.000000000000000000e+00
3.050000000000000000e+04 1.219973855321401235e-01 7.476103777878925771e-02 7.072143832498861693e-01 2.092626308602640040e-01 8.761948111060537808e-03 0.000000000000000000e+00
3.075000000000000000e+04 1.229973641020758457e-01 7.191624943104232837e-02 7.086936731907146347e-01 2.110832954028220299e-01 8.306781975421027864e-03 0.000000000000000000e+00
3.100000000000000000e+04 1.239973426720113459e-01 7.737824305871643382e-02 7.033454710969503365e-01 2.108557123350022766e-01 8.420573509330906217e-03 0.000000000000000000e+00
3.125000000000000000e+04 1.249973212419468460e-01 7.726445152480655720e-02 7.055075102412380339e-01 2.082385070550751005e-01 8.989531178880291046e-03 0.000000000000000000e+00
3.150000000000000000e+04 1.259972998118825682e-01 7.532999544833864081e-02 7.035730541647701175e-01 2.115384615384615363e-01 9.558488848429677609e-03 0.000000000000000000e+00
3.175000000000000000e+04 1.269972783818180684e-01 7.476103777878925771e-02 7.045971779699590209e-01 2.117660446062812896e-01 8.875739644970414427e-03 0.000000000000000000e+00
3.200000000000000000e+04 1.279972569517535685e-01 7.544378698224851743e-02 7.044833864360491305e-01 2.105143377332726329e-01 9.558488848429677609e-03 0.000000000000000000e+00
3.225000000000000000e+04 1.289972355216892907e-01 7.806099226217569353e-02 7.045971779699590209e-01 2.074419663177059503e-01 9.899863450159307465e-03 0.000000000000000000e+00
3.250000000000000000e+04 1.299972140916247909e-01 8.409194355939918208e-02 6.961766044606281234e-01 2.097177969959035104e-01 1.001365498406918582e-02 0.000000000000000000e+00
3.275000000000000000e+04 1.309971926615602911e-01 7.942649066909421296e-02 6.991351843422849432e-01 2.104005461993627701e-01 1.103777878925807886e-02 0.000000000000000000e+00
3.300000000000000000e+04 1.319971712314960133e-01 8.045061447428311641e-02 6.984524351388257113e-01 2.123350022758306865e-01 8.761948111060537808e-03 0.000000000000000000e+00
3.325000000000000000e+04 1.329971498014315134e-01 8.204369594902138907e-02 6.986800182066453813e-01 2.093764223941738667e-01 9.899863450159307465e-03 0.000000000000000000e+00
3.350000000000000000e+04 1.339971283713670136e-01 8.238507055075101893e-02 6.956076467910787819e-01 2.121074192080109333e-01 9.899863450159307465e-03 0.000000000000000000e+00
3.375000000000000000e+04 1.349971069413027358e-01 8.340919435593992237e-02 6.960628129267182329e-01 2.080109239872553473e-01 1.251706873008648184e-02 0.000000000000000000e+00
3.400000000000000000e+04 1.359970855112382360e-01 8.466090122894856518e-02 6.941283568502503165e-01 2.127901684114701930e-01 8.420573509330906217e-03 0.000000000000000000e+00
3.425000000000000000e+04 1.369970640811737361e-01 8.454710969503868856e-02 6.915111515703231682e-01 2.137005006827492060e-01 1.024123805188893906e-02 0.000000000000000000e+00
3.450000000000000000e+04 1.379970426511094583e-01 9.000910332271279402e-02 6.891215293582158008e-01 2.114246700045516736e-01 9.444697314519799256e-03 0.000000000000000000e+00
3.475000000000000000e+04 1.389970212210449585e-01 8.591260810195720798e-02 6.921939007737824001e-01 2.130177514792899462e-01 8.875739644970414427e-03 0.000000000000000000e+00
3.500000000000000000e+04 1.399969997909804587e-01 8.750568957669549452e-02 6.958352298588984519e-01 2.094902139280837572e-01 7.168866636322257339e-03 0.000000000000000000e+00
3.525000000000000000e+04 1.409969783609161809e-01 8.318161128812016913e-02 6.967455621301774649e-01 2.116522530723714268e-01 8.420573509330906217e-03 0.000000000000000000e+00
3.550000000000000000e+04 1.419969569308516810e-01 8.454710969503868856e-02 6.961766044606281234e-01 2.123350022758306865e-01 6.941283568502503235e-03 0.000000000000000000e+00
3.575000000000000000e+04 1.429969355007871812e-01 8.602639963586708460e-02 6.952662721893491105e-01 2.102867546654528796e-01 8.420573509330906217e-03 0.000000000000000000e+00
3.600000000000000000e+04 1.439969140707229034e-01 8.534365043240782489e-02 6.961766044606281234e-01 2.108557123350022766e-01 7.624032771961766417e-03 0.000000000000000000e+00
3.625000000000000000e+04 1.449968926406584036e-01 8.796085571233500100e-02 6.942421483841602070e-01 2.096040054619936199e-01 8.192990441511151245e-03 0.000000000000000000e+00
3.650000000000000000e+04 1.459968712105939037e-01 8.579881656804733137e-02 6.953800637232590010e-01 2.106281292671825234e-01 8.192990441511151245e-03 0.000000000000000000e+00
3.675000000000000000e+04 1.469968497805296259e-01 8.898497951752389057e-02 6.953800637232590010e-01 2.090350477924442507e-01 6.599908966772872511e-03 0.000000000000000000e+00
3.700000000000000000e+04 1.479968283504651261e-01 9.387801547564861293e-02 6.855939918070095285e-01 2.117660446062812896e-01 8.761948111060537808e-03 0.000000000000000000e+00
3.725000000000000000e+04 1.489968069204008483e-01 9.524351388256713236e-02 6.801319981793354508e-01 2.182521620391442985e-01 6.372325898953117539e-03 0.000000000000000000e+00
3.750000000000000000e+04 1.499967854903363484e-01 9.956759217114247162e-02 6.723941738734637852e-01 2.233727810650887602e-01 4.665452890304961318e-03 0.000000000000000000e+00
3.775000000000000000e+04 1.509967640602718486e-01 9.410559854346836617e-02 6.776285844333181929e-01 2.237141556668183762e-01 4.551661356395083832e-03 0.000000000000000000e+00
3.800000000000000000e+04 1.519967426302075708e-01 9.274010013654984674e-02 6.810423304506144637e-01 2.217796995903504875e-01 4.437869822485207214e-03 0.000000000000000000e+00
3.825000000000000000e+04 1.529967212001430710e-01 9.308147473827947660e-02 6.695493855257168558e-01 2.304278561675011383e-01 6.941283568502503235e-03 0.000000000000000000e+00
3.850000000000000000e+04 1.539966997700785711e-01 9.535730541647700897e-02 6.739872553482021411e-01 2.256486117432862926e-01 5.006827492034592909e-03 0.000000000000000000e+00
3.875000000000000000e+04 1.549966783400142933e-01 9.251251706873007963e-02 6.719390077378243342e-01 2.281520254893036059e-01 7.396449704142011444e-03 0.000000000000000000e+00
3.900000000000000000e+04 1.559966569099497935e-01 9.592626308602640595e-02 6.729631315430132377e-01 2.254210286754665393e-01 5.689576695493855224e-03 0.000000000000000000e+00
3.925000000000000000e+04 1.569966354798852937e-01 9.660901228948566566e-02 6.738734638142922506e-01 2.246244879380974169e-01 4.893035958124715423e-03 0.000000000000000000e+00
3.950000000000000000e+04 1.579966140498210159e-01 9.512972234865725574e-02 6.719390077378243342e-01 2.256486117432862926e-01 7.282658170232134826e-03 0.000000000000000000e+00
3.975000000000000000e+04 1.589965926197565160e-01 9.421939007737824279e-02 6.710286754665453213e-01 2.262175694128356895e-01 8.534365043240782836e-03 0.000000000000000000e+00
4.000000000000000000e+04 1.599965711896920162e-01 9.592626308602640595e-02 6.721665908056441152e-01 2.253072371415566766e-01 6.599908966772872511e-03 0.000000000000000000e+00
4.025000000000000000e+04 1.609965497596277384e-01 9.365043240782885969e-02 6.739872553482021411e-01 2.262175694128356895e-01 6.144742831133363434e-03 0.000000000000000000e+00
4.050000000000000000e+04 1.619965283295632386e-01 9.376422394173873631e-02 6.694355939918069653e-01 2.291761492944924816e-01 7.624032771961766417e-03 0.000000000000000000e+00
4.075000000000000000e+04 1.629965068994987387e-01 9.433318161128811941e-02 6.735320892125625791e-01 2.251934456076467861e-01 6.941283568502503235e-03 0.000000000000000000e+00
4.100000000000000000e+04 1.639964854694344609e-01 9.740555302685480199e-02 6.660218479745106945e-01 2.284934000910332219e-01 8.079198907601274626e-03 0.000000000000000000e+00
4.125000000000000000e+04 1.649964640393699611e-01 9.649522075557578904e-02 6.687528447883477334e-01 2.253072371415566766e-01 9.444697314519799256e-03 0.000000000000000000e+00
4.150000000000000000e+04 1.659964426093054612e-01 9.080564406008193035e-02 6.696631770596267463e-01 2.294037323623122349e-01 1.012744651797906244e-02 0.000000000000000000e+00
4.175000000000000000e+04 1.669964211792411835e-01 9.478834774692762588e-02 6.684114701866180619e-01 2.266727355484751960e-01 1.012744651797906244e-02 0.000000000000000000e+00
4.200000000000000000e+04 1.679963997491766836e-01 9.387801547564861293e-02 6.669321802457897075e-01 2.289485662266727284e-01 1.024123805188893906e-02 0.000000000000000000e+00
4.225000000000000000e+04 1.689963783191121838e-01 9.592626308602640595e-02 6.660218479745106945e-01 2.287209831588529751e-01 9.330905780609922637e-03 0.000000000000000000e+00
4.250000000000000000e+04 1.699963568890479060e-01 9.968138370505234824e-02 6.648839326354119006e-01 2.253072371415566766e-01 1.012744651797906244e-02 0.000000000000000000e+00
4.275000000000000000e+04 1.709963354589834061e-01 9.569868001820663883e-02 6.687528447883477334e-01 2.270141101502048120e-01 8.534365043240782836e-03 0.000000000000000000e+00
4.300000000000000000e+04 1.719963140289189063e-01 9.717796995903504875e-02 6.648839326354119006e-01 2.259899863450159363e-01 1.194811106053709528e-02 0.000000000000000000e+00
4.325000000000000000e+04 1.729962925988546285e-01 9.695038689121529552e-02 6.649977241693217911e-01 2.279244424214838527e-01 1.012744651797906244e-02 0.000000000000000000e+00
4.350000000000000000e+04 1.739962711687901287e-01 1.025261720527992776e-01 6.623805188893946427e-01 2.265589440145653055e-01 8.534365043240782836e-03 0.000000000000000000e+00
4.375000000000000000e+04 1.749962497387256288e-01 1.005917159763313612e-01 6.623805188893946427e-01 2.265589440145653055e-01 1.046882111970869403e-02 0.000000000000000000e+00
4.400000000000000000e+04 1.759962283086613510e-01 1.013882567137004975e-01 6.603322712790168358e-01 2.267865270823850588e-01 1.149294492489758707e-02 0.000000000000000000e+00
4.425000000000000000e+04 1.769962068785968512e-01 1.016158397815202508e-01 6.642011834319526686e-01 2.230314064633591165e-01 1.115157032316795548e-02 0.000000000000000000e+00
4.450000000000000000e+04 1.779961854485323514e-01 1.046882111970869333e-01 6.576012744651797970e-01 2.274692762858443462e-01 1.024123805188893906e-02 0.000000000000000000e+00
4.475000000000000000e+04 1.789961640184680736e-01 1.149294492489758707e-01 6.553254437869822091e-01 2.204142011834319403e-01 9.330905780609922637e-03 0.000000000000000000e+00
4.500000000000000000e+04 1.799961425884035737e-01 1.107191624943104219e-01 6.596495220755576039e-01 2.182521620391442985e-01 1.137915339098771045e-02 0.000000000000000000e+00
4.525000000000000000e+04 1.809961211583390739e-01 1.216431497496586189e-01 6.488393263541192280e-01 2.146108329540282189e-01 1.490669094219390124e-02 0.000000000000000000e+00
4.550000000000000000e+04 1.819960997282747961e-01 1.161811561219845274e-01 6.552116522530723186e-01 2.155211652253072319e-01 1.308602639963586667e-02 0.000000000000000000e+00
4.575000000000000000e+04 1.829960782982102963e-01 1.261948111060537114e-01 6.457669549385525176e-01 2.157487482931269851e-01 1.228948566226672687e-02 0.000000000000000000e+00
4.600000000000000000e+04 1.839960568681457964e-01 1.189121529358215801e-01 6.538461538461538547e-01 2.141556668183887124e-01 1.308602639963586667e-02 0.000000000000000000e+00
4.625000000000000000e+04 1.849960354380815186e-01 1.273327264451524776e-01 6.453117888029130667e-01 2.147246244879381094e-01 1.263086026399635846e-02 0.000000000000000000e+00
4.650000000000000000e+04 1.859960140080170188e-01 1.264223941738734647e-01 6.432635411925352598e-01 2.139280837505689592e-01 1.638598088302230249e-02 0.000000000000000000e+00
4.675000000000000000e+04 1.869959925779525189e-01 1.272189349112426149e-01 6.458807464724624081e-01 2.135867091488393155e-01 1.331360946745562164e-02 0.000000000000000000e+00
4.700000000000000000e+04 1.879959711478882411e-01 1.255120619025944517e-01 6.477014110150204340e-01 2.108557123350022766e-01 1.593081474738279601e-02 0.000000000000000000e+00
4.725000000000000000e+04 1.889959497178237413e-01 1.288120163859808875e-01 6.479289940828402150e-01 2.094902139280837572e-01 1.376877560309512985e-02 0.000000000000000000e+00
4.750000000000000000e+04 1.899959282877592415e-01 1.190259444697314567e-01 6.573736913973600160e-01 2.073281747837960876e-01 1.627218934911242587e-02 0.000000000000000000e+00
4.775000000000000000e+04 1.909959068576949637e-01 1.208466090122894826e-01 6.578288575329995780e-01 2.058488848429676776e-01 1.547564861174328607e-02 0.000000000000000000e+00
4.800000000000000000e+04 1.919958854276304638e-01 1.165225307237141572e-01 6.583978152025489194e-01 2.096040054619936199e-01 1.547564861174328607e-02 0.000000000000000000e+00
4.825000000000000000e+04 1.929958639975659640e-01 1.213017751479289891e-01 6.557806099226217711e-01 2.076695493855257035e-01 1.524806554392353283e-02 0.000000000000000000e+00
4.850000000000000000e+04 1.939958425675016862e-01 1.238051888939462886e-01 6.583978152025489194e-01 2.059626763768775681e-01 1.183431952662721866e-02 0.000000000000000000e+00
4.875000000000000000e+04 1.949958211374371864e-01 1.206190259444697294e-01 6.591943559399180419e-01 2.048247610377788019e-01 1.536185707783340945e-02 0.000000000000000000e+00
4.900000000000000000e+04 1.959957997073726865e-01 1.236913973600364119e-01 6.570323167956304555e-01 2.061902594446973214e-01 1.308602639963586667e-02 0.000000000000000000e+00
4.925000000000000000e+04 1.969957782773084087e-01 1.215293582157487423e-01 6.527082385070550608e-01 2.089212562585343602e-01 1.684114701866181243e-02 0.000000000000000000e+00
4.950000000000000000e+04 1.979957568472439089e-01 1.197086936731907164e-01 6.582840236686390289e-01 2.074419663177059503e-01 1.456531634046426965e-02 0.000000000000000000e+00
4.975000000000000000e+04 1.989957354171794091e-01 1.277878925807919841e-01 6.492944924897587899e-01 2.086936731907146070e-01 1.422394173873463806e-02 0.000000000000000000e+00
5.000000000000000000e+04 1.999957139871151313e-01 1.231224396904870289e-01 6.525944469731451703e-01 2.086936731907146070e-01 1.558944014565316269e-02 0.000000000000000000e+00
5.025000000000000000e+04 2.009956925570506314e-01 1.238051888939462886e-01 6.504324078288575839e-01 2.091488393263541135e-01 1.661356395084205573e-02 0.000000000000000000e+00
5.050000000000000000e+04 2.019956711269861316e-01 1.281292671825216278e-01 6.462221210741920796e-01 2.100591715976331264e-01 1.558944014565316269e-02 0.000000000000000000e+00
5.075000000000000000e+04 2.029956496969218538e-01 1.283568502503413811e-01 6.428083750568958088e-01 2.091488393263541135e-01 1.968593536640873831e-02 0.000000000000000000e+00
5.100000000000000000e+04 2.039956282668573539e-01 1.298361401911697632e-01 6.387118798361401950e-01 2.149522075557578626e-01 1.649977241693217911e-02 0.000000000000000000e+00
5.125000000000000000e+04 2.049956068367928541e-01 1.356395084205735124e-01 6.349567592171142527e-01 2.160901228948566288e-01 1.331360946745562164e-02 0.000000000000000000e+00
5.150000000000000000e+04 2.059955854067285763e-01 1.395084205735093175e-01 6.343878015475649113e-01 2.134729176149294527e-01 1.263086026399635846e-02 0.000000000000000000e+00
5.175000000000000000e+04 2.069955639766640765e-01 1.397360036413290985e-01 6.381429221665908535e-01 2.100591715976331264e-01 1.206190259444697363e-02 0.000000000000000000e+00
5.200000000000000000e+04 2.079955425465997987e-01 1.411015020482476179e-01 6.371187983614019501e-01 2.081247155211652378e-01 1.365498406918525323e-02 0.000000000000000000e+00
5.225000000000000000e+04 2.089955211165352988e-01 1.489531178880291185e-01 6.548702776513427581e-01 1.777423759672280279e-01 1.843422849340009204e-02 0.000000000000000000e+00
5.250000000000000000e+04 2.099954996864707990e-01 1.396222121074192080e-01 6.791078743741465473e-01 1.580564406008193035e-01 2.321347291761493084e-02 0.000000000000000000e+00
5.275000000000000000e+04 2.109954782564065212e-01 1.335912608101957333e-01 6.770596267637687404e-01 1.712562585343650468e-01 1.809285389167045871e-02 0.000000000000000000e+00
5.300000000000000000e+04 2.119954568263420214e-01 1.440600819299044100e-01 6.628356850250340937e-01 1.712562585343650468e-01 2.184797451069640448e-02 0.000000000000000000e+00
5.325000000000000000e+04 2.129954353962775215e-01 1.629494765589440120e-01 6.478152025489303245e-01 1.714838416021848000e-01 1.775147928994082885e-02 0.000000000000000000e+00
5.350000000000000000e+04 2.139954139662132437e-01 1.687528447883477334e-01 6.365498406918524976e-01 1.843422849340008995e-01 1.035502958579881741e-02 0.000000000000000000e+00
5.375000000000000000e+04 2.149953925361487439e-01 1.649977241693217911e-01 6.331360946745562268e-01 1.928766499772416876e-01 8.989531178880291046e-03 0.000000000000000000e+00
5.400000000000000000e+04 2.159953711060842441e-01 1.627218934911242587e-01 6.250568957669548897e-01 2.038006372325898985e-01 8.420573509330906217e-03 0.000000000000000000e+00
5.425000000000000000e+04 2.169953496760199663e-01 1.439462903959945472e-01 6.439462903959944917e-01 2.018661811561219821e-01 1.024123805188893906e-02 0.000000000000000000e+00
5.450000000000000000e+04 2.179953282459554664e-01 1.552116522530723741e-01 6.296085571233500655e-01 2.051661356395084179e-01 1.001365498406918582e-02 0.000000000000000000e+00
5.475000000000000000e+04 2.189953068158909666e-01 1.403049613108784677e-01 6.434911242603550408e-01 2.033454710969503920e-01 1.285844333181611343e-02 0.000000000000000000e+00
5.500000000000000000e+04 2.199952853858266888e-01 1.441738734638143005e-01 6.385980883022303045e-01 2.073281747837960876e-01 9.899863450159307465e-03 0.000000000000000000e+00
5.525000000000000000e+04 2.209952639557621890e-01 1.428083750568957533e-01 6.407601274465180019e-01 2.056213017751479244e-01 1.081019572143832562e-02 0.000000000000000000e+00
5.550000000000000000e+04 2.219952425256976891e-01 1.425807919890760000e-01 6.421256258534364658e-01 2.064178425125170746e-01 8.875739644970414427e-03 0.000000000000000000e+00
5.575000000000000000e+04 2.229952210956334113e-01 1.475876194811105990e-01 6.358670914883932657e-01 2.065316340464269373e-01 1.001365498406918582e-02 0.000000000000000000e+00
5.600000000000000000e+04 2.239951996655689115e-01 1.488393263541192557e-01 6.358670914883932657e-01 2.041420118343195145e-01 1.115157032316795548e-02 0.000000000000000000e+00
5.625000000000000000e+04 2.249951782355044116e-01 1.524806554392353075e-01 6.330223031406463363e-01 2.041420118343195145e-01 1.035502958579881741e-02 0.000000000000000000e+00
5.650000000000000000e+04 2.259951568054401339e-01 1.530496131087847045e-01 6.512289485662267063e-01 1.852526172052799402e-01 1.046882111970869403e-02 0.000000000000000000e+00
5.675000000000000000e+04 2.269951353753756340e-01 1.525944469731451980e-01 6.541875284478835262e-01 1.795630405097860816e-01 1.365498406918525323e-02 0.000000000000000000e+00
