# itime ezz other fcc hcp bcc ico
0.000000000000000000e+00 0.000000000000000000e+00 0.000000000000000000e+00 1.000000000000000000e+00 0.000000000000000000e+00 0.000000000000000000e+00 0.000000000000000000e+00
5.000000000000000000e+02 1.999994178459418848e-03 0.000000000000000000e+00 1.000000000000000000e+00 0.000000000000000000e+00 0.000000000000000000e+00 0.000000000000000000e+00
1.000000000000000000e+03 3.999988356919059740e-03 0.000000000000000000e+00 1.000000000000000000e+00 0.000000000000000000e+00 0.000000000000000000e+00 0.000000000000000000e+00
1.500000000000000000e+03 5.999982535378478588e-03 0.000000000000000000e+00 1.000000000000000000e+00 0.000000000000000000e+00 0.000000000000000000e+00 0.000000000000000000e+00
2.000000000000000000e+03 7.999976713837897435e-03 0.000000000000000000e+00 1.000000000000000000e+00 0.000000000000000000e+00 0.000000000000000000e+00 0.000000000000000000e+00
2.500000000000000000e+03 9.999970892297316283e-03 0.000000000000000000e+00 1.000000000000000000e+00 0.000000000000000000e+00 0.000000000000000000e+00 0.000000000000000000e+00
3.000000000000000000e+03 1.199996507075695718e-02 0.000000000000000000e+00 1.000000000000000000e+00 0.000000000000000000e+00 0.000000000000000000e+00 0.000000000000000000e+00
3.500000000000000000e+03 1.399995924921637602e-02 0.000000000000000000e+00 1.000000000000000000e+00 0.000000000000000000e+00 0.000000000000000000e+00 0.000000000000000000e+00
4.000000000000000000e+03 1.599995342767579487e-02 0.000000000000000000e+00 1.000000000000000000e+00 0.000000000000000000e+00 0.000000000000000000e+00 0.000000000000000000e+00
4.500000000000000000e+03 1.799994760613543576e-02 0.000000000000000000e+00 1.000000000000000000e+00 0.000000000000000000e+00 0.000000000000000000e+00 0.000000000000000000e+00
5.000000000000000000e+03 1.999994178459485461e-02 0.000000000000000000e+00 1.000000000000000000e+00 0.000000000000000000e+00 0.000000000000000000e+00 0.000000000000000000e+00
5.500000000000000000e+03 2.199993596305427346e-02 0.000000000000000000e+00 1.000000000000000000e+00 0.000000000000000000e+00 0.000000000000000000e+00 0.000000000000000000e+00
6.000000000000000000e+03 2.399993014151369231e-02 0.000000000000000000e+00 1.000000000000000000e+00 0.000000000000000000e+00 0.000000000000000000e+00 0.000000000000000000e+00
6.500000000000000000e+03 2.599992431997333320e-02 0.000000000000000000e+00 1.000000000000000000e+00 0.000000000000000000e+00 0.000000000000000000e+00 0.000000000000000000e+00
7.000000000000000000e+03 2.799991849843275205e-02 0.000000000000000000e+00 1.000000000000000000e+00 0.000000000000000000e+00 0.000000000000000000e+00 0.000000000000000000e+00
7.500000000000000000e+03 2.999991267689217089e-02 0.000000000000000000e+00 1.000000000000000000e+00 0.000000000000000000e+00 0.000000000000000000e+00 0.000000000000000000e+00
8.000000000000000000e+03 3.199990685535181179e-02 0.000000000000000000e+00 1.000000000000000000e+00 0.000000000000000000e+00 0.000000000000000000e+00 0.000000000000000000e+00
8.500000000000000000e+03 3.399990103381123063e-02 0.000000000000000000e+00 1.000000000000000000e+00 0.000000000000000000e+00 0.000000000000000000e+00 0.000000000000000000e+00
9.000000000000000000e+03 3.599989521227064948e-02 0.000000000000000000e+00 1.000000000000000000e+00 0.000000000000000000e+00 0.000000000000000000e+00 0.000000000000000000e+00
9.500000000000000000e+03 3.799988939073006833e-02 0.000000000000000000e+00 1.000000000000000000e+00 0.000000000000000000e+00 0.000000000000000000e+00 0.000000000000000000e+00
1.000000000000000000e+04 3.999988356918970922e-02 0.000000000000000000e+00 1.000000000000000000e+00 0.000000000000000000e+00 0.000000000000000000e+00 0.000000000000000000e+00
1.050000000000000000e+04 4.199987774764912807e-02 0.000000000000000000e+00 1.000000000000000000e+00 0.000000000000000000e+00 0.000000000000000000e+00 0.000000000000000000e+00
1.100000000000000000e+04 4.399987192610854692e-02 0.000000000000000000e+00 1.000000000000000000e+00 0.000000000000000000e+00 0.000000000000000000e+00 0.000000000000000000e+00
1.150000000000000000e+04 4.599986610456818781e-02 0.000000000000000000e+00 1.000000000000000000e+00 0.000000000000000000e+00 0.000000000000000000e+00 0.000000000000000000e+00
1.200000000000000000e+04 4.799986028302760666e-02 0.000000000000000000e+00 1.000000000000000000e+00 0.000000000000000000e+00 0.000000000000000000e+00 0.000000000000000000e+00
1.250000000000000000e+04 4.999985446148702550e-02 0.000000000000000000e+00 1.000000000000000000e+00 0.000000000000000000e+00 0.000000000000000000e+00 0.000000000000000000e+00
1.300000000000000000e+04 5.199984863994666640e-02 0.000000000000000000e+00 1.000000000000000000e+00 0.000000000000000000e+00 0.000000000000000000e+00 0.000000000000000000e+00
1.350000000000000000e+04 5.399984281840608524e-02 0.000000000000000000e+00 1.000000000000000000e+00 0.000000000000000000e+00 0.000000000000000000e+00 0.000000000000000000e+00
1.400000000000000000e+04 5.599983699686550409e-02 0.000000000000000000e+00 1.000000000000000000e+00 0.000000000000000000e+00 0.000000000000000000e+00 0.000000000000000000e+00
1.450000000000000000e+04 5.799983117532492294e-02 0.000000000000000000e+00 1.000000000000000000e+00 0.000000000000000000e+00 0.000000000000000000e+00 0.000000000000000000e+00
1.500000000000000000e+04 5.999982535378456383e-02 0.000000000000000000e+00 1.000000000000000000e+00 0.000000000000000000e+00 0.000000000000000000e+00 0.000000000000000000e+00
1.550000000000000000e+04 6.199981953224398268e-02 0.000000000000000000e+00 1.000000000000000000e+00 0.000000000000000000e+00 0.000000000000000000e+00 0.000000000000000000e+00
1.600000000000000000e+04 6.399981371070340153e-02 0.000000000000000000e+00 1.000000000000000000e+00 0.000000000000000000e+00 0.000000000000000000e+00 0.000000000000000000e+00
1.650000000000000000e+04 6.599980788916304242e-02 0.000000000000000000e+00 1.000000000000000000e+00 0.000000000000000000e+00 0.000000000000000000e+00 0.000000000000000000e+00
1.700000000000000000e+04 6.799980206762246127e-02 0.000000000000000000e+00 1.000000000000000000e+00 0.000000000000000000e+00 0.000000000000000000e+00 0.000000000000000000e+00
1.750000000000000000e+04 6.999979624608188011e-02 0.000000000000000000e+00 1.000000000000000000e+00 0.000000000000000000e+00 0.000000000000000000e+00 0.000000000000000000e+00
1.800000000000000000e+04 7.199979042454129896e-02 4.551661356395084266e-04 9.995448338643604380e-01 0.000000000000000000e+00 0.000000000000000000e+00 0.000000000000000000e+00
1.850000000000000000e+04 7.399978460300093985e-02 2.275830678197542133e-04 9.997724169321802190e-01 0.000000000000000000e+00 0.000000000000000000e+00 0.000000000000000000e+00
1.900000000000000000e+04 7.599977878146035870e-02 0.000000000000000000e+00 1.000000000000000000e+00 0.000000000000000000e+00 0.000000000000000000e+00 0.000000000000000000e+00
1.950000000000000000e+04 7.799977295991977755e-02 0.000000000000000000e+00 1.000000000000000000e+00 0.000000000000000000e+00 0.000000000000000000e+00 0.000000000000000000e+00
2.000000000000000000e+04 7.999976713837941844e-02 0.000000000000000000e+00 1.000000000000000000e+00 0.000000000000000000e+00 0.000000000000000000e+00 0.000000000000000000e+00
2.050000000000000000e+04 8.199976131683883729e-02 3.413746017296313199e-04 9.996586253982703285e-01 0.000000000000000000e+00 0.000000000000000000e+00 0.000000000000000000e+00
2.100000000000000000e+04 8.399975549529825614e-02 5.689576695493854790e-04 9.994310423304506585e-01 0.000000000000000000e+00 0.000000000000000000e+00 0.000000000000000000e+00
2.150000000000000000e+04 8.599974967375767498e-02 1.365498406918525280e-03 9.986345015930814251e-01 0.000000000000000000e+00 0.000000000000000000e+00 0.000000000000000000e+00
2.200000000000000000e+04 8.799974385221731588e-02 1.024123805188893906e-03 9.987482931269913156e-01 0.000000000000000000e+00 2.275830678197542133e-04 0.000000000000000000e+00
2.250000000000000000e+04 8.999973803067673472e-02 9.103322712790168532e-04 9.990896677287209870e-01 0.000000000000000000e+00 0.000000000000000000e+00 0.000000000000000000e+00
2.300000000000000000e+04 9.199973220913615357e-02 1.137915339098770958e-03 9.988620846609012061e-01 0.000000000000000000e+00 0.000000000000000000e+00 0.000000000000000000e+00
2.350000000000000000e+04 9.399972638759579446e-02 1.593081474738279385e-03 9.982931269913518646e-01 0.000000000000000000e+00 1.137915339098771066e-04 0.000000000000000000e+00
2.400000000000000000e+04 9.599972056605521331e-02 1.820664542558033706e-03 9.981793354574419741e-01 0.000000000000000000e+00 0.000000000000000000e+00 0.000000000000000000e+00
2.450000000000000000e+04 9.799971474451463216e-02 2.844788347746927612e-03 9.969276285844332897e-01 0.000000000000000000e+00 2.275830678197542133e-04 0.000000000000000000e+00
2.500000000000000000e+04 9.999970892297405101e-02 3.868912152935821518e-03 9.960172963131542767e-01 0.000000000000000000e+00 1.137915339098771066e-04 0.000000000000000000e+00
2.550000000000000000e+04 1.019997031014336919e-01 4.210286754665453109e-03 9.955621301775148257e-01 0.000000000000000000e+00 2.275830678197542133e-04 0.000000000000000000e+00
2.600000000000000000e+04 1.039996972798931107e-01 6.144742831133363434e-03 9.935138825671370189e-01 0.000000000000000000e+00 3.413746017296313199e-04 0.000000000000000000e+00
2.650000000000000000e+04 1.059996914583525296e-01 9.103322712790167665e-03 9.899863450159308575e-01 0.000000000000000000e+00 9.103322712790168532e-04 0.000000000000000000e+00
2.700000000000000000e+04 1.079996856368121705e-01 1.092398725534820224e-02 9.875967228038233792e-01 0.000000000000000000e+00 1.479289940828402332e-03 0.000000000000000000e+00
2.750000000000000000e+04 1.099996798152715893e-01 8.693673190714611143e-02 6.307464724624487484e-01 0.000000000000000000e+00 2.823167956304050707e-01 0.000000000000000000e+00
2.800000000000000000e+04 1.119996739937310082e-01 2.398725534820209393e-01 4.278561675011379184e-01 1.664770141101502010e-01 1.657942649066909413e-01 0.000000000000000000e+00
2.850000000000000000e+04 1.139996681721904270e-01 1.974283113336367801e-01 5.777196176604461053e-01 2.025489303595812418e-01 2.230314064633591095e-02 0.000000000000000000e+00
2.900000000000000000e+04 1.159996623506500679e-01 1.428083750568957533e-01 6.502048247610378029e-01 1.956076467910787542e-01 1.137915339098771045e-02 0.000000000000000000e+00
2.950000000000000000e+04 1.179996565291094868e-01 6.269913518434228061e-02 7.554619936276740777e-01 1.796768320436959443e-01 2.162039144287664864e-03 0.000000000000000000e+00
3.000000000000000000e+04 1.199996507075689056e-01 5.405097860719162289e-02 7.618343195266271684e-01 1.820664542558033672e-01 2.048247610377787811e-03 0.000000000000000000e+00
3.050000000000000000e+04 1.219996448860285465e-01 5.268548020027309653e-02 7.653618570778334407e-01 1.804733727810650945e-01 1.479289940828402332e-03 0.000000000000000000e+00
3.100000000000000000e+04 1.239996390644879654e-01 5.268548020027309653e-02 7.636549840691853053e-01 1.807009558488848477e-01 2.958579881656804664e-03 0.000000000000000000e+00
3.150000000000000000e+04 1.259996332429473842e-01 5.416477014110149951e-02 7.637687756030950847e-01 1.805871643149749572e-01 1.479289940828402332e-03 0.000000000000000000e+00
3.200000000000000000e+04 1.279996274214068031e-01 5.268548020027309653e-02 7.614929449248976079e-01 1.820664542558033672e-01 3.755120619025944465e-03 0.000000000000000000e+00
3.250000000000000000e+04 1.299996215998664439e-01 5.257168866636321991e-02 7.614929449248976079e-01 1.833181611288120239e-01 2.617205279927173507e-03 0.000000000000000000e+00
3.300000000000000000e+04 1.319996157783258628e-01 5.416477014110149951e-02 7.598998634501593630e-01 1.842284934000910368e-01 1.706873008648156654e-03 0.000000000000000000e+00
3.350000000000000000e+04 1.339996099567852816e-01 5.621301775147929253e-02 7.580791989076012261e-01 1.830905780609922706e-01 2.617205279927173507e-03 0.000000000000000000e+00
3.400000000000000000e+04 1.359996041352449225e-01 5.791989076012744875e-02 7.556895766954938587e-01 1.840009103322712836e-01 2.389622212107419402e-03 0.000000000000000000e+00
3.450000000000000000e+04 1.379995983137043414e-01 5.917159763313609155e-02 7.539827036868457233e-01 1.850250341374601593e-01 1.820664542558033706e-03 0.000000000000000000e+00
3.500000000000000000e+04 1.399995924921637602e-01 5.746472462448793533e-02 7.529585798816568198e-01 1.871870732817478289e-01 2.389622212107419402e-03 0.000000000000000000e+00
3.550000000000000000e+04 1.419995866706234011e-01 5.985434683659535821e-02 7.517068730086481354e-01 1.854802002730996935e-01 2.958579881656804664e-03 0.000000000000000000e+00
3.600000000000000000e+04 1.439995808490828200e-01 6.065088757396449454e-02 7.496586253982703285e-01 1.871870732817478289e-01 2.503413746017296455e-03 0.000000000000000000e+00
3.650000000000000000e+04 1.459995750275422388e-01 6.030951297223486468e-02 7.474965862539827421e-01 1.898042785616750050e-01 2.389622212107419402e-03 0.000000000000000000e+00
3.700000000000000000e+04 1.479995692060016577e-01 6.360946745562130744e-02 7.416932180245789930e-01 1.920801092398725651e-01 2.617205279927173507e-03 0.000000000000000000e+00
3.750000000000000000e+04 1.499995633844612986e-01 6.804733727810650945e-02 7.300864815657714946e-01 1.975421028675466428e-01 4.324078288575329727e-03 0.000000000000000000e+00
3.800000000000000000e+04 1.519995575629207174e-01 6.747837960855712636e-02 7.271279016841146747e-01 2.002730996813837094e-01 5.120619025944469528e-03 0.000000000000000000e+00
3.850000000000000000e+04 1.539995517413801362e-01 6.759217114246700298e-02 7.254210286754665393e-01 2.005006827492034627e-01 6.486117432862995025e-03 0.000000000000000000e+00
3.900000000000000000e+04 1.559995459198397771e-01 6.804733727810650945e-02 7.221210741920801590e-01 2.010696404187528319e-01 8.761948111060537808e-03 0.000000000000000000e+00
3.950000000000000000e+04 1.579995400982991960e-01 6.781975421028675621e-02 7.251934456076467583e-01 2.022075557578516258e-01 4.779244424214838804e-03 0.000000000000000000e+00
4.000000000000000000e+04 1.599995342767586148e-01 7.066454255803368556e-02 7.222348657259899385e-01 2.009558488848429691e-01 6.144742831133363434e-03 0.000000000000000000e+00
4.050000000000000000e+04 1.619995284552180337e-01 7.715065999089668058e-02 7.167728720983158608e-01 1.997041420118343125e-01 6.372325898953117539e-03 0.000000000000000000e+00
4.100000000000000000e+04 1.639995226336776746e-01 8.625398270368685172e-02 7.098315885298134287e-01 1.979972690031861493e-01 5.917159763313609329e-03 0.000000000000000000e+00
4.150000000000000000e+04 1.659995168121370934e-01 8.693673190714611143e-02 7.078971324533455123e-01 1.960628129267182607e-01 9.103322712790167665e-03 0.000000000000000000e+00
4.200000000000000000e+04 1.679995109905965123e-01 1.061675011379153433e-01 6.768320436959490705e-01 2.031178880291306388e-01 1.388256713700500647e-02 0.000000000000000000e+00
4.250000000000000000e+04 1.699995051690561532e-01 1.001365498406918547e-01 6.807009558488847922e-01 2.055075102412380617e-01 1.365498406918525323e-02 0.000000000000000000e+00
4.300000000000000000e+04 1.719994993475155720e-01 1.160673645880746507e-01 6.668183887118798170e-01 2.027765134274009950e-01 1.433773327264451468e-02 0.000000000000000000e+00
4.350000000000000000e+04 1.739994935259749909e-01 1.248293126991351781e-01 6.986800182066453813e-01 1.710286754665452935e-01 5.461993627674101119e-03 0.000000000000000000e+00
4.400000000000000000e+04 1.759994877044344097e-01 7.362312243969049153e-02 7.682066454255803700e-01 1.549840691852526209e-01 3.186162949476558769e-03 0.000000000000000000e+00
4.450000000000000000e+04 1.779994818828940506e-01 7.214383249886208160e-02 7.682066454255803700e-01 1.568047337278106468e-01 2.844788347746927612e-03 0.000000000000000000e+00
4.500000000000000000e+04 1.799994760613534694e-01 6.941283568502502888e-02 7.676376877560309175e-01 1.595357305416477134e-01 3.413746017296313308e-03 0.000000000000000000e+00
4.550000000000000000e+04 1.819994702398128883e-01 6.838871187983613931e-02 7.671825216203914666e-01 1.606736458807464796e-01 3.755120619025944465e-03 0.000000000000000000e+00
4.600000000000000000e+04 1.839994644182725292e-01 6.895766954938552240e-02 7.649066909421938787e-01 1.616977696859353553e-01 4.437869822485207214e-03 0.000000000000000000e+00
4.650000000000000000e+04 1.859994585967319480e-01 6.929904415111515226e-02 7.647928994082839882e-01 1.613563950842057393e-01 4.551661356395083832e-03 0.000000000000000000e+00
4.700000000000000000e+04 1.879994527751913669e-01 6.986800182066454923e-02 7.670687300864815761e-01 1.589667728720983164e-01 4.096495220755575623e-03 0.000000000000000000e+00
4.750000000000000000e+04 1.899994469536507857e-01 6.952662721893490549e-02 7.670687300864815761e-01 1.580564406008193035e-01 5.348202093764223633e-03 0.000000000000000000e+00
4.800000000000000000e+04 1.919994411321104266e-01 7.225762403277195822e-02 7.625170687300865113e-01 1.610150204824760956e-01 4.210286754665453109e-03 0.000000000000000000e+00
4.850000000000000000e+04 1.939994353105698455e-01 7.020937642239417908e-02 7.631998179335457433e-01 1.619253527537551085e-01 4.665452890304961318e-03 0.000000000000000000e+00
4.900000000000000000e+04 1.959994294890292643e-01 7.259899863450158808e-02 7.631998179335457433e-01 1.601046882111970826e-01 4.096495220755575623e-03 0.000000000000000000e+00
4.950000000000000000e+04 1.979994236674889052e-01 7.396449704142012138e-02 7.580791989076012261e-01 1.626081019572143960e-01 5.348202093764223633e-03 0.000000000000000000e+00
5.000000000000000000e+04 1.999994178459483241e-01 7.362312243969049153e-02 7.584205735093308975e-01 1.628356850250341492e-01 5.120619025944469528e-03 0.000000000000000000e+00
5.050000000000000000e+04 2.019994120244077429e-01 7.430587164314975124e-02 7.563723258989530907e-01 1.644287664997724219e-01 4.893035958124715423e-03 0.000000000000000000e+00
5.100000000000000000e+04 2.039994062028671618e-01 7.544378698224851743e-02 7.568274920345926526e-01 1.637460172963131622e-01 3.982703686845699004e-03 0.000000000000000000e+00
5.150000000000000000e+04 2.059994003813268026e-01 7.862994993172507663e-02 7.514792899408283544e-01 1.648839326354119283e-01 5.006827492034592909e-03 0.000000000000000000e+00
5.200000000000000000e+04 2.079993945597862215e-01 9.296768320436959998e-02 7.439690487027764698e-01 1.581702321347291662e-01 4.893035958124715423e-03 0.000000000000000000e+00
5.250000000000000000e+04 2.099993887382456403e-01 8.261265361857077216e-02 7.654756486117433312e-01 1.488393263541192557e-01 3.072371415566681717e-03 0.000000000000000000e+00
5.300000000000000000e+04 2.119993829167052812e-01 8.545744196631770151e-02 7.614929449248976079e-01 1.496358670914884059e-01 3.413746017296313308e-03 0.000000000000000000e+00
5.350000000000000000e+04 2.139993770951647001e-01 7.851615839781520001e-02 7.676376877560309175e-01 1.504324078288575284e-01 3.413746017296313308e-03 0.000000000000000000e+00
5.400000000000000000e+04 2.159993712736241189e-01 6.873008648156576916e-02 7.808375056895766608e-01 1.456531634046426826e-01 4.779244424214838804e-03 0.000000000000000000e+00
5.450000000000000000e+04 2.179993654520835378e-01 6.759217114246700298e-02 7.824305871643150168e-01 1.472462448793809831e-01 2.730996813837050560e-03 0.000000000000000000e+00
5.500000000000000000e+04 2.199993596305431787e-01 6.884387801547564578e-02 7.804961310878471004e-01 1.474738279472007363e-01 3.186162949476558769e-03 0.000000000000000000e+00
5.550000000000000000e+04 2.219993538090025975e-01 6.998179335457442585e-02 7.800409649522075384e-01 1.469048702776513393e-01 3.072371415566681717e-03 0.000000000000000000e+00
5.600000000000000000e+04 2.239993479874620164e-01 6.907146108329539902e-02 7.809512972234865513e-01 1.465634956759217233e-01 3.413746017296313308e-03 0.000000000000000000e+00
5.650000000000000000e+04 2.259993421659216573e-01 7.339553937187073829e-02 7.790168411470186349e-01 1.447428311333636697e-01 2.844788347746927612e-03 0.000000000000000000e+00
5.700000000000000000e+04 2.279993363443810761e-01 6.941283568502502888e-02 7.806099226217569909e-01 1.471324533454710926e-01 2.844788347746927612e-03 0.000000000000000000e+00
5.750000000000000000e+04 2.299993305228404950e-01 7.009558488848430247e-02 7.792444242148384159e-01 1.479289940828402428e-01 2.730996813837050560e-03 0.000000000000000000e+00
5.800000000000000000e+04 2.319993247013001358e-01 7.157487482931269851e-02 7.793582157487483064e-01 1.466772872098315861e-01 2.389622212107419402e-03 0.000000000000000000e+00
5.850000000000000000e+04 2.339993188797595547e-01 7.100591715976331542e-02 7.767410104688211581e-01 1.475876194811105990e-01 4.665452890304961318e-03 0.000000000000000000e+00
5.900000000000000000e+04 2.359993130582189735e-01 7.237141556668183484e-02 7.777651342740100615e-01 1.464497041420118328e-01 3.413746017296313308e-03 0.000000000000000000e+00
5.950000000000000000e+04 2.379993072366783924e-01 7.362312243969049153e-02 7.760582612653618151e-01 1.471324533454710926e-01 3.186162949476558769e-03 0.000000000000000000e+00
6.000000000000000000e+04 2.399993014151380333e-01 7.760582612653618706e-02 7.709376422394174089e-01 1.487255348202093652e-01 2.730996813837050560e-03 0.000000000000000000e+00
6.050000000000000000e+04 2.419992955935974521e-01 7.737824305871643382e-02 7.707100591715976279e-01 1.495220755575785154e-01 2.389622212107419402e-03 0.000000000000000000e+00
6.100000000000000000e+04 2.439992897720568710e-01 8.181611288120163583e-02 7.677514792899408080e-01 1.487255348202093652e-01 1.706873008648156654e-03 0.000000000000000000e+00
6.150000000000000000e+04 2.459992839505165119e-01 8.249886208466089554e-02 7.649066909421938787e-01 1.510013654984069253e-01 1.593081474738279385e-03 0.000000000000000000e+00
6.200000000000000000e+04 2.479992781289759307e-01 8.454710969503868856e-02 7.637687756030950847e-01 1.503186162949476656e-01 1.365498406918525280e-03 0.000000000000000000e+00
6.250000000000000000e+04 2.499992723074353496e-01 8.329540282203004575e-02 7.621756941283568398e-01 1.531634046426945950e-01 1.365498406918525280e-03 0.000000000000000000e+00
6.300000000000000000e+04 2.519992664858947684e-01 8.568502503413745475e-02 7.612653618570778269e-01 1.513427401001365413e-01 1.706873008648156654e-03 0.000000000000000000e+00
6.350000000000000000e+04 2.539992606643544093e-01 8.545744196631770151e-02 7.588757396449704595e-01 1.536185707783341015e-01 2.048247610377787811e-03 0.000000000000000000e+00
6.400000000000000000e+04 2.559992548428138281e-01 8.363677742375967561e-02 7.619481110605370588e-01 1.514565316340464318e-01 2.958579881656804664e-03 0.000000000000000000e+00
6.450000000000000000e+04 2.579992490212732470e-01 8.477469276285844180e-02 7.639963586709148657e-01 1.499772416932180219e-01 1.251706873008648227e-03 0.000000000000000000e+00
6.500000000000000000e+04 2.599992431997328879e-01 8.454710969503868856e-02 7.601274465179790329e-01 1.535047792444242110e-01 1.820664542558033706e-03 0.000000000000000000e+00
6.550000000000000000e+04 2.619992373781923067e-01 8.602639963586708460e-02 7.586481565771506785e-01 1.535047792444242110e-01 1.820664542558033706e-03 0.000000000000000000e+00
6.600000000000000000e+04 2.639992315566517256e-01 8.750568957669549452e-02 7.585343650432407880e-01 1.515703231679562946e-01 2.389622212107419402e-03 0.000000000000000000e+00
6.650000000000000000e+04 2.659992257351111444e-01 8.500227583067819503e-02 7.601274465179790329e-01 1.525944469731451980e-01 2.275830678197541916e-03 0.000000000000000000e+00
6.700000000000000000e+04 2.679992199135707853e-01 8.944014565316341092e-02 7.584205735093308975e-01 1.510013654984069253e-01 1.137915339098770958e-03 0.000000000000000000e+00
6.750000000000000000e+04 2.699992140920302042e-01 8.773327264451524776e-02 7.562585343650432002e-01 1.546426945835229771e-01 1.365498406918525280e-03 0.000000000000000000e+00
6.800000000000000000e+04 2.719992082704896230e-01 9.319526627218935322e-02 7.386208466090122826e-01 1.663632225762403383e-01 1.820664542558033706e-03 0.000000000000000000e+00
6.850000000000000000e+04 2.739992024489492639e-01 1.016158397815202508e-01 7.159763313609467383e-01 1.781975421028675344e-01 4.210286754665453109e-03 0.000000000000000000e+00
6.900000000000000000e+04 2.759991966274086828e-01 1.060537096040054666e-01 6.827492034592625991e-01 2.085798816568047442e-01 2.617205279927173507e-03 0.000000000000000000e+00
6.950000000000000000e+04 2.779991908058681016e-01 1.074192080109239861e-01 6.824078288575330387e-01 2.076695493855257035e-01 2.503413746017296455e-03 0.000000000000000000e+00
7.000000000000000000e+04 2.799991849843275205e-01 1.086709148839326289e-01 6.829767865270823801e-01 2.060764679107874309e-01 2.275830678197541916e-03 0.000000000000000000e+00
7.050000000000000000e+04 2.819991791627871613e-01 1.106053709604005453e-01 6.804733727810651223e-01 2.058488848429676776e-01 3.072371415566681717e-03 0.000000000000000000e+00
7.100000000000000000e+04 2.839991733412465802e-01 1.141329085116067343e-01 6.792216659080564378e-01 2.045971779699590487e-01 2.048247610377787811e-03 0.000000000000000000e+00
7.150000000000000000e+04 2.859991675197059990e-01 1.099226217569412856e-01 6.808147473827946827e-01 2.072143832498861971e-01 2.048247610377787811e-03 0.000000000000000000e+00
7.200000000000000000e+04 2.879991616981656399e-01 1.119708693673190647e-01 6.808147473827946827e-01 2.045971779699590487e-01 2.617205279927173507e-03 0.000000000000000000e+00
7.250000000000000000e+04 2.899991558766250588e-01 1.235776058261265353e-01 6.484979517523896675e-01 2.243969048702776636e-01 3.527537551206190360e-03 0.000000000000000000e+00
7.300000000000000000e+04 2.919991500550844776e-01 1.177742375967228000e-01 6.681838871187983919e-01 2.107419208010923861e-01 3.299954483386436255e-03 0.000000000000000000e+00
7.350000000000000000e+04 2.939991442335438965e-01 1.111743286299499284e-01 6.663632225762403660e-01 2.185935366408739144e-01 3.868912152935821518e-03 0.000000000000000000e+00
7.400000000000000000e+04 2.959991384120035374e-01 1.193673190714610866e-01 6.621529358215748617e-01 2.148384160218479721e-01 3.641329085116067413e-03 0.000000000000000000e+00
7.450000000000000000e+04 2.979991325904629562e-01 1.176604460628129234e-01 6.794492489758762188e-01 1.997041420118343125e-01 3.186162949476558769e-03 0.000000000000000000e+00
7.500000000000000000e+04 2.999991267689223751e-01 1.150432407828857473e-01 6.737596722803823601e-01 2.073281747837960876e-01 3.868912152935821518e-03 0.000000000000000000e+00
7.550000000000000000e+04 3.019991209473820160e-01 1.209604005461993592e-01 6.686390532544378429e-01 2.072143832498861971e-01 3.186162949476558769e-03 0.000000000000000000e+00
7.600000000000000000e+04 3.039991151258414348e-01 1.282430587164314906e-01 6.482703686845698865e-01 2.204142011834319403e-01 3.072371415566681717e-03 0.000000000000000000e+00
7.650000000000000000e+04 3.059991093043008537e-01 1.256258534365043145e-01 6.512289485662267063e-01 2.190487027765134209e-01 4.096495220755575623e-03 0.000000000000000000e+00
7.700000000000000000e+04 3.079991034827602725e-01 1.257396449704142050e-01 6.558944014565316616e-01 2.131315430131998090e-01 5.234410559854347014e-03 0.000000000000000000e+00
7.750000000000000000e+04 3.099990976612199134e-01 1.279016841147018746e-01 6.514565316340463763e-01 2.155211652253072319e-01 5.120619025944469528e-03 0.000000000000000000e+00
7.800000000000000000e+04 3.119990918396793322e-01 1.282430587164314906e-01 6.507737824305871444e-01 2.168866636322257513e-01 4.096495220755575623e-03 0.000000000000000000e+00
7.850000000000000000e+04 3.139990860181387511e-01 1.272189349112426149e-01 6.483841602184797770e-01 2.199590350477924339e-01 4.437869822485207214e-03 0.000000000000000000e+00
7.900000000000000000e+04 3.159990801965983920e-01 1.297223486572599005e-01 6.454255803368229572e-01 2.212107419208010906e-01 3.641329085116067413e-03 0.000000000000000000e+00
7.950000000000000000e+04 3.179990743750578108e-01 1.308602639963586667e-01 6.463359126081019701e-01 2.180245789713245452e-01 4.779244424214838804e-03 0.000000000000000000e+00
8.000000000000000000e+04 3.199990685535172297e-01 1.297223486572599005e-01 6.445152480655439442e-01 2.205279927173418308e-01 5.234410559854347014e-03 0.000000000000000000e+00
8.050000000000000000e+04 3.219990627319768706e-01 1.275603095129722309e-01 6.457669549385525176e-01 2.210969503868912278e-01 5.575785161583977738e-03 0.000000000000000000e+00
8.100000000000000000e+04 3.239990569104362894e-01 1.325671370050068298e-01 6.467910787437414211e-01 2.166590805644059980e-01 3.982703686845699004e-03 0.000000000000000000e+00
8.150000000000000000e+04 3.259990510888957083e-01 1.345015930814747462e-01 6.440600819299043822e-01 2.171142467000455045e-01 4.324078288575329727e-03 0.000000000000000000e+00
8.200000000000000000e+04 3.279990452673551271e-01 1.348429676832043622e-01 6.442876649977241632e-01 2.152935821574874786e-01 5.575785161583977738e-03 0.000000000000000000e+00
8.250000000000000000e+04 3.299990394458147680e-01 1.392808375056895642e-01 6.717114246700045532e-01 1.836595357305416398e-01 5.348202093764223633e-03 0.000000000000000000e+00
8.300000000000000000e+04 3.319990336242741868e-01 1.285844333181611343e-01 7.126763768775603580e-01 1.541875284478834707e-01 4.551661356395083832e-03 0.000000000000000000e+00
8.350000000000000000e+04 3.339990278027336057e-01 1.214155666818388657e-01 7.176832043695948737e-01 1.572598998634501533e-01 3.641329085116067413e-03 0.000000000000000000e+00
8.400000000000000000e+04 3.359990219811932466e-01 1.185707783340919502e-01 7.212107419208011461e-01 1.574874829312699065e-01 2.730996813837050560e-03 0.000000000000000000e+00
8.450000000000000000e+04 3.379990161596526654e-01 1.164087391898042806e-01 7.264451524806554428e-01 1.561219845243513871e-01 1.024123805188893906e-03 0.000000000000000000e+00
8.500000000000000000e+04 3.399990103381120843e-01 1.117432862994993115e-01 7.311106053709603980e-01 1.564633591260810308e-01 6.827492034592626399e-04 0.000000000000000000e+00
8.550000000000000000e+04 3.419990045165715031e-01 1.075329995448338627e-01 7.315657715065999600e-01 1.587391898042785632e-01 2.162039144287664864e-03 0.000000000000000000e+00
8.600000000000000000e+04 3.439989986950311440e-01 1.095812471552116557e-01 7.314519799726900695e-01 1.566909421939007840e-01 2.275830678197541916e-03 0.000000000000000000e+00
8.650000000000000000e+04 3.459989928734905629e-01 1.098088302230314089e-01 7.314519799726900695e-01 1.580564406008193035e-01 6.827492034592626399e-04 0.000000000000000000e+00
8.700000000000000000e+04 3.479989870519499817e-01 1.070778334091943562e-01 7.369139736003641472e-01 1.549840691852526209e-01 1.024123805188893906e-03 0.000000000000000000e+00
8.750000000000000000e+04 3.499989812304096226e-01 1.067364588074647264e-01 7.374829312699134887e-01 1.547564861174328676e-01 1.024123805188893906e-03 0.000000000000000000e+00
8.800000000000000000e+04 3.519989754088690415e-01 1.071916249431042328e-01 7.382794720072826111e-01 1.530496131087847045e-01 1.479289940828402332e-03 0.000000000000000000e+00
8.850000000000000000e+04 3.539989695873284603e-01 1.078743741465634925e-01 7.381656804733728316e-01 1.536185707783341015e-01 3.413746017296313199e-04 0.000000000000000000e+00
8.900000000000000000e+04 3.559989637657878792e-01 1.071916249431042328e-01 7.375967228038233792e-01 1.543013199817933612e-01 9.103322712790168532e-04 0.000000000000000000e+00
8.950000000000000000e+04 3.579989579442475200e-01 1.094674556213017791e-01 7.357760582612653533e-01 1.537323623122439642e-01 1.024123805188893906e-03 0.000000000000000000e+00
9.000000000000000000e+04 3.599989521227069389e-01 1.077605826126536159e-01 7.377105143377332697e-01 1.533909877105143482e-01 1.137915339098770958e-03 0.000000000000000000e+00
9.050000000000000000e+04 3.619989463011663577e-01 1.065088757396449731e-01 7.380518889394629412e-01 1.536185707783341015e-01 1.820664542558033706e-03 0.000000000000000000e+00
9.100000000000000000e+04 3.639989404796259986e-01 1.071916249431042328e-01 7.393035958124715146e-01 1.521392808375056915e-01 1.365498406918525280e-03 0.000000000000000000e+00
9.150000000000000000e+04 3.659989346580854175e-01 1.068502503413746030e-01 7.416932180245789930e-01 1.504324078288575284e-01 1.024123805188893906e-03 0.000000000000000000e+00
9.200000000000000000e+04 3.679989288365448363e-01 1.033227127901684139e-01 7.431725079654073474e-01 1.515703231679562946e-01 1.934456076467910759e-03 0.000000000000000000e+00
9.250000000000000000e+04 3.699989230150042552e-01 1.027537551206190308e-01 7.394173873463814051e-01 1.557806099226217433e-01 2.048247610377787811e-03 0.000000000000000000e+00
9.300000000000000000e+04 3.719989171934638961e-01 1.026399635867091542e-01 7.424897587619481154e-01 1.529358215748748417e-01 1.934456076467910759e-03 0.000000000000000000e+00
9.350000000000000000e+04 3.739989113719233149e-01 1.036640873918980438e-01 7.414656349567592120e-01 1.529358215748748417e-01 1.934456076467910759e-03 0.000000000000000000e+00
9.400000000000000000e+04 3.759989055503827338e-01 1.028675466545289074e-01 7.438552571688666903e-01 1.523668639053254448e-01 9.103322712790168532e-04 0.000000000000000000e+00
9.450000000000000000e+04 3.779988997288423747e-01 1.032089212562585373e-01 7.423759672280382249e-01 1.530496131087847045e-01 1.365498406918525280e-03 0.000000000000000000e+00
9.500000000000000000e+04 3.799988939073017935e-01 1.032089212562585373e-01 7.413518434228493215e-01 1.541875284478834707e-01 1.251706873008648227e-03 0.000000000000000000e+00
9.550000000000000000e+04 3.819988880857612124e-01 1.054847519344560697e-01 7.404415111515703085e-01 1.529358215748748417e-01 1.137915339098770958e-03 0.000000000000000000e+00
9.600000000000000000e+04 3.839988822642206312e-01 1.053709604005461931e-01 7.397587619481110766e-01 1.529358215748748417e-01 1.934456076467910759e-03 0.000000000000000000e+00
9.650000000000000000e+04 3.859988764426802721e-01 1.115157032316795582e-01 7.371415566681839282e-01 1.490669094219390090e-01 2.275830678197541916e-03 0.000000000000000000e+00
9.700000000000000000e+04 3.879988706211396909e-01 1.104915794264906687e-01 7.364588074647245852e-01 1.524806554392353075e-01 5.689576695493854790e-04 0.000000000000000000e+00
9.750000000000000000e+04 3.899988647995991098e-01 1.102639963586709154e-01 7.371415566681839282e-01 1.514565316340464318e-01 1.137915339098770958e-03 0.000000000000000000e+00
9.800000000000000000e+04 3.919988589780585286e-01 1.125398270368684617e-01 7.344105598543468894e-01 1.517979062357760478e-01 1.251706873008648227e-03 0.000000000000000000e+00
9.850000000000000000e+04 3.939988531565181695e-01 1.121984524351388318e-01 7.350933090578061213e-01 1.520254893035958010e-01 6.827492034592626399e-04 0.000000000000000000e+00
9.900000000000000000e+04 3.959988473349778104e-01 1.117432862994993115e-01 7.331588529813382049e-01 1.540737369139736079e-01 1.024123805188893906e-03 0.000000000000000000e+00
9.950000000000000000e+04 3.979988415134370072e-01 1.132225762403277214e-01 7.328174783796085334e-01 1.525944469731451980e-01 1.365498406918525280e-03 0.000000000000000000e+00
1.000000000000000000e+05 3.999988356918964261e-01 1.116294947655894348e-01 7.344105598543468894e-01 1.523668639053254448e-01 1.593081474738279385e-03 0.000000000000000000e+00
1.005000000000000000e+05 4.019988298703560670e-01 1.137915339098771045e-01 7.312243969048702885e-01 1.529358215748748417e-01 2.048247610377787811e-03 0.000000000000000000e+00
1.010000000000000000e+05 4.039988240488157079e-01 1.181156121984524299e-01 7.265589440145653333e-01 1.531634046426945950e-01 2.162039144287664864e-03 0.000000000000000000e+00
1.015000000000000000e+05 4.059988182272751267e-01 1.207328174783796060e-01 7.246244879380974169e-01 1.530496131087847045e-01 1.593081474738279385e-03 0.000000000000000000e+00
1.020000000000000000e+05 4.079988124057343235e-01 1.199362767410104696e-01 7.275830678197542367e-01 1.513427401001365413e-01 1.137915339098770958e-03 0.000000000000000000e+00
1.025000000000000000e+05 4.099988065841939644e-01 1.258534365043240677e-01 7.226900318616295005e-01 1.500910332271279124e-01 1.365498406918525280e-03 0.000000000000000000e+00
1.030000000000000000e+05 4.119988007626536053e-01 1.271051433773327244e-01 7.212107419208011461e-01 1.480427856167501055e-01 3.641329085116067413e-03 0.000000000000000000e+00
1.035000000000000000e+05 4.139987949411130241e-01 1.259672280382339582e-01 7.233727810650887324e-01 1.495220755575785154e-01 1.137915339098770958e-03 0.000000000000000000e+00
1.040000000000000000e+05 4.159987891195722209e-01 1.653390987710514348e-01 6.459945380063722986e-01 1.819526627218935044e-01 6.713700500682749130e-03 0.000000000000000000e+00
1.045000000000000000e+05 4.179987832980318618e-01 1.665908056440600915e-01 6.284706417842512716e-01 1.999317250796540657e-01 5.006827492034592909e-03 0.000000000000000000e+00
1.050000000000000000e+05 4.199987774764915027e-01 1.588529813381884259e-01 6.582840236686390289e-01 1.792216659080564378e-01 3.641329085116067413e-03 0.000000000000000000e+00
1.055000000000000000e+05 4.219987716549509216e-01 1.412152935821574806e-01 7.058488848429677054e-01 1.494082840236686527e-01 3.527537551206190360e-03 0.000000000000000000e+00
1.060000000000000000e+05 4.239987658334103404e-01 1.409877105143377274e-01 7.011834319526627501e-01 1.568047337278106468e-01 1.024123805188893906e-03 0.000000000000000000e+00
1.065000000000000000e+05 4.259987600118699813e-01 1.358670914883932657e-01 6.910559854346836062e-01 1.693218024578971304e-01 3.755120619025944465e-03 0.000000000000000000e+00
1.070000000000000000e+05 4.279987541903296222e-01 1.363222576240327721e-01 6.976558944014564778e-01 1.637460172963131622e-01 2.275830678197541916e-03 0.000000000000000000e+00
1.075000000000000000e+05 4.299987483687888190e-01 1.351843422849340060e-01 6.956076467910787819e-01 1.647701411015020379e-01 4.437869822485207214e-03 0.000000000000000000e+00
1.080000000000000000e+05 4.319987425472482379e-01 1.342740100136549930e-01 6.957214383249886724e-01 1.685252617205279801e-01 1.479289940828402332e-03 0.000000000000000000e+00
1.085000000000000000e+05 4.339987367257078787e-01 1.348429676832043622e-01 7.022075557578516536e-01 1.601046882111970826e-01 2.844788347746927612e-03 0.000000000000000000e+00
1.090000000000000000e+05 4.359987309041675196e-01 1.333636777423759801e-01 7.020937642239417631e-01 1.629494765589440120e-01 1.593081474738279385e-03 0.000000000000000000e+00
1.095000000000000000e+05 4.379987250826267164e-01 1.343878015475648557e-01 7.042558033682293495e-01 1.596495220755575761e-01 1.706873008648156654e-03 0.000000000000000000e+00
1.100000000000000000e+05 4.399987192610861353e-01 1.346153846153846090e-01 7.030040964952207760e-01 1.607874374146563423e-01 1.593081474738279385e-03 0.000000000000000000e+00
1.105000000000000000e+05 4.419987134395457762e-01 1.343878015475648557e-01 7.032316795630405570e-01 1.606736458807464796e-01 1.706873008648156654e-03 0.000000000000000000e+00
1.110000000000000000e+05 4.439987076180054171e-01 1.356395084205735124e-01 7.019799726900318726e-01 1.597633136094674666e-01 2.617205279927173507e-03 0.000000000000000000e+00
1.115000000000000000e+05 4.459987017964646139e-01 1.356395084205735124e-01 7.031178880291306665e-01 1.591943559399180697e-01 2.048247610377787811e-03 0.000000000000000000e+00
1.120000000000000000e+05 4.479986959749240327e-01 1.351843422849340060e-01 7.036868456986800080e-01 1.590805644060081792e-01 2.048247610377787811e-03 0.000000000000000000e+00
1.125000000000000000e+05 4.499986901533836736e-01 1.349567592171142527e-01 7.035730541647701175e-01 1.593081474738279601e-01 2.162039144287664864e-03 0.000000000000000000e+00
1.130000000000000000e+05 4.519986843318433145e-01 1.365498406918525254e-01 7.032316795630405570e-01 1.581702321347291662e-01 2.048247610377787811e-03 0.000000000000000000e+00
1.135000000000000000e+05 4.539986785103027334e-01 1.378015475648611821e-01 7.020937642239417631e-01 1.583978152025489194e-01 1.706873008648156654e-03 0.000000000000000000e+00
