# itime ezz other fcc hcp bcc ico
0.000000000000000000e+00 0.000000000000000000e+00 1.479289940828402332e-03 9.985207100591716456e-01 0.000000000000000000e+00 0.000000000000000000e+00 0.000000000000000000e+00
2.500000000000000000e+02 1.000012094831470577e-03 1.593081474738279385e-03 9.984069185252617551e-01 0.000000000000000000e+00 0.000000000000000000e+00 0.000000000000000000e+00
5.000000000000000000e+02 2.000024189662719110e-03 1.365498406918525280e-03 9.985207100591716456e-01 0.000000000000000000e+00 1.137915339098771066e-04 0.000000000000000000e+00
7.500000000000000000e+02 3.000036284494189687e-03 5.689576695493854790e-04 9.994310423304506585e-01 0.000000000000000000e+00 0.000000000000000000e+00 0.000000000000000000e+00
1.000000000000000000e+03 4.000048379325438219e-03 9.103322712790168532e-04 9.990896677287209870e-01 0.000000000000000000e+00 0.000000000000000000e+00 0.000000000000000000e+00
1.250000000000000000e+03 5.000060474156908796e-03 1.024123805188893906e-03 9.989758761948110966e-01 0.000000000000000000e+00 0.000000000000000000e+00 0.000000000000000000e+00
1.500000000000000000e+03 6.000072568988157329e-03 5.689576695493854790e-04 9.994310423304506585e-01 0.000000000000000000e+00 0.000000000000000000e+00 0.000000000000000000e+00
1.750000000000000000e+03 7.000084663819627906e-03 1.251706873008648227e-03 9.987482931269913156e-01 0.000000000000000000e+00 0.000000000000000000e+00 0.000000000000000000e+00
2.000000000000000000e+03 8.000096758650876438e-03 2.617205279927173507e-03 9.973827947200728516e-01 0.000000000000000000e+00 0.000000000000000000e+00 0.000000000000000000e+00
2.250000000000000000e+03 9.000108853482347016e-03 2.048247610377787811e-03 9.979517523896221931e-01 0.000000000000000000e+00 0.000000000000000000e+00 0.000000000000000000e+00
2.500000000000000000e+03 1.000012094831359555e-02 2.958579881656804664e-03 9.970414201183431802e-01 0.000000000000000000e+00 0.000000000000000000e+00 0.000000000000000000e+00
2.750000000000000000e+03 1.100013304314506613e-02 1.934456076467910759e-03 9.980655439235320836e-01 0.000000000000000000e+00 0.000000000000000000e+00 0.000000000000000000e+00
3.000000000000000000e+03 1.200014513797631466e-02 9.103322712790168532e-04 9.990896677287209870e-01 0.000000000000000000e+00 0.000000000000000000e+00 0.000000000000000000e+00
3.250000000000000000e+03 1.300015723280778523e-02 1.934456076467910759e-03 9.980655439235320836e-01 0.000000000000000000e+00 0.000000000000000000e+00 0.000000000000000000e+00
3.500000000000000000e+03 1.400016932763903377e-02 2.958579881656804664e-03 9.969276285844332897e-01 0.000000000000000000e+00 1.137915339098771066e-04 0.000000000000000000e+00
3.750000000000000000e+03 1.500018142247050434e-02 1.706873008648156654e-03 9.982931269913518646e-01 0.000000000000000000e+00 0.000000000000000000e+00 0.000000000000000000e+00
4.000000000000000000e+03 1.600019351730175288e-02 1.820664542558033706e-03 9.981793354574419741e-01 0.000000000000000000e+00 0.000000000000000000e+00 0.000000000000000000e+00
4.250000000000000000e+03 1.700020561213322345e-02 2.844788347746927612e-03 9.971552116522530707e-01 0.000000000000000000e+00 0.000000000000000000e+00 0.000000000000000000e+00
4.500000000000000000e+03 1.800021770696447199e-02 2.162039144287664864e-03 9.978379608557123026e-01 0.000000000000000000e+00 0.000000000000000000e+00 0.000000000000000000e+00
4.750000000000000000e+03 1.900022980179594256e-02 1.479289940828402332e-03 9.985207100591716456e-01 0.000000000000000000e+00 0.000000000000000000e+00 0.000000000000000000e+00
5.000000000000000000e+03 2.000024189662719110e-02 2.275830678197541916e-03 9.977241693218024121e-01 0.000000000000000000e+00 0.000000000000000000e+00 0.000000000000000000e+00
5.250000000000000000e+03 2.100025399145866167e-02 1.934456076467910759e-03 9.980655439235320836e-01 0.000000000000000000e+00 0.000000000000000000e+00 0.000000000000000000e+00
5.500000000000000000e+03 2.200026608628991021e-02 7.965407373691396923e-04 9.992034592626308775e-01 0.000000000000000000e+00 0.000000000000000000e+00 0.000000000000000000e+00
5.750000000000000000e+03 2.300027818112138078e-02 1.820664542558033706e-03 9.981793354574419741e-01 0.000000000000000000e+00 0.000000000000000000e+00 0.000000000000000000e+00
6.000000000000000000e+03 2.400029027595262932e-02 3.299954483386436255e-03 9.967000455166135087e-01 0.000000000000000000e+00 0.000000000000000000e+00 0.000000000000000000e+00
6.250000000000000000e+03 2.500030237078409989e-02 3.072371415566681717e-03 9.968138370505233992e-01 0.000000000000000000e+00 1.137915339098771066e-04 0.000000000000000000e+00
6.500000000000000000e+03 2.600031446561534842e-02 3.868912152935821518e-03 9.961310878470641672e-01 0.000000000000000000e+00 0.000000000000000000e+00 0.000000000000000000e+00
6.750000000000000000e+03 2.700032656044681900e-02 2.503413746017296455e-03 9.974965862539827421e-01 0.000000000000000000e+00 0.000000000000000000e+00 0.000000000000000000e+00
7.000000000000000000e+03 2.800033865527806753e-02 4.096495220755575623e-03 9.959035047792443862e-01 0.000000000000000000e+00 0.000000000000000000e+00 0.000000000000000000e+00
7.250000000000000000e+03 2.900035075010953811e-02 4.210286754665453109e-03 9.957897132453344957e-01 0.000000000000000000e+00 0.000000000000000000e+00 0.000000000000000000e+00
7.500000000000000000e+03 3.000036284494078664e-02 5.006827492034592909e-03 9.949931725079653733e-01 0.000000000000000000e+00 0.000000000000000000e+00 0.000000000000000000e+00
7.750000000000000000e+03 3.100037493977225722e-02 2.730996813837050560e-03 9.971552116522530707e-01 0.000000000000000000e+00 1.137915339098771066e-04 0.000000000000000000e+00
8.000000000000000000e+03 3.200038703460350575e-02 4.210286754665453109e-03 9.956759217114247162e-01 0.000000000000000000e+00 1.137915339098771066e-04 0.000000000000000000e+00
8.250000000000000000e+03 3.300039912943497633e-02 5.234410559854347014e-03 9.947655894401457033e-01 0.000000000000000000e+00 0.000000000000000000e+00 0.000000000000000000e+00
8.500000000000000000e+03 3.400041122426622486e-02 5.006827492034592909e-03 9.948793809740554828e-01 0.000000000000000000e+00 1.137915339098771066e-04 0.000000000000000000e+00
8.750000000000000000e+03 3.500042331909769544e-02 2.958579881656804664e-03 9.969276285844332897e-01 0.000000000000000000e+00 1.137915339098771066e-04 0.000000000000000000e+00
9.000000000000000000e+03 3.600043541392894397e-02 5.120619025944469528e-03 9.948793809740554828e-01 0.000000000000000000e+00 0.000000000000000000e+00 0.000000000000000000e+00
9.250000000000000000e+03 3.700044750876041455e-02 6.258534365043240920e-03 9.936276741010469093e-01 0.000000000000000000e+00 1.137915339098771066e-04 0.000000000000000000e+00
9.500000000000000000e+03 3.800045960359166308e-02 5.575785161583977738e-03 9.943104233045061413e-01 0.000000000000000000e+00 1.137915339098771066e-04 0.000000000000000000e+00
9.750000000000000000e+03 3.900047169842313366e-02 1.251706873008648184e-02 9.870277651342740377e-01 0.000000000000000000e+00 4.551661356395084266e-04 0.000000000000000000e+00
1.000000000000000000e+04 4.000048379325438219e-02 7.851615839781519654e-03 9.921483841602184439e-01 0.000000000000000000e+00 0.000000000000000000e+00 0.000000000000000000e+00
1.025000000000000000e+04 4.100049588808585277e-02 4.893035958124715423e-03 9.949931725079653733e-01 0.000000000000000000e+00 1.137915339098771066e-04 0.000000000000000000e+00
1.050000000000000000e+04 4.200050798291710130e-02 1.149294492489758707e-02 9.882794720072826111e-01 0.000000000000000000e+00 2.275830678197542133e-04 0.000000000000000000e+00
1.075000000000000000e+04 4.300052007774857188e-02 1.012744651797906244e-02 9.898725534820209671e-01 0.000000000000000000e+00 0.000000000000000000e+00 0.000000000000000000e+00
1.100000000000000000e+04 4.400053217257982041e-02 9.672280382339554228e-03 9.896449704142011861e-01 0.000000000000000000e+00 6.827492034592626399e-04 0.000000000000000000e+00
1.125000000000000000e+04 4.500054426741129099e-02 1.001365498406918582e-02 9.891898042785616241e-01 0.000000000000000000e+00 7.965407373691396923e-04 0.000000000000000000e+00
1.150000000000000000e+04 4.600055636224253952e-02 1.206190259444697363e-02 9.875967228038233792e-01 0.000000000000000000e+00 3.413746017296313199e-04 0.000000000000000000e+00
1.175000000000000000e+04 4.700056845707401010e-02 1.035502958579881741e-02 9.894173873463814051e-01 0.000000000000000000e+00 2.275830678197542133e-04 0.000000000000000000e+00
1.200000000000000000e+04 4.800058055190525863e-02 1.217569412835685025e-02 9.877105143377332697e-01 0.000000000000000000e+00 1.137915339098771066e-04 0.000000000000000000e+00
1.225000000000000000e+04 4.900059264673672921e-02 1.172052799271734204e-02 9.878243058716431602e-01 0.000000000000000000e+00 4.551661356395084266e-04 0.000000000000000000e+00
1.250000000000000000e+04 5.000060474156797774e-02 1.763768775603095224e-02 9.821347291761493015e-01 0.000000000000000000e+00 2.275830678197542133e-04 0.000000000000000000e+00
1.275000000000000000e+04 5.100061683639944832e-02 1.445152480655439303e-02 9.849795175238962308e-01 0.000000000000000000e+00 5.689576695493854790e-04 0.000000000000000000e+00
1.300000000000000000e+04 5.200062893123069685e-02 1.263086026399635846e-02 9.870277651342740377e-01 0.000000000000000000e+00 3.413746017296313199e-04 0.000000000000000000e+00
1.325000000000000000e+04 5.300064102606216743e-02 2.162039144287665124e-02 9.770141101502047842e-01 0.000000000000000000e+00 1.365498406918525280e-03 0.000000000000000000e+00
1.350000000000000000e+04 5.400065312089363800e-02 2.571688666363222686e-02 9.729176149294492815e-01 0.000000000000000000e+00 1.365498406918525280e-03 0.000000000000000000e+00
1.375000000000000000e+04 5.500066521572488654e-02 1.923076923076923184e-02 9.800864815657714946e-01 0.000000000000000000e+00 6.827492034592626399e-04 0.000000000000000000e+00
1.400000000000000000e+04 5.600067731055635711e-02 1.752389622212107562e-02 9.815657715065999600e-01 0.000000000000000000e+00 9.103322712790168532e-04 0.000000000000000000e+00
1.425000000000000000e+04 5.700068940538760565e-02 2.162039144287665124e-02 9.771279016841146747e-01 0.000000000000000000e+00 1.251706873008648227e-03 0.000000000000000000e+00
1.450000000000000000e+04 5.800070150021907622e-02 2.753755120619025970e-02 9.710969503868912556e-01 0.000000000000000000e+00 1.365498406918525280e-03 0.000000000000000000e+00
1.475000000000000000e+04 5.900071359505032476e-02 2.116522530723714129e-02 9.775830678197542367e-01 0.000000000000000000e+00 1.251706873008648227e-03 0.000000000000000000e+00
1.500000000000000000e+04 6.000072568988179533e-02 2.469276285844333035e-02 9.743969048702776359e-01 0.000000000000000000e+00 9.103322712790168532e-04 0.000000000000000000e+00
1.525000000000000000e+04 6.100073778471304387e-02 2.480655439235321044e-02 9.736003641329085134e-01 0.000000000000000000e+00 1.593081474738279385e-03 0.000000000000000000e+00
1.550000000000000000e+04 6.200074987954451444e-02 3.834774692762858705e-02 9.600591715976330986e-01 0.000000000000000000e+00 1.593081474738279385e-03 0.000000000000000000e+00
1.575000000000000000e+04 6.300076197437576297e-02 2.822030040964952288e-02 9.698452435138825711e-01 0.000000000000000000e+00 1.934456076467910759e-03 0.000000000000000000e+00
1.600000000000000000e+04 6.400077406920723355e-02 4.380974055530268557e-02 9.522075557578516536e-01 0.000000000000000000e+00 3.982703686845699004e-03 0.000000000000000000e+00
1.625000000000000000e+04 6.500078616403848208e-02 3.573054164770141095e-02 9.624487938097405770e-01 0.000000000000000000e+00 1.820664542558033706e-03 0.000000000000000000e+00
1.650000000000000000e+04 6.600079825886995266e-02 4.335457441966317910e-02 9.551661356395084734e-01 0.000000000000000000e+00 1.479289940828402332e-03 0.000000000000000000e+00
1.675000000000000000e+04 6.700081035370120119e-02 4.710969503868912139e-02 9.487938097405552718e-01 0.000000000000000000e+00 4.096495220755575623e-03 0.000000000000000000e+00
1.700000000000000000e+04 6.800082244853267177e-02 4.927173418297678409e-02 9.476558944014564778e-01 0.000000000000000000e+00 3.072371415566681717e-03 0.000000000000000000e+00
1.725000000000000000e+04 6.900083454336392030e-02 5.177514792899408358e-02 9.444697314519799880e-01 0.000000000000000000e+00 3.755120619025944465e-03 0.000000000000000000e+00
1.750000000000000000e+04 7.000084663819539088e-02 6.201638598088302090e-02 9.327492034592625991e-01 0.000000000000000000e+00 5.234410559854347014e-03 0.000000000000000000e+00
1.775000000000000000e+04 7.100085873302663941e-02 5.405097860719162289e-02 9.416249431042330587e-01 0.000000000000000000e+00 4.324078288575329727e-03 0.000000000000000000e+00
1.800000000000000000e+04 7.200087082785810999e-02 6.861629494765589254e-02 9.246700045516613731e-01 0.000000000000000000e+00 6.713700500682749130e-03 0.000000000000000000e+00
1.825000000000000000e+04 7.300088292268935852e-02 7.419208010923987462e-02 9.190942193900774049e-01 0.000000000000000000e+00 6.713700500682749130e-03 0.000000000000000000e+00
1.850000000000000000e+04 7.400089501752082910e-02 7.942649066909421296e-02 9.132908511606736557e-01 0.000000000000000000e+00 7.282658170232134826e-03 0.000000000000000000e+00
1.875000000000000000e+04 7.500090711235207763e-02 9.035047792444242387e-02 9.014565316340463763e-01 0.000000000000000000e+00 8.192990441511151245e-03 0.000000000000000000e+00
1.900000000000000000e+04 7.600091920718354821e-02 8.192990441511151245e-02 9.107874374146563978e-01 0.000000000000000000e+00 7.282658170232134826e-03 0.000000000000000000e+00
1.925000000000000000e+04 7.700093130201479674e-02 9.114701866181156020e-02 9.025944469731451703e-01 0.000000000000000000e+00 6.258534365043240920e-03 0.000000000000000000e+00
1.950000000000000000e+04 7.800094339684626732e-02 9.774692762858443185e-02 8.893946290395994270e-01 0.000000000000000000e+00 1.285844333181611343e-02 0.000000000000000000e+00
1.975000000000000000e+04 7.900095549167751585e-02 1.008192990441511144e-01 8.880291306326809631e-01 0.000000000000000000e+00 1.115157032316795548e-02 0.000000000000000000e+00
2.000000000000000000e+04 8.000096758650898643e-02 1.269913518434228616e-01 8.538916704597178109e-01 0.000000000000000000e+00 1.911697769685935522e-02 0.000000000000000000e+00
2.025000000000000000e+04 8.100097968134023496e-02 1.231224396904870289e-01 8.566226672735548497e-01 0.000000000000000000e+00 2.025489303595812488e-02 0.000000000000000000e+00
2.050000000000000000e+04 8.200099177617170554e-02 1.151570323167956239e-01 8.660673645880746507e-01 0.000000000000000000e+00 1.877560309512972189e-02 0.000000000000000000e+00
2.075000000000000000e+04 8.300100387100295407e-02 1.436049157942649035e-01 8.335229858898497435e-01 0.000000000000000000e+00 2.287209831588529751e-02 0.000000000000000000e+00
2.100000000000000000e+04 8.400101596583442465e-02 1.647701411015020379e-01 7.891442876649977789e-01 2.275830678197542133e-04 4.585798816568047165e-02 0.000000000000000000e+00
2.125000000000000000e+04 8.500102806066567318e-02 2.111970869367319203e-01 7.215521165225307065e-01 2.275830678197542133e-04 6.702321347291761988e-02 0.000000000000000000e+00
2.150000000000000000e+04 8.600104015549714376e-02 1.952662721893491105e-01 6.747837960855712636e-01 4.346836595357305572e-02 8.648156577150660496e-02 0.000000000000000000e+00
2.175000000000000000e+04 8.700105225032839229e-02 1.408739189804278646e-01 7.216659080564405970e-01 1.094674556213017791e-01 2.799271734182976618e-02 0.000000000000000000e+00
2.200000000000000000e+04 8.800106434515986287e-02 1.796768320436959443e-01 6.560081929904415521e-01 1.129949931725079681e-01 5.131998179335457710e-02 0.000000000000000000e+00
2.225000000000000000e+04 8.900107643999111140e-02 1.861629494765589532e-01 6.018434228493400040e-01 1.288120163859808875e-01 8.318161128812016913e-02 0.000000000000000000e+00
2.250000000000000000e+04 9.000108853482258198e-02 1.880974055530268418e-01 5.820436959490213891e-01 1.412152935821574806e-01 8.864360491579426071e-02 0.000000000000000000e+00
2.275000000000000000e+04 9.100110062965383051e-02 1.812699135184342170e-01 5.930814747382794350e-01 1.583978152025489194e-01 6.725079654073737312e-02 0.000000000000000000e+00
2.300000000000000000e+04 9.200111272448530109e-02 1.770596267637687682e-01 5.881884387801548097e-01 1.656804733727810786e-01 6.907146108329539902e-02 0.000000000000000000e+00
2.325000000000000000e+04 9.300112481931654962e-02 1.604460628129267263e-01 5.955848884842968038e-01 1.719390077378243065e-01 7.203004096495220498e-02 0.000000000000000000e+00
2.350000000000000000e+04 9.400113691414802020e-02 1.819526627218935044e-01 5.755575785161584079e-01 1.738734638142922229e-01 6.861629494765589254e-02 0.000000000000000000e+00
2.375000000000000000e+04 9.500114900897926873e-02 1.784251251706872876e-01 5.798816568047336917e-01 1.792216659080564378e-01 6.247155211652252738e-02 0.000000000000000000e+00
2.400000000000000000e+04 9.600116110381073931e-02 1.934456076467910846e-01 5.616750113791534327e-01 1.784251251706872876e-01 6.645425580336822291e-02 0.000000000000000000e+00
2.425000000000000000e+04 9.700117319864198784e-02 1.879836140191169791e-01 5.654301319981793750e-01 1.853664087391898030e-01 6.121984524351388457e-02 0.000000000000000000e+00
2.450000000000000000e+04 9.800118529347345842e-02 1.832043695949021334e-01 5.688438780154756458e-01 1.873008648156577194e-01 6.065088757396449454e-02 0.000000000000000000e+00
2.475000000000000000e+04 9.900119738830470695e-02 1.867319071461083224e-01 5.678197542102867423e-01 1.932180245789713313e-01 5.223031406463359005e-02 0.000000000000000000e+00
2.500000000000000000e+04 1.000012094831361775e-01 1.873008648156577194e-01 5.598543468365954068e-01 1.915111515703231682e-01 6.133363677742376119e-02 0.000000000000000000e+00
2.525000000000000000e+04 1.010012215779674261e-01 1.968593536640873831e-01 5.397132453345471204e-01 1.880974055530268418e-01 7.532999544833864081e-02 0.000000000000000000e+00
2.550000000000000000e+04 1.020012336727988966e-01 1.989076012744651900e-01 5.389167045971779979e-01 1.958352298588985074e-01 6.634046426945834629e-02 0.000000000000000000e+00
2.575000000000000000e+04 1.030012457676301452e-01 2.018661811561219821e-01 5.424442421483841592e-01 1.982248520710059303e-01 5.746472462448793533e-02 0.000000000000000000e+00
2.600000000000000000e+04 1.040012578624616157e-01 1.957214383249886169e-01 5.724852071005916976e-01 1.846836595357305433e-01 4.710969503868912139e-02 0.000000000000000000e+00
2.625000000000000000e+04 1.050012699572930863e-01 1.606736458807464796e-01 6.349567592171142527e-01 1.780837505689576716e-01 2.628584433318160996e-02 0.000000000000000000e+00
2.650000000000000000e+04 1.060012820521243349e-01 1.408739189804278646e-01 6.546426945835229771e-01 1.769458352298589054e-01 2.753755120619025970e-02 0.000000000000000000e+00
2.675000000000000000e+04 1.070012941469558054e-01 1.173190714610832935e-01 6.671597633136094885e-01 1.870732817478379661e-01 2.844788347746927612e-02 0.000000000000000000e+00
2.700000000000000000e+04 1.080013062417870540e-01 1.018434228493400040e-01 6.675011379153390489e-01 1.953800637232590010e-01 3.527537551206190447e-02 0.000000000000000000e+00
2.725000000000000000e+04 1.090013183366185245e-01 9.649522075557578904e-02 6.736458807464724696e-01 1.944697314519799602e-01 3.538916704597178109e-02 0.000000000000000000e+00
2.750000000000000000e+04 1.100013304314497731e-01 9.717796995903504875e-02 6.722803823395538947e-01 1.981110605370960398e-01 3.243058716431497512e-02 0.000000000000000000e+00
2.775000000000000000e+04 1.110013425262812437e-01 1.019572143832498806e-01 6.715976331360946627e-01 2.002730996813837094e-01 2.617205279927173334e-02 0.000000000000000000e+00
2.800000000000000000e+04 1.120013546211124922e-01 1.041192535275375503e-01 6.692080109239872954e-01 2.003868912152935722e-01 2.628584433318160996e-02 0.000000000000000000e+00
2.825000000000000000e+04 1.130013667159439628e-01 1.003641329085116080e-01 6.696631770596267463e-01 2.020937642239417353e-01 2.787892580791988956e-02 0.000000000000000000e+00
2.850000000000000000e+04 1.140013788107752113e-01 1.018434228493400040e-01 6.711424670004552118e-01 2.018661811561219821e-01 2.514792899408284030e-02 0.000000000000000000e+00
2.875000000000000000e+04 1.150013909056066819e-01 1.076467910787437393e-01 6.654528903049613531e-01 1.977696859353663961e-01 2.913063268092853930e-02 0.000000000000000000e+00
2.900000000000000000e+04 1.160014030004379304e-01 1.002503413746017313e-01 6.721665908056441152e-01 1.997041420118343125e-01 2.787892580791988956e-02 0.000000000000000000e+00
2.925000000000000000e+04 1.170014150952694010e-01 1.075329995448338627e-01 6.677287209831588299e-01 1.985662266727355463e-01 2.617205279927173334e-02 0.000000000000000000e+00
2.950000000000000000e+04 1.180014271901006495e-01 1.128812016385980915e-01 6.657942649066909135e-01 1.928766499772416876e-01 2.844788347746927612e-02 0.000000000000000000e+00
2.975000000000000000e+04 1.190014392849321201e-01 1.150432407828857473e-01 6.628356850250340937e-01 1.978834774692762866e-01 2.423759672280382388e-02 0.000000000000000000e+00
3.000000000000000000e+04 1.200014513797633686e-01 1.121984524351388318e-01 6.629494765589439842e-01 1.966317705962676299e-01 2.822030040964952288e-02 0.000000000000000000e+00
3.025000000000000000e+04 1.210014634745948392e-01 1.115157032316795582e-01 6.637460172963131066e-01 1.985662266727355463e-01 2.617205279927173334e-02 0.000000000000000000e+00
3.050000000000000000e+04 1.220014755694260877e-01 1.107191624943104219e-01 6.603322712790168358e-01 1.977696859353663961e-01 3.117888029130632538e-02 0.000000000000000000e+00
3.075000000000000000e+04 1.230014876642575583e-01 1.149294492489758707e-01 6.615839781520255203e-01 1.941283568502503443e-01 2.935821574874829254e-02 0.000000000000000000e+00
3.100000000000000000e+04 1.240014997590888068e-01 1.161811561219845274e-01 6.570323167956304555e-01 1.965179790623577671e-01 3.026854802002730896e-02 0.000000000000000000e+00
3.125000000000000000e+04 1.250015118539202774e-01 1.180018206645425533e-01 6.602184797451069453e-01 1.977696859353663961e-01 2.401001365498407064e-02 0.000000000000000000e+00
3.150000000000000000e+04 1.260015239487515259e-01 1.205052344105598527e-01 6.524806554392352798e-01 1.968593536640873831e-01 3.015475648611743234e-02 0.000000000000000000e+00
3.175000000000000000e+04 1.270015360435829965e-01 1.213017751479289891e-01 6.507737824305871444e-01 1.927628584433318248e-01 3.516158397815202785e-02 0.000000000000000000e+00
3.200000000000000000e+04 1.280015481384142451e-01 1.235776058261265353e-01 6.511151570323168158e-01 1.948111060537096040e-01 3.049613108784706567e-02 0.000000000000000000e+00
3.225000000000000000e+04 1.290015602332457156e-01 1.241465634956759184e-01 6.539599453800637452e-01 1.951524806554392477e-01 2.674101046882111990e-02 0.000000000000000000e+00
3.250000000000000000e+04 1.300015723280769642e-01 1.241465634956759184e-01 6.475876194811106545e-01 1.956076467910787542e-01 3.265817023213472836e-02 0.000000000000000000e+00
3.275000000000000000e+04 1.310015844229084347e-01 1.299499317250796537e-01 6.449704142011833952e-01 1.942421483841602070e-01 3.083750568957669552e-02 0.000000000000000000e+00
3.300000000000000000e+04 1.320015965177396833e-01 1.384842967683204418e-01 6.406463359126081114e-01 1.900318616294947582e-01 3.083750568957669552e-02 0.000000000000000000e+00
3.325000000000000000e+04 1.330016086125711539e-01 1.375739644970414288e-01 6.367774237596722786e-01 1.918525261720528119e-01 3.379608557123350149e-02 0.000000000000000000e+00
3.350000000000000000e+04 1.340016207074024024e-01 1.338188438780154865e-01 6.390532544378698665e-01 1.928766499772416876e-01 3.425125170687300796e-02 0.000000000000000000e+00
3.375000000000000000e+04 1.350016328022338730e-01 1.426945835229858905e-01 6.279016841147018191e-01 1.924214838416021811e-01 3.698224852071006069e-02 0.000000000000000000e+00
3.400000000000000000e+04 1.360016448970651215e-01 1.422394173873463841e-01 6.362084660901229372e-01 1.911697769685935244e-01 3.038233955393718558e-02 0.000000000000000000e+00
3.425000000000000000e+04 1.370016569918965921e-01 1.482703686845698587e-01 6.269913518434228061e-01 1.886663632225762388e-01 3.607191624943104080e-02 0.000000000000000000e+00
3.450000000000000000e+04 1.380016690867278406e-01 1.437187073281747940e-01 6.307464724624487484e-01 1.919663177059626746e-01 3.356850250341374825e-02 0.000000000000000000e+00
3.475000000000000000e+04 1.390016811815593112e-01 1.458807464724624359e-01 6.272189349112425871e-01 1.929904415111515781e-01 3.390987710514337811e-02 0.000000000000000000e+00
3.500000000000000000e+04 1.400016932763905597e-01 1.598771051433773294e-01 6.208466090122894965e-01 1.882111970869367323e-01 3.106508875739644876e-02 0.000000000000000000e+00
3.525000000000000000e+04 1.410017053712220303e-01 1.589667728720983164e-01 6.092398725534819981e-01 1.891215293582157453e-01 4.267182521620391245e-02 0.000000000000000000e+00
3.550000000000000000e+04 1.420017174660532788e-01 1.629494765589440120e-01 6.096950386891215601e-01 1.826354119253527641e-01 4.472007282658170546e-02 0.000000000000000000e+00
3.575000000000000000e+04 1.430017295608847494e-01 1.797906235776058348e-01 5.968365953573053773e-01 1.859353664087392000e-01 3.743741465634956717e-02 0.000000000000000000e+00
3.600000000000000000e+04 1.440017416557159979e-01 1.797906235776058348e-01 5.964952207555758168e-01 1.837733272644515303e-01 3.994082840236686666e-02 0.000000000000000000e+00
3.625000000000000000e+04 1.450017537505474685e-01 1.801319981793354508e-01 5.835229858898497435e-01 1.787664997724169313e-01 5.757851615839781195e-02 0.000000000000000000e+00
3.650000000000000000e+04 1.460017658453787170e-01 1.964041875284478766e-01 5.763541192535275304e-01 1.800182066454255880e-01 4.722348657259899801e-02 0.000000000000000000e+00
3.675000000000000000e+04 1.470017779402101876e-01 2.065316340464269373e-01 5.593991807009558448e-01 1.834319526627218866e-01 5.063723258989531045e-02 0.000000000000000000e+00
3.700000000000000000e+04 1.480017900350414362e-01 2.089212562585343602e-01 5.487027765134273594e-01 1.851388256713700498e-01 5.723714155666818210e-02 0.000000000000000000e+00
3.725000000000000000e+04 1.490018021298729067e-01 2.190487027765134209e-01 5.352753755120619461e-01 1.778561675011379184e-01 6.781975421028675621e-02 0.000000000000000000e+00
3.750000000000000000e+04 1.500018142247041553e-01 2.455621301775147980e-01 5.050068274920346267e-01 1.762630860263996457e-01 7.316795630405098505e-02 0.000000000000000000e+00
3.775000000000000000e+04 1.510018263195356258e-01 2.090350477924442507e-01 5.230996813837051063e-01 2.012972234865725851e-01 6.656804733727811341e-02 0.000000000000000000e+00
3.800000000000000000e+04 1.520018384143668744e-01 2.038006372325898985e-01 5.159308147473827821e-01 2.123350022758306865e-01 6.793354574419663283e-02 0.000000000000000000e+00
3.825000000000000000e+04 1.530018505091983450e-01 2.082385070550751005e-01 5.081929904415111166e-01 2.250796540737369233e-01 5.848884842967683184e-02 0.000000000000000000e+00
3.850000000000000000e+04 1.540018626040295935e-01 2.121074192080109333e-01 5.163859808830223441e-01 2.099453800637232637e-01 6.156121984524351443e-02 0.000000000000000000e+00
3.875000000000000000e+04 1.550018746988610641e-01 1.895766954938552518e-01 5.714610832954027941e-01 2.038006372325898985e-01 3.516158397815202785e-02 0.000000000000000000e+00
3.900000000000000000e+04 1.560018867936923126e-01 1.733045061447428259e-01 6.095812471552116696e-01 1.960628129267182607e-01 2.105143377332726468e-02 0.000000000000000000e+00
3.925000000000000000e+04 1.570018988885237832e-01 1.644287664997724219e-01 6.098088302230314506e-01 2.031178880291306388e-01 2.264451524806554428e-02 0.000000000000000000e+00
3.950000000000000000e+04 1.580019109833552537e-01 1.705735093309057870e-01 6.082157487482930946e-01 1.999317250796540657e-01 2.127901684114701791e-02 0.000000000000000000e+00
3.975000000000000000e+04 1.590019230781865023e-01 1.622667273554847522e-01 6.151570323167956378e-01 1.998179335457442030e-01 2.275830678197542090e-02 0.000000000000000000e+00
4.000000000000000000e+04 1.600019351730179729e-01 1.742148384160218388e-01 6.079881656804734247e-01 1.990213928083750528e-01 1.877560309512972189e-02 0.000000000000000000e+00
4.025000000000000000e+04 1.610019472678492214e-01 1.637460172963131622e-01 6.127674101046881594e-01 2.047109695038689114e-01 1.877560309512972189e-02 0.000000000000000000e+00
4.050000000000000000e+04 1.620019593626806920e-01 1.614701866181156020e-01 6.154984069185253093e-01 2.001593081474738189e-01 2.287209831588529751e-02 0.000000000000000000e+00
4.075000000000000000e+04 1.630019714575119405e-01 1.668183887118798447e-01 6.082157487482930946e-01 2.086936731907146070e-01 1.627218934911242587e-02 0.000000000000000000e+00
4.100000000000000000e+04 1.640019835523434111e-01 1.637460172963131622e-01 6.041192535275375919e-01 2.106281292671825234e-01 2.150659990896677115e-02 0.000000000000000000e+00
4.125000000000000000e+04 1.650019956471746596e-01 1.687528447883477334e-01 5.978607191624942807e-01 2.080109239872553473e-01 2.537551206190259354e-02 0.000000000000000000e+00
4.150000000000000000e+04 1.660020077420061302e-01 1.743286299499317293e-01 5.983158852981338427e-01 2.051661356395084179e-01 2.218934911242603433e-02 0.000000000000000000e+00
4.175000000000000000e+04 1.670020198368373787e-01 1.677287209831588577e-01 6.057123350022758368e-01 2.039144287664997612e-01 2.264451524806554428e-02 0.000000000000000000e+00
4.200000000000000000e+04 1.680020319316688493e-01 1.756941283568502488e-01 5.974055530268548297e-01 2.038006372325898985e-01 2.309968138370505075e-02 0.000000000000000000e+00
4.225000000000000000e+04 1.690020440265000978e-01 1.684114701866181174e-01 6.030951297223486884e-01 2.058488848429676776e-01 2.264451524806554428e-02 0.000000000000000000e+00
4.250000000000000000e+04 1.700020561213315684e-01 1.668183887118798447e-01 6.030951297223486884e-01 2.086936731907146070e-01 2.139280837505689453e-02 0.000000000000000000e+00
4.275000000000000000e+04 1.710020682161628169e-01 1.718252162039144160e-01 5.976331360946746107e-01 2.063040509786071841e-01 2.423759672280382388e-02 0.000000000000000000e+00
4.300000000000000000e+04 1.720020803109942875e-01 1.639736003641329154e-01 6.100364132908511205e-01 2.096040054619936199e-01 1.638598088302230249e-02 0.000000000000000000e+00
4.325000000000000000e+04 1.730020924058255360e-01 1.578288575329995502e-01 6.150432407828857473e-01 2.108557123350022766e-01 1.627218934911242587e-02 0.000000000000000000e+00
4.350000000000000000e+04 1.740021045006570066e-01 1.614701866181156020e-01 6.057123350022758368e-01 2.121074192080109333e-01 2.071005917159763482e-02 0.000000000000000000e+00
4.375000000000000000e+04 1.750021165954882552e-01 1.634046426945835184e-01 6.070778334091943007e-01 2.099453800637232637e-01 1.957214383249886169e-02 0.000000000000000000e+00
4.400000000000000000e+04 1.760021286903197257e-01 1.670459717796995980e-01 6.255120619025944517e-01 1.941283568502503443e-01 1.331360946745562164e-02 0.000000000000000000e+00
4.425000000000000000e+04 1.770021407851509743e-01 1.612426035502958488e-01 6.233500227583067543e-01 2.017523896222121194e-01 1.365498406918525323e-02 0.000000000000000000e+00
4.450000000000000000e+04 1.780021528799824448e-01 1.670459717796995980e-01 6.178880291306326766e-01 1.984524351388256835e-01 1.661356395084205573e-02 0.000000000000000000e+00
4.475000000000000000e+04 1.790021649748136934e-01 1.548702776513427304e-01 6.249431042330451103e-01 2.038006372325898985e-01 1.638598088302230249e-02 0.000000000000000000e+00
4.500000000000000000e+04 1.800021770696451640e-01 1.603322712790168358e-01 6.249431042330451103e-01 1.994765589440145592e-01 1.524806554392353283e-02 0.000000000000000000e+00
4.525000000000000000e+04 1.810021891644764125e-01 1.520254893035958010e-01 6.279016841147018191e-01 2.069868001820664438e-01 1.308602639963586667e-02 0.000000000000000000e+00
4.550000000000000000e+04 1.820022012593078831e-01 1.553254437869822369e-01 6.308602639963586389e-01 2.017523896222121194e-01 1.206190259444697363e-02 0.000000000000000000e+00
4.575000000000000000e+04 1.830022133541391316e-01 1.540737369139736079e-01 6.267637687756031362e-01 2.052799271734183084e-01 1.388256713700500647e-02 0.000000000000000000e+00
4.600000000000000000e+04 1.840022254489706022e-01 1.639736003641329154e-01 6.216431497496586189e-01 1.985662266727355463e-01 1.581702321347291593e-02 0.000000000000000000e+00
4.625000000000000000e+04 1.850022375438018507e-01 1.653390987710514348e-01 6.227810650887574129e-01 1.962903959945380139e-01 1.558944014565316269e-02 0.000000000000000000e+00
4.650000000000000000e+04 1.860022496386333213e-01 1.599908966772872199e-01 6.250568957669548897e-01 1.976558944014565333e-01 1.729631315430131891e-02 0.000000000000000000e+00
4.675000000000000000e+04 1.870022617334645698e-01 1.562357760582612776e-01 6.351843422849340337e-01 1.943559399180700975e-01 1.422394173873463806e-02 0.000000000000000000e+00
4.700000000000000000e+04 1.880022738282960404e-01 1.548702776513427304e-01 6.413290851160673434e-01 1.912835685025034149e-01 1.251706873008648184e-02 0.000000000000000000e+00
4.725000000000000000e+04 1.890022859231272889e-01 1.478152025489303523e-01 6.506599908966772539e-01 1.874146563495675821e-01 1.411015020482476144e-02 0.000000000000000000e+00
4.750000000000000000e+04 1.900022980179587595e-01 1.450842057350933134e-01 6.563495675921711126e-01 1.896904870277651423e-01 8.875739644970414427e-03 0.000000000000000000e+00
4.775000000000000000e+04 1.910023101127900080e-01 1.378015475648611821e-01 6.581702321347291385e-01 1.895766954938552518e-01 1.445152480655439303e-02 0.000000000000000000e+00
4.800000000000000000e+04 1.920023222076214786e-01 1.370050068274920319e-01 6.596495220755576039e-01 1.929904415111515781e-01 1.035502958579881741e-02 0.000000000000000000e+00
4.825000000000000000e+04 1.930023343024527271e-01 1.396222121074192080e-01 6.601046882111970548e-01 1.921939007737824279e-01 8.079198907601274626e-03 0.000000000000000000e+00
4.850000000000000000e+04 1.940023463972841977e-01 1.399635867091488517e-01 6.535047792444241832e-01 1.961766044606281234e-01 1.035502958579881741e-02 0.000000000000000000e+00
4.875000000000000000e+04 1.950023584921154463e-01 1.446290395994538069e-01 6.484979517523896675e-01 1.973145197997268896e-01 9.558488848429677609e-03 0.000000000000000000e+00
4.900000000000000000e+04 1.960023705869469168e-01 1.442876649977241632e-01 6.516841147018661573e-01 1.951524806554392477e-01 8.875739644970414427e-03 0.000000000000000000e+00
4.925000000000000000e+04 1.970023826817781654e-01 1.412152935821574806e-01 6.548702776513427581e-01 1.941283568502503443e-01 9.786071916249430847e-03 0.000000000000000000e+00
4.950000000000000000e+04 1.980023947766096359e-01 1.522530723714155543e-01 6.398497951752389890e-01 1.966317705962676299e-01 1.126536185707783383e-02 0.000000000000000000e+00
4.975000000000000000e+04 1.990024068714408845e-01 1.529358215748748417e-01 6.451979972690031762e-01 1.920801092398725651e-01 9.786071916249430847e-03 0.000000000000000000e+00
5.000000000000000000e+04 2.000024189662723550e-01 1.466772872098315861e-01 6.454255803368229572e-01 1.969731451979972736e-01 1.092398725534820224e-02 0.000000000000000000e+00
5.025000000000000000e+04 2.010024310611036036e-01 1.581702321347291662e-01 6.364360491579426071e-01 1.932180245789713313e-01 1.217569412835685025e-02 0.000000000000000000e+00
5.050000000000000000e+04 2.020024431559350742e-01 1.569185252617205373e-01 6.380291306326809631e-01 1.959490213928083702e-01 9.103322712790167665e-03 0.000000000000000000e+00
5.075000000000000000e+04 2.030024552507663227e-01 1.582840236686390567e-01 6.383705052344105235e-01 1.950386891215293572e-01 8.306781975421027864e-03 0.000000000000000000e+00
5.100000000000000000e+04 2.040024673455977933e-01 1.750113791533909890e-01 6.173190714610833352e-01 1.945835229858898507e-01 1.308602639963586667e-02 0.000000000000000000e+00
5.125000000000000000e+04 2.050024794404290418e-01 1.612426035502958488e-01 6.333636777423760078e-01 1.949248975876194945e-01 1.046882111970869403e-02 0.000000000000000000e+00
5.150000000000000000e+04 2.060024915352605124e-01 1.621529358215748617e-01 6.325671370050067743e-01 1.929904415111515781e-01 1.228948566226672687e-02 0.000000000000000000e+00
5.175000000000000000e+04 2.070025036300917609e-01 1.664770141101502010e-01 6.292671825216203940e-01 1.933318161128811941e-01 1.092398725534820224e-02 0.000000000000000000e+00
5.200000000000000000e+04 2.080025157249232315e-01 1.763768775603095085e-01 6.167501137915338827e-01 1.921939007737824279e-01 1.467910787437414627e-02 0.000000000000000000e+00
5.225000000000000000e+04 2.090025278197544800e-01 1.720527992717341692e-01 6.167501137915338827e-01 2.006144742831133254e-01 1.058261265361857065e-02 0.000000000000000000e+00
5.250000000000000000e+04 2.100025399145859506e-01 1.710286754665452935e-01 6.129949931725079404e-01 2.061902594446973214e-01 9.786071916249430847e-03 0.000000000000000000e+00
5.275000000000000000e+04 2.110025520094174212e-01 1.712562585343650468e-01 6.136777423759672834e-01 2.075557578516158408e-01 7.510241238051888930e-03 0.000000000000000000e+00
5.300000000000000000e+04 2.120025641042486697e-01 1.708010923987255403e-01 6.096950386891215601e-01 2.075557578516158408e-01 1.194811106053709528e-02 0.000000000000000000e+00
5.325000000000000000e+04 2.130025761990801403e-01 1.604460628129267263e-01 6.284706417842512716e-01 2.039144287664997612e-01 7.168866636322257339e-03 0.000000000000000000e+00
5.350000000000000000e+04 2.140025882939113888e-01 1.613563950842057393e-01 6.256258534365043422e-01 2.032316795630405015e-01 9.786071916249430847e-03 0.000000000000000000e+00
5.375000000000000000e+04 2.150026003887428594e-01 1.537323623122439642e-01 6.379153390987710726e-01 1.993627674101046965e-01 8.989531178880291046e-03 0.000000000000000000e+00
5.400000000000000000e+04 2.160026124835741079e-01 1.508875739644970349e-01 6.684114701866180619e-01 1.737596722803823324e-01 6.941283568502503235e-03 0.000000000000000000e+00
5.425000000000000000e+04 2.170026245784055785e-01 1.382567137005006885e-01 6.928766499772417431e-01 1.606736458807464796e-01 8.192990441511151245e-03 0.000000000000000000e+00
5.450000000000000000e+04 2.180026366732368270e-01 1.325671370050068298e-01 6.997041420118342847e-01 1.595357305416477134e-01 8.192990441511151245e-03 0.000000000000000000e+00
5.475000000000000000e+04 2.190026487680682976e-01 1.040054619936276736e-01 7.321347291761493015e-01 1.605598543468365891e-01 3.299954483386436255e-03 0.000000000000000000e+00
5.500000000000000000e+04 2.200026608628995461e-01 8.864360491579426071e-02 7.472690031861629611e-01 1.610150204824760956e-01 3.072371415566681717e-03 0.000000000000000000e+00
5.525000000000000000e+04 2.210026729577310167e-01 9.012289485662267063e-02 7.460172963131542767e-01 1.588529813381884259e-01 5.006827492034592909e-03 0.000000000000000000e+00
5.550000000000000000e+04 2.220026850525622653e-01 8.249886208466089554e-02 7.634274010013655243e-01 1.504324078288575284e-01 3.641329085116067413e-03 0.000000000000000000e+00
5.575000000000000000e+04 2.230026971473937358e-01 6.952662721893490549e-02 7.736686390532544477e-01 1.531634046426945950e-01 3.641329085116067413e-03 0.000000000000000000e+00
5.600000000000000000e+04 2.240027092422249844e-01 7.510241238051888757e-02 7.682066454255803700e-01 1.527082385070550885e-01 3.982703686845699004e-03 0.000000000000000000e+00
5.625000000000000000e+04 2.250027213370564549e-01 8.284023668639053928e-02 7.634274010013655243e-01 1.497496586253982687e-01 3.982703686845699004e-03 0.000000000000000000e+00
5.650000000000000000e+04 2.260027334318877035e-01 7.191624943104232837e-02 7.720755575785162028e-01 1.519116977696859383e-01 4.096495220755575623e-03 0.000000000000000000e+00
5.675000000000000000e+04 2.270027455267191741e-01 7.942649066909421296e-02 7.636549840691853053e-01 1.530496131087847045e-01 3.868912152935821518e-03 0.000000000000000000e+00
