# itime ezz other fcc hcp bcc ico
0.000000000000000000e+00 0.000000000000000000e+00 0.000000000000000000e+00 1.000000000000000000e+00 0.000000000000000000e+00 0.000000000000000000e+00 0.000000000000000000e+00
4.000000000000000000e+04 1.000007404793668009e-02 0.000000000000000000e+00 1.000000000000000000e+00 0.000000000000000000e+00 0.000000000000000000e+00 0.000000000000000000e+00
8.000000000000000000e+04 2.000014809587336018e-02 0.000000000000000000e+00 1.000000000000000000e+00 0.000000000000000000e+00 0.000000000000000000e+00 0.000000000000000000e+00
1.200000000000000000e+05 3.000022214380981822e-02 0.000000000000000000e+00 1.000000000000000000e+00 0.000000000000000000e+00 0.000000000000000000e+00 0.000000000000000000e+00
1.600000000000000000e+05 4.000029619174649831e-02 0.000000000000000000e+00 1.000000000000000000e+00 0.000000000000000000e+00 0.000000000000000000e+00 0.000000000000000000e+00
2.000000000000000000e+05 5.000037023968317840e-02 0.000000000000000000e+00 1.000000000000000000e+00 0.000000000000000000e+00 0.000000000000000000e+00 0.000000000000000000e+00
2.400000000000000000e+05 6.000044428761985849e-02 0.000000000000000000e+00 1.000000000000000000e+00 0.000000000000000000e+00 0.000000000000000000e+00 0.000000000000000000e+00
2.800000000000000000e+05 7.000051833555631653e-02 0.000000000000000000e+00 1.000000000000000000e+00 0.000000000000000000e+00 0.000000000000000000e+00 0.000000000000000000e+00
3.200000000000000000e+05 8.000059238349299662e-02 0.000000000000000000e+00 1.000000000000000000e+00 0.000000000000000000e+00 0.000000000000000000e+00 0.000000000000000000e+00
3.600000000000000000e+05 9.000066643142967671e-02 1.479289940828402332e-03 9.985207100591716456e-01 0.000000000000000000e+00 0.000000000000000000e+00 0.000000000000000000e+00
4.000000000000000000e+05 1.000007404793663568e-01 2.162039144287664864e-03 9.978379608557123026e-01 0.000000000000000000e+00 0.000000000000000000e+00 0.000000000000000000e+00
4.400000000000000000e+05 1.100008145273028148e-01 6.895766954938552240e-02 7.172280382339554228e-01 2.127901684114701930e-01 1.024123805188893906e-03 0.000000000000000000e+00
4.800000000000000000e+05 1.200008885752394949e-01 5.928538916704597511e-02 7.611515703231679364e-01 1.792216659080564378e-01 3.413746017296313199e-04 0.000000000000000000e+00
5.200000000000000000e+05 1.300009626231761750e-01 5.382339553937186966e-02 7.885753299954483264e-01 1.573736913973600438e-01 2.275830678197542133e-04 0.000000000000000000e+00
5.600000000000000000e+05 1.400010366711128551e-01 5.553026854802002588e-02 7.939235320892125136e-01 1.504324078288575284e-01 1.137915339098771066e-04 0.000000000000000000e+00
6.000000000000000000e+05 1.500011107190495352e-01 6.053709604005461792e-02 7.914201183431952558e-01 1.477014110150204895e-01 3.413746017296313199e-04 0.000000000000000000e+00
6.400000000000000000e+05 1.600011847669859932e-01 6.019572143832498806e-02 7.998406918525261533e-01 1.393946290395994547e-01 5.689576695493854790e-04 0.000000000000000000e+00
6.800000000000000000e+05 1.700012588149226733e-01 6.292671825216203385e-02 8.004096495220756058e-01 1.362084660901228816e-01 4.551661356395084266e-04 0.000000000000000000e+00
7.200000000000000000e+05 1.800013328628593534e-01 6.338188438780155420e-02 7.019799726900318726e-01 2.329312699135184239e-01 1.706873008648156654e-03 0.000000000000000000e+00
7.600000000000000000e+05 1.900014069107960335e-01 6.907146108329539902e-02 7.001593081474738467e-01 2.247382794720072796e-01 6.030951297223486815e-03 0.000000000000000000e+00
8.000000000000000000e+05 2.000014809587324915e-01 6.975421028675465873e-02 7.125625853436504675e-01 2.139280837505689592e-01 3.755120619025944465e-03 0.000000000000000000e+00
8.400000000000000000e+05 2.100015550066691716e-01 7.407828857532999800e-02 6.892353208921255803e-01 2.352071005917159841e-01 1.479289940828402332e-03 0.000000000000000000e+00
8.800000000000000000e+05 2.200016290546058517e-01 8.534365043240782489e-02 6.985662266727356018e-01 2.119936276741010428e-01 4.096495220755575623e-03 0.000000000000000000e+00
9.200000000000000000e+05 2.300017031025425318e-01 1.060537096040054666e-01 7.117660446062813451e-01 1.789940828402366846e-01 3.186162949476558769e-03 0.000000000000000000e+00
9.600000000000000000e+05 2.400017771504792119e-01 1.063950842057350965e-01 6.879836140191170069e-01 1.964041875284478766e-01 9.217114246700046018e-03 0.000000000000000000e+00
1.000000000000000000e+06 2.500018511984156699e-01 1.084433318161128756e-01 7.624032771961766208e-01 1.215293582157487423e-01 7.624032771961766417e-03 0.000000000000000000e+00
1.040000000000000000e+06 2.600019252463523500e-01 1.226672735548475224e-01 7.152935821574875064e-01 1.550978607191624836e-01 6.941283568502503235e-03 0.000000000000000000e+00
1.080000000000000000e+06 2.700019992942890301e-01 1.157259899863450209e-01 6.787664997724169869e-01 1.978834774692762866e-01 7.624032771961766417e-03 0.000000000000000000e+00
1.120000000000000000e+06 2.800020733422257102e-01 1.154984069185252676e-01 6.752389622212107145e-01 1.993627674101046965e-01 9.899863450159307465e-03 0.000000000000000000e+00
1.160000000000000000e+06 2.900021473901621683e-01 1.246017296313154249e-01 6.589667728720982609e-01 2.060764679107874309e-01 1.035502958579881741e-02 0.000000000000000000e+00
1.200000000000000000e+06 3.000022214380988483e-01 1.297223486572599005e-01 6.884387801547564578e-01 1.727355484751934567e-01 9.103322712790167665e-03 0.000000000000000000e+00
1.240000000000000000e+06 3.100022954860355284e-01 1.286982248520709970e-01 6.812699135184342447e-01 1.830905780609922706e-01 6.941283568502503235e-03 0.000000000000000000e+00
1.280000000000000000e+06 3.200023695339722085e-01 1.317705962676376796e-01 6.877560309512972259e-01 1.734182976786527164e-01 7.055075102412380721e-03 0.000000000000000000e+00
1.320000000000000000e+06 3.300024435819086666e-01 1.350705507510241155e-01 6.861629494765589810e-01 1.726217569412835662e-01 6.144742831133363434e-03 0.000000000000000000e+00
1.360000000000000000e+06 3.400025176298453466e-01 1.397360036413290985e-01 6.776285844333181929e-01 1.769458352298589054e-01 5.689576695493855224e-03 0.000000000000000000e+00
1.400000000000000000e+06 3.500025916777820267e-01 1.401911697769686049e-01 6.624943104233045332e-01 1.867319071461083224e-01 1.058261265361857065e-02 0.000000000000000000e+00
1.440000000000000000e+06 3.600026657257187068e-01 1.465634956759217233e-01 6.634046426945835462e-01 1.817250796540737234e-01 8.306781975421027864e-03 0.000000000000000000e+00
1.480000000000000000e+06 3.700027397736553869e-01 1.458807464724624359e-01 6.612426035502958488e-01 1.852526172052799402e-01 7.624032771961766417e-03 0.000000000000000000e+00
1.520000000000000000e+06 3.800028138215918450e-01 1.486117432862995025e-01 6.735320892125625791e-01 1.728493400091033194e-01 5.006827492034592909e-03 0.000000000000000000e+00
1.560000000000000000e+06 3.900028878695283030e-01 1.489531178880291185e-01 6.730769230769231282e-01 1.723941738734638129e-01 5.575785161583977738e-03 0.000000000000000000e+00
1.600000000000000000e+06 4.000029619174649831e-01 1.423532089212562468e-01 6.776285844333181929e-01 1.737596722803823324e-01 6.258534365043240920e-03 0.000000000000000000e+00
1.640000000000000000e+06 4.100030359654016632e-01 1.430359581247155343e-01 6.496358670914883504e-01 2.022075557578516258e-01 5.120619025944469528e-03 0.000000000000000000e+00
1.680000000000000000e+06 4.200031100133383433e-01 1.412152935821574806e-01 6.475876194811106545e-01 2.043695949021392677e-01 6.827492034592626616e-03 0.000000000000000000e+00
1.720000000000000000e+06 4.300031840612748013e-01 1.498634501593081592e-01 6.346153846153845812e-01 2.117660446062812896e-01 3.755120619025944465e-03 0.000000000000000000e+00
1.760000000000000000e+06 4.400032581092114814e-01 1.552116522530723741e-01 6.345015930814746907e-01 2.061902594446973214e-01 4.096495220755575623e-03 0.000000000000000000e+00
1.800000000000000000e+06 4.500033321571481615e-01 1.519116977696859383e-01 6.317705962676376519e-01 2.086936731907146070e-01 7.624032771961766417e-03 0.000000000000000000e+00
1.840000000000000000e+06 4.600034062050848416e-01 1.597633136094674666e-01 6.333636777423760078e-01 2.019799726900318726e-01 4.893035958124715423e-03 0.000000000000000000e+00
1.880000000000000000e+06 4.700034802530215217e-01 1.631770596267637652e-01 6.307464724624487484e-01 1.978834774692762866e-01 8.192990441511151245e-03 0.000000000000000000e+00
1.920000000000000000e+06 4.800035543009579797e-01 1.610150204824760956e-01 6.299499317250796260e-01 2.055075102412380617e-01 3.527537551206190360e-03 0.000000000000000000e+00
1.960000000000000000e+06 4.900036283488946598e-01 1.632908511606736557e-01 6.292671825216203940e-01 2.040282203004096517e-01 3.413746017296313308e-03 0.000000000000000000e+00
2.000000000000000000e+06 5.000037023968313399e-01 1.632908511606736557e-01 6.634046426945835462e-01 1.695493855257168836e-01 3.755120619025944465e-03 0.000000000000000000e+00
2.040000000000000000e+06 5.100037764447680200e-01 1.589667728720983164e-01 6.995903504779243942e-01 1.380291306326809353e-01 3.413746017296313308e-03 0.000000000000000000e+00
2.080000000000000000e+06 5.200038504927044780e-01 1.430359581247155343e-01 7.507965407373691225e-01 1.010468821119708677e-01 5.120619025944469528e-03 0.000000000000000000e+00
2.120000000000000000e+06 5.300039245406411581e-01 1.405325443786982209e-01 7.568274920345926526e-01 9.842967683204369156e-02 4.210286754665453109e-03 0.000000000000000000e+00
2.160000000000000000e+06 5.400039985885778382e-01 1.416704597177969871e-01 7.443104233045061413e-01 1.085571233500227523e-01 5.461993627674101119e-03 0.000000000000000000e+00
2.200000000000000000e+06 5.500040726365145183e-01 1.449704142011834229e-01 7.415794264906691025e-01 1.081019572143832458e-01 5.348202093764223633e-03 0.000000000000000000e+00
2.240000000000000000e+06 5.600041466844509763e-01 1.613563950842057393e-01 7.181383705052344357e-01 1.149294492489758707e-01 5.575785161583977738e-03 0.000000000000000000e+00
2.280000000000000000e+06 5.700042207323876564e-01 1.649977241693217911e-01 7.088074647246245252e-01 1.174328629949931702e-01 8.761948111060537808e-03 0.000000000000000000e+00
2.320000000000000000e+06 5.800042947803243365e-01 1.497496586253982687e-01 7.735548475193445572e-01 6.918525261720527564e-02 7.510241238051888930e-03 0.000000000000000000e+00
2.360000000000000000e+06 5.900043688282610166e-01 1.528220300409649512e-01 7.741238051888938987e-01 6.713700500682749650e-02 5.917159763313609329e-03 0.000000000000000000e+00
2.400000000000000000e+06 6.000044428761976967e-01 1.532771961766044577e-01 7.816340464269457833e-01 5.860263996358670846e-02 6.486117432862995025e-03 0.000000000000000000e+00
2.440000000000000000e+06 6.100045169241341547e-01 1.454255803368229294e-01 7.936959490213928436e-01 5.587164314974965573e-02 5.006827492034592909e-03 0.000000000000000000e+00
2.480000000000000000e+06 6.200045909720708348e-01 1.484979517523896120e-01 7.991579426490669213e-01 4.893035958124715423e-02 3.413746017296313308e-03 0.000000000000000000e+00
2.520000000000000000e+06 6.300046650200075149e-01 1.515703231679562946e-01 7.969959035047792240e-01 4.802002730996814128e-02 3.413746017296313308e-03 0.000000000000000000e+00
2.560000000000000000e+06 6.400047390679441950e-01 1.473600364132908458e-01 7.894856622667273394e-01 6.099226217569413133e-02 2.162039144287664864e-03 0.000000000000000000e+00
2.600000000000000000e+06 6.500048131158806530e-01 1.462221210741920796e-01 8.000682749203459343e-01 5.200273099681383682e-02 1.706873008648156654e-03 0.000000000000000000e+00
2.640000000000000000e+06 6.600048871638173331e-01 1.491807009558488717e-01 8.024578971324533017e-01 4.517523896222121194e-02 3.186162949476558769e-03 0.000000000000000000e+00
2.680000000000000000e+06 6.700049612117540132e-01 1.266499772416932179e-01 8.612881201638598050e-01 1.126536185707783383e-02 7.965407373691396923e-04 0.000000000000000000e+00
2.720000000000000000e+06 6.800050352596906933e-01 1.269913518434228616e-01 8.588984979517524376e-01 1.285844333181611343e-02 1.251706873008648227e-03 0.000000000000000000e+00
2.760000000000000000e+06 6.900051093076273734e-01 1.277878925807919841e-01 8.581019572143832042e-01 1.274465179790623508e-02 1.365498406918525280e-03 0.000000000000000000e+00
2.800000000000000000e+06 7.000051833555638314e-01 1.274465179790623681e-01 8.582157487482930946e-01 1.194811106053709528e-02 2.389622212107419402e-03 0.000000000000000000e+00
2.840000000000000000e+06 7.100052574035005115e-01 1.181156121984524299e-01 8.690259444697314706e-01 1.206190259444697363e-02 7.965407373691396923e-04 0.000000000000000000e+00
2.880000000000000000e+06 7.200053314514371916e-01 1.284706417842512438e-01 8.186162949476558648e-01 4.870277651342740100e-02 4.210286754665453109e-03 0.000000000000000000e+00
2.920000000000000000e+06 7.300054054993738717e-01 1.385980883022303045e-01 7.651342740100136597e-01 9.308147473827947660e-02 3.186162949476558769e-03 0.000000000000000000e+00
2.960000000000000000e+06 7.400054795473103297e-01 1.601046882111970826e-01 5.293582157487483064e-01 3.005234410559854408e-01 1.001365498406918582e-02 0.000000000000000000e+00
3.000000000000000000e+06 7.500055535952470098e-01 1.595357305416477134e-01 4.971552116522530707e-01 3.348884842967683184e-01 8.420573509330906217e-03 0.000000000000000000e+00
3.040000000000000000e+06 7.600056276431836899e-01 1.640873918980427781e-01 4.797451069640418786e-01 3.472917614929449392e-01 8.875739644970414427e-03 0.000000000000000000e+00
3.080000000000000000e+06 7.700057016911203700e-01 1.709148839326354030e-01 4.486800182066454368e-01 3.717569412835685094e-01 8.648156577150659455e-03 0.000000000000000000e+00
3.120000000000000000e+06 7.800057757390568280e-01 1.735320892125625791e-01 6.011606736458807720e-01 2.196176604460628179e-01 5.689576695493855224e-03 0.000000000000000000e+00
3.160000000000000000e+06 7.900058497869935081e-01 1.755803368229403860e-01 5.938780154756485574e-01 2.239417387346381294e-01 6.599908966772872511e-03 0.000000000000000000e+00
3.200000000000000000e+06 8.000059238349301882e-01 1.755803368229403860e-01 5.893263541192534927e-01 2.311106053709603980e-01 3.982703686845699004e-03 0.000000000000000000e+00
3.240000000000000000e+06 8.100059978828668683e-01 1.751251706873008518e-01 5.854574419663176599e-01 2.362312243969048597e-01 3.186162949476558769e-03 0.000000000000000000e+00
3.280000000000000000e+06 8.200060719308035484e-01 1.750113791533909890e-01 5.378925807919890945e-01 2.836822940373236457e-01 3.413746017296313308e-03 0.000000000000000000e+00
3.320000000000000000e+06 8.300061459787400064e-01 1.745562130177514826e-01 5.259444697314519246e-01 2.961993627674101015e-01 3.299954483386436255e-03 0.000000000000000000e+00
3.360000000000000000e+06 8.400062200266766865e-01 1.751251706873008518e-01 5.110377787892580459e-01 3.096267637687756258e-01 4.210286754665453109e-03 0.000000000000000000e+00
3.400000000000000000e+06 8.500062940746133666e-01 1.791078743741465751e-01 4.893035958124715701e-01 3.260127446517979144e-01 5.575785161583977738e-03 0.000000000000000000e+00
3.440000000000000000e+06 8.600063681225500467e-01 1.847974510696404060e-01 4.549385525716886924e-01 3.542330450614474269e-01 6.030951297223486815e-03 0.000000000000000000e+00
3.480000000000000000e+06 8.700064421704865048e-01 1.851388256713700498e-01 5.163859808830223441e-01 2.946062812926718011e-01 3.868912152935821518e-03 0.000000000000000000e+00
3.520000000000000000e+06 8.800065162184231848e-01 1.937869822485207005e-01 5.689576695493855363e-01 2.331588529813381772e-01 4.096495220755575623e-03 0.000000000000000000e+00
3.560000000000000000e+06 8.900065902663598649e-01 1.954938552571688637e-01 5.706645425580336717e-01 2.281520254893036059e-01 5.689576695493855224e-03 0.000000000000000000e+00
3.600000000000000000e+06 9.000066643142965450e-01 1.946973145197997135e-01 6.109467455621301335e-01 1.866181156121984597e-01 7.737824305871643035e-03 0.000000000000000000e+00
3.640000000000000000e+06 9.100067383622330031e-01 1.741010468821119761e-01 7.407828857532999800e-01 8.056440600819299303e-02 4.551661356395083832e-03 0.000000000000000000e+00
3.680000000000000000e+06 9.200068124101696831e-01 1.759217114246700020e-01 7.364588074647245852e-01 8.170232134729175921e-02 5.917159763313609329e-03 0.000000000000000000e+00
3.720000000000000000e+06 9.300068864581063632e-01 1.787664997724169313e-01 7.236003641329085134e-01 9.103322712790168358e-02 6.599908966772872511e-03 0.000000000000000000e+00
3.760000000000000000e+06 9.400069605060430433e-01 1.843422849340008995e-01 7.195038689121528996e-01 8.944014565316341092e-02 6.713700500682749130e-03 0.000000000000000000e+00
3.800000000000000000e+06 9.500070345539797234e-01 1.861629494765589532e-01 7.173418297678653133e-01 8.921256258534364381e-02 7.282658170232134826e-03 0.000000000000000000e+00
3.840000000000000000e+06 9.600071086019161815e-01 1.915111515703231682e-01 7.173418297678653133e-01 8.454710969503868856e-02 6.599908966772872511e-03 0.000000000000000000e+00
3.880000000000000000e+06 9.700071826498528615e-01 1.977696859353663961e-01 7.027765134274009950e-01 9.228493400091032639e-02 7.168866636322257339e-03 0.000000000000000000e+00
3.920000000000000000e+06 9.800072566977895416e-01 1.984524351388256835e-01 6.973145197997269173e-01 9.649522075557578904e-02 7.737824305871643035e-03 0.000000000000000000e+00
3.960000000000000000e+06 9.900073307457262217e-01 2.051661356395084179e-01 6.826354119253527086e-01 1.038916704597177970e-01 8.306781975421027864e-03 0.000000000000000000e+00
4.000000000000000000e+06 1.000007404793662680e+00 2.080109239872553473e-01 6.661356395084205850e-01 1.161811561219845274e-01 9.672280382339554228e-03 0.000000000000000000e+00
