# itime ezz other fcc hcp bcc ico
0.000000000000000000e+00 0.000000000000000000e+00 0.000000000000000000e+00 1.000000000000000000e+00 0.000000000000000000e+00 0.000000000000000000e+00 0.000000000000000000e+00
4.000000000000000000e+03 1.000072256384321179e-03 0.000000000000000000e+00 1.000000000000000000e+00 0.000000000000000000e+00 0.000000000000000000e+00 0.000000000000000000e+00
8.000000000000000000e+03 2.000144512768420313e-03 0.000000000000000000e+00 1.000000000000000000e+00 0.000000000000000000e+00 0.000000000000000000e+00 0.000000000000000000e+00
1.200000000000000000e+04 3.000216769152741492e-03 0.000000000000000000e+00 1.000000000000000000e+00 0.000000000000000000e+00 0.000000000000000000e+00 0.000000000000000000e+00
1.600000000000000000e+04 4.000289025537062670e-03 0.000000000000000000e+00 1.000000000000000000e+00 0.000000000000000000e+00 0.000000000000000000e+00 0.000000000000000000e+00
2.000000000000000000e+04 5.000361281921161805e-03 0.000000000000000000e+00 1.000000000000000000e+00 0.000000000000000000e+00 0.000000000000000000e+00 0.000000000000000000e+00
2.400000000000000000e+04 6.000433538305482983e-03 0.000000000000000000e+00 1.000000000000000000e+00 0.000000000000000000e+00 0.000000000000000000e+00 0.000000000000000000e+00
2.800000000000000000e+04 7.000505794689804162e-03 0.000000000000000000e+00 1.000000000000000000e+00 0.000000000000000000e+00 0.000000000000000000e+00 0.000000000000000000e+00
3.200000000000000000e+04 8.000578051073903296e-03 0.000000000000000000e+00 1.000000000000000000e+00 0.000000000000000000e+00 0.000000000000000000e+00 0.000000000000000000e+00
3.600000000000000000e+04 9.000650307458224475e-03 0.000000000000000000e+00 1.000000000000000000e+00 0.000000000000000000e+00 0.000000000000000000e+00 0.000000000000000000e+00
4.000000000000000000e+04 1.000072256384254565e-02 0.000000000000000000e+00 1.000000000000000000e+00 0.000000000000000000e+00 0.000000000000000000e+00 0.000000000000000000e+00
4.400000000000000000e+04 1.100079482022664479e-02 0.000000000000000000e+00 1.000000000000000000e+00 0.000000000000000000e+00 0.000000000000000000e+00 0.000000000000000000e+00
4.800000000000000000e+04 1.200086707661096597e-02 0.000000000000000000e+00 1.000000000000000000e+00 0.000000000000000000e+00 0.000000000000000000e+00 0.000000000000000000e+00
5.200000000000000000e+04 1.300093933299528715e-02 0.000000000000000000e+00 1.000000000000000000e+00 0.000000000000000000e+00 0.000000000000000000e+00 0.000000000000000000e+00
5.600000000000000000e+04 1.400101158937938628e-02 0.000000000000000000e+00 1.000000000000000000e+00 0.000000000000000000e+00 0.000000000000000000e+00 0.000000000000000000e+00
6.000000000000000000e+04 1.500108384576370746e-02 0.000000000000000000e+00 1.000000000000000000e+00 0.000000000000000000e+00 0.000000000000000000e+00 0.000000000000000000e+00
6.400000000000000000e+04 1.600115610214802864e-02 0.000000000000000000e+00 1.000000000000000000e+00 0.000000000000000000e+00 0.000000000000000000e+00 0.000000000000000000e+00
6.800000000000000000e+04 1.700122835853212777e-02 0.000000000000000000e+00 1.000000000000000000e+00 0.000000000000000000e+00 0.000000000000000000e+00 0.000000000000000000e+00
7.200000000000000000e+04 1.800130061491644895e-02 0.000000000000000000e+00 1.000000000000000000e+00 0.000000000000000000e+00 0.000000000000000000e+00 0.000000000000000000e+00
7.600000000000000000e+04 1.900137287130077013e-02 0.000000000000000000e+00 1.000000000000000000e+00 0.000000000000000000e+00 0.000000000000000000e+00 0.000000000000000000e+00
8.000000000000000000e+04 2.000144512768486926e-02 0.000000000000000000e+00 1.000000000000000000e+00 0.000000000000000000e+00 0.000000000000000000e+00 0.000000000000000000e+00
8.400000000000000000e+04 2.100151738406919044e-02 0.000000000000000000e+00 1.000000000000000000e+00 0.000000000000000000e+00 0.000000000000000000e+00 0.000000000000000000e+00
8.800000000000000000e+04 2.200158964045351162e-02 0.000000000000000000e+00 1.000000000000000000e+00 0.000000000000000000e+00 0.000000000000000000e+00 0.000000000000000000e+00
9.200000000000000000e+04 2.300166189683761075e-02 0.000000000000000000e+00 1.000000000000000000e+00 0.000000000000000000e+00 0.000000000000000000e+00 0.000000000000000000e+00
9.600000000000000000e+04 2.400173415322193193e-02 0.000000000000000000e+00 1.000000000000000000e+00 0.000000000000000000e+00 0.000000000000000000e+00 0.000000000000000000e+00
1.000000000000000000e+05 2.500180640960625311e-02 0.000000000000000000e+00 1.000000000000000000e+00 0.000000000000000000e+00 0.000000000000000000e+00 0.000000000000000000e+00
1.040000000000000000e+05 2.600187866599035225e-02 0.000000000000000000e+00 1.000000000000000000e+00 0.000000000000000000e+00 0.000000000000000000e+00 0.000000000000000000e+00
1.080000000000000000e+05 2.700195092237467342e-02 0.000000000000000000e+00 1.000000000000000000e+00 0.000000000000000000e+00 0.000000000000000000e+00 0.000000000000000000e+00
1.120000000000000000e+05 2.800202317875899460e-02 0.000000000000000000e+00 1.000000000000000000e+00 0.000000000000000000e+00 0.000000000000000000e+00 0.000000000000000000e+00
1.160000000000000000e+05 2.900209543514309374e-02 0.000000000000000000e+00 1.000000000000000000e+00 0.000000000000000000e+00 0.000000000000000000e+00 0.000000000000000000e+00
1.200000000000000000e+05 3.000216769152741492e-02 0.000000000000000000e+00 1.000000000000000000e+00 0.000000000000000000e+00 0.000000000000000000e+00 0.000000000000000000e+00
1.240000000000000000e+05 3.100223994791151405e-02 0.000000000000000000e+00 1.000000000000000000e+00 0.000000000000000000e+00 0.000000000000000000e+00 0.000000000000000000e+00
1.280000000000000000e+05 3.200231220429583523e-02 0.000000000000000000e+00 1.000000000000000000e+00 0.000000000000000000e+00 0.000000000000000000e+00 0.000000000000000000e+00
1.320000000000000000e+05 3.300238446068015641e-02 0.000000000000000000e+00 1.000000000000000000e+00 0.000000000000000000e+00 0.000000000000000000e+00 0.000000000000000000e+00
1.360000000000000000e+05 3.400245671706425554e-02 0.000000000000000000e+00 1.000000000000000000e+00 0.000000000000000000e+00 0.000000000000000000e+00 0.000000000000000000e+00
1.400000000000000000e+05 3.500252897344857672e-02 0.000000000000000000e+00 1.000000000000000000e+00 0.000000000000000000e+00 0.000000000000000000e+00 0.000000000000000000e+00
1.440000000000000000e+05 3.600260122983289790e-02 0.000000000000000000e+00 1.000000000000000000e+00 0.000000000000000000e+00 0.000000000000000000e+00 0.000000000000000000e+00
1.480000000000000000e+05 3.700267348621699703e-02 0.000000000000000000e+00 1.000000000000000000e+00 0.000000000000000000e+00 0.000000000000000000e+00 0.000000000000000000e+00
1.520000000000000000e+05 3.800274574260131821e-02 0.000000000000000000e+00 1.000000000000000000e+00 0.000000000000000000e+00 0.000000000000000000e+00 0.000000000000000000e+00
1.560000000000000000e+05 3.900281799898563939e-02 0.000000000000000000e+00 1.000000000000000000e+00 0.000000000000000000e+00 0.000000000000000000e+00 0.000000000000000000e+00
1.600000000000000000e+05 4.000289025536973853e-02 0.000000000000000000e+00 1.000000000000000000e+00 0.000000000000000000e+00 0.000000000000000000e+00 0.000000000000000000e+00
1.640000000000000000e+05 4.100296251175405970e-02 0.000000000000000000e+00 1.000000000000000000e+00 0.000000000000000000e+00 0.000000000000000000e+00 0.000000000000000000e+00
1.680000000000000000e+05 4.200303476813838088e-02 0.000000000000000000e+00 1.000000000000000000e+00 0.000000000000000000e+00 0.000000000000000000e+00 0.000000000000000000e+00
1.720000000000000000e+05 4.300310702452248002e-02 0.000000000000000000e+00 1.000000000000000000e+00 0.000000000000000000e+00 0.000000000000000000e+00 0.000000000000000000e+00
1.760000000000000000e+05 4.400317928090680120e-02 0.000000000000000000e+00 1.000000000000000000e+00 0.000000000000000000e+00 0.000000000000000000e+00 0.000000000000000000e+00
1.800000000000000000e+05 4.500325153729112237e-02 0.000000000000000000e+00 1.000000000000000000e+00 0.000000000000000000e+00 0.000000000000000000e+00 0.000000000000000000e+00
1.840000000000000000e+05 4.600332379367522151e-02 0.000000000000000000e+00 1.000000000000000000e+00 0.000000000000000000e+00 0.000000000000000000e+00 0.000000000000000000e+00
1.880000000000000000e+05 4.700339605005954269e-02 0.000000000000000000e+00 1.000000000000000000e+00 0.000000000000000000e+00 0.000000000000000000e+00 0.000000000000000000e+00
1.920000000000000000e+05 4.800346830644386387e-02 0.000000000000000000e+00 1.000000000000000000e+00 0.000000000000000000e+00 0.000000000000000000e+00 0.000000000000000000e+00
1.960000000000000000e+05 4.900354056282796300e-02 0.000000000000000000e+00 1.000000000000000000e+00 0.000000000000000000e+00 0.000000000000000000e+00 0.000000000000000000e+00
2.000000000000000000e+05 5.000361281921228418e-02 0.000000000000000000e+00 1.000000000000000000e+00 0.000000000000000000e+00 0.000000000000000000e+00 0.000000000000000000e+00
2.040000000000000000e+05 5.100368507559660536e-02 0.000000000000000000e+00 1.000000000000000000e+00 0.000000000000000000e+00 0.000000000000000000e+00 0.000000000000000000e+00
2.080000000000000000e+05 5.200375733198070449e-02 0.000000000000000000e+00 1.000000000000000000e+00 0.000000000000000000e+00 0.000000000000000000e+00 0.000000000000000000e+00
2.120000000000000000e+05 5.300382958836502567e-02 0.000000000000000000e+00 1.000000000000000000e+00 0.000000000000000000e+00 0.000000000000000000e+00 0.000000000000000000e+00
2.160000000000000000e+05 5.400390184474934685e-02 0.000000000000000000e+00 1.000000000000000000e+00 0.000000000000000000e+00 0.000000000000000000e+00 0.000000000000000000e+00
2.200000000000000000e+05 5.500397410113344598e-02 0.000000000000000000e+00 1.000000000000000000e+00 0.000000000000000000e+00 0.000000000000000000e+00 0.000000000000000000e+00
2.240000000000000000e+05 5.600404635751776716e-02 0.000000000000000000e+00 1.000000000000000000e+00 0.000000000000000000e+00 0.000000000000000000e+00 0.000000000000000000e+00
2.280000000000000000e+05 5.700411861390208834e-02 0.000000000000000000e+00 1.000000000000000000e+00 0.000000000000000000e+00 0.000000000000000000e+00 0.000000000000000000e+00
2.320000000000000000e+05 5.800419087028618748e-02 0.000000000000000000e+00 1.000000000000000000e+00 0.000000000000000000e+00 0.000000000000000000e+00 0.000000000000000000e+00
2.360000000000000000e+05 5.900426312667050865e-02 0.000000000000000000e+00 1.000000000000000000e+00 0.000000000000000000e+00 0.000000000000000000e+00 0.000000000000000000e+00
2.400000000000000000e+05 6.000433538305482983e-02 0.000000000000000000e+00 1.000000000000000000e+00 0.000000000000000000e+00 0.000000000000000000e+00 0.000000000000000000e+00
2.440000000000000000e+05 6.100440763943892897e-02 0.000000000000000000e+00 1.000000000000000000e+00 0.000000000000000000e+00 0.000000000000000000e+00 0.000000000000000000e+00
2.480000000000000000e+05 6.200447989582325015e-02 4.551661356395084266e-04 9.995448338643604380e-01 0.000000000000000000e+00 0.000000000000000000e+00 0.000000000000000000e+00
2.520000000000000000e+05 6.300455215220757132e-02 0.000000000000000000e+00 1.000000000000000000e+00 0.000000000000000000e+00 0.000000000000000000e+00 0.000000000000000000e+00
2.560000000000000000e+05 6.400462440859167046e-02 1.137915339098771066e-04 9.998862084660901095e-01 0.000000000000000000e+00 0.000000000000000000e+00 0.000000000000000000e+00
2.600000000000000000e+05 6.500469666497599164e-02 2.275830678197542133e-04 9.997724169321802190e-01 0.000000000000000000e+00 0.000000000000000000e+00 0.000000000000000000e+00
2.640000000000000000e+05 6.600476892136031282e-02 0.000000000000000000e+00 1.000000000000000000e+00 0.000000000000000000e+00 0.000000000000000000e+00 0.000000000000000000e+00
2.680000000000000000e+05 6.700484117774441195e-02 0.000000000000000000e+00 1.000000000000000000e+00 0.000000000000000000e+00 0.000000000000000000e+00 0.000000000000000000e+00
2.720000000000000000e+05 6.800491343412873313e-02 1.137915339098771066e-04 9.998862084660901095e-01 0.000000000000000000e+00 0.000000000000000000e+00 0.000000000000000000e+00
2.760000000000000000e+05 6.900498569051305431e-02 0.000000000000000000e+00 1.000000000000000000e+00 0.000000000000000000e+00 0.000000000000000000e+00 0.000000000000000000e+00
2.800000000000000000e+05 7.000505794689715344e-02 0.000000000000000000e+00 1.000000000000000000e+00 0.000000000000000000e+00 0.000000000000000000e+00 0.000000000000000000e+00
2.840000000000000000e+05 7.100513020328147462e-02 0.000000000000000000e+00 1.000000000000000000e+00 0.000000000000000000e+00 0.000000000000000000e+00 0.000000000000000000e+00
2.880000000000000000e+05 7.200520245966579580e-02 3.413746017296313199e-04 9.996586253982703285e-01 0.000000000000000000e+00 0.000000000000000000e+00 0.000000000000000000e+00
2.920000000000000000e+05 7.300527471604989493e-02 1.365498406918525280e-03 9.986345015930814251e-01 0.000000000000000000e+00 0.000000000000000000e+00 0.000000000000000000e+00
2.960000000000000000e+05 7.400534697243421611e-02 0.000000000000000000e+00 1.000000000000000000e+00 0.000000000000000000e+00 0.000000000000000000e+00 0.000000000000000000e+00
3.000000000000000000e+05 7.500541922881853729e-02 0.000000000000000000e+00 1.000000000000000000e+00 0.000000000000000000e+00 0.000000000000000000e+00 0.000000000000000000e+00
3.040000000000000000e+05 7.600549148520263643e-02 0.000000000000000000e+00 1.000000000000000000e+00 0.000000000000000000e+00 0.000000000000000000e+00 0.000000000000000000e+00
3.080000000000000000e+05 7.700556374158695760e-02 0.000000000000000000e+00 1.000000000000000000e+00 0.000000000000000000e+00 0.000000000000000000e+00 0.000000000000000000e+00
3.120000000000000000e+05 7.800563599797127878e-02 2.275830678197542133e-04 9.997724169321802190e-01 0.000000000000000000e+00 0.000000000000000000e+00 0.000000000000000000e+00
3.160000000000000000e+05 7.900570825435537792e-02 2.275830678197542133e-04 9.997724169321802190e-01 0.000000000000000000e+00 0.000000000000000000e+00 0.000000000000000000e+00
3.200000000000000000e+05 8.000578051073969910e-02 0.000000000000000000e+00 1.000000000000000000e+00 0.000000000000000000e+00 0.000000000000000000e+00 0.000000000000000000e+00
3.240000000000000000e+05 8.100585276712402027e-02 1.479289940828402332e-03 9.985207100591716456e-01 0.000000000000000000e+00 0.000000000000000000e+00 0.000000000000000000e+00
3.280000000000000000e+05 8.200592502350811941e-02 1.137915339098771066e-04 9.998862084660901095e-01 0.000000000000000000e+00 0.000000000000000000e+00 0.000000000000000000e+00
3.320000000000000000e+05 8.300599727989244059e-02 7.965407373691396923e-04 9.992034592626308775e-01 0.000000000000000000e+00 0.000000000000000000e+00 0.000000000000000000e+00
3.360000000000000000e+05 8.400606953627676177e-02 5.689576695493854790e-04 9.994310423304506585e-01 0.000000000000000000e+00 0.000000000000000000e+00 0.000000000000000000e+00
3.400000000000000000e+05 8.500614179266086090e-02 5.689576695493854790e-04 9.994310423304506585e-01 0.000000000000000000e+00 0.000000000000000000e+00 0.000000000000000000e+00
3.440000000000000000e+05 8.600621404904518208e-02 6.827492034592626399e-04 9.993172507965407680e-01 0.000000000000000000e+00 0.000000000000000000e+00 0.000000000000000000e+00
3.480000000000000000e+05 8.700628630542950326e-02 0.000000000000000000e+00 1.000000000000000000e+00 0.000000000000000000e+00 0.000000000000000000e+00 0.000000000000000000e+00
3.520000000000000000e+05 8.800635856181360239e-02 6.827492034592626399e-04 9.993172507965407680e-01 0.000000000000000000e+00 0.000000000000000000e+00 0.000000000000000000e+00
3.560000000000000000e+05 8.900643081819792357e-02 1.024123805188893906e-03 9.988620846609012061e-01 0.000000000000000000e+00 1.137915339098771066e-04 0.000000000000000000e+00
3.600000000000000000e+05 9.000650307458224475e-02 1.479289940828402332e-03 9.985207100591716456e-01 0.000000000000000000e+00 0.000000000000000000e+00 0.000000000000000000e+00
3.640000000000000000e+05 9.100657533096634388e-02 1.479289940828402332e-03 9.984069185252617551e-01 0.000000000000000000e+00 1.137915339098771066e-04 0.000000000000000000e+00
3.680000000000000000e+05 9.200664758735066506e-02 9.103322712790168532e-04 9.990896677287209870e-01 0.000000000000000000e+00 0.000000000000000000e+00 0.000000000000000000e+00
3.720000000000000000e+05 9.300671984373476420e-02 2.503413746017296455e-03 9.974965862539827421e-01 0.000000000000000000e+00 0.000000000000000000e+00 0.000000000000000000e+00
3.760000000000000000e+05 9.400679210011908538e-02 1.706873008648156654e-03 9.982931269913518646e-01 0.000000000000000000e+00 0.000000000000000000e+00 0.000000000000000000e+00
3.800000000000000000e+05 9.500686435650340655e-02 2.844788347746927612e-03 9.970414201183431802e-01 0.000000000000000000e+00 1.137915339098771066e-04 0.000000000000000000e+00
3.840000000000000000e+05 9.600693661288750569e-02 2.844788347746927612e-03 9.969276285844332897e-01 0.000000000000000000e+00 2.275830678197542133e-04 0.000000000000000000e+00
3.880000000000000000e+05 9.700700886927182687e-02 2.958579881656804664e-03 9.970414201183431802e-01 0.000000000000000000e+00 0.000000000000000000e+00 0.000000000000000000e+00
3.920000000000000000e+05 9.800708112565614805e-02 2.162039144287664864e-03 9.977241693218024121e-01 0.000000000000000000e+00 1.137915339098771066e-04 0.000000000000000000e+00
3.960000000000000000e+05 9.900715338204024718e-02 3.186162949476558769e-03 9.968138370505233992e-01 0.000000000000000000e+00 0.000000000000000000e+00 0.000000000000000000e+00
4.000000000000000000e+05 1.000072256384245684e-01 2.162039144287664864e-03 9.978379608557123026e-01 0.000000000000000000e+00 0.000000000000000000e+00 0.000000000000000000e+00
4.040000000000000000e+05 1.010072978948088895e-01 5.917159763313609329e-03 9.938552571688666903e-01 0.000000000000000000e+00 2.275830678197542133e-04 0.000000000000000000e+00
4.080000000000000000e+05 1.020073701511929887e-01 2.389622212107419402e-03 9.974965862539827421e-01 0.000000000000000000e+00 1.137915339098771066e-04 0.000000000000000000e+00
4.120000000000000000e+05 1.030074424075773099e-01 8.648156577150659455e-03 9.912380518889394310e-01 0.000000000000000000e+00 1.137915339098771066e-04 0.000000000000000000e+00
4.160000000000000000e+05 1.040075146639616310e-01 3.868912152935821518e-03 9.961310878470641672e-01 0.000000000000000000e+00 0.000000000000000000e+00 0.000000000000000000e+00
4.200000000000000000e+05 1.050075869203457302e-01 6.599908966772872511e-03 9.930587164314974569e-01 0.000000000000000000e+00 3.413746017296313199e-04 0.000000000000000000e+00
4.240000000000000000e+05 1.060076591767300513e-01 7.510241238051888930e-03 9.921483841602184439e-01 0.000000000000000000e+00 3.413746017296313199e-04 0.000000000000000000e+00
4.280000000000000000e+05 1.070077314331143725e-01 1.442876649977241632e-01 5.386891215293582169e-01 2.833409194355939742e-01 3.368229403732362487e-02 0.000000000000000000e+00
4.320000000000000000e+05 1.080078036894984717e-01 6.838871187983613931e-02 7.138142922166590409e-01 2.170004551661356418e-01 7.965407373691396923e-04 0.000000000000000000e+00
4.360000000000000000e+05 1.090078759458827928e-01 6.918525261720527564e-02 7.155211652253072874e-01 2.143832498862084657e-01 9.103322712790168532e-04 0.000000000000000000e+00
4.400000000000000000e+05 1.100079482022671140e-01 6.895766954938552240e-02 7.172280382339554228e-01 2.127901684114701930e-01 1.024123805188893906e-03 0.000000000000000000e+00
4.440000000000000000e+05 1.110080204586512131e-01 6.770596267637687959e-02 7.200728265817023521e-01 2.110832954028220299e-01 1.137915339098770958e-03 0.000000000000000000e+00
4.480000000000000000e+05 1.120080927150355343e-01 6.508875739644970349e-02 7.270141101502047842e-01 2.061902594446973214e-01 1.706873008648156654e-03 0.000000000000000000e+00
4.520000000000000000e+05 1.130081649714198555e-01 6.110605370960400795e-02 7.492034592626308775e-01 1.888939462903959920e-01 7.965407373691396923e-04 0.000000000000000000e+00
4.560000000000000000e+05 1.140082372278039546e-01 5.905780609922621494e-02 7.512517068730086844e-01 1.884387801547564856e-01 1.251706873008648227e-03 0.000000000000000000e+00
4.600000000000000000e+05 1.150083094841882758e-01 5.905780609922621494e-02 7.527309968138370389e-01 1.880974055530268418e-01 1.137915339098771066e-04 0.000000000000000000e+00
4.640000000000000000e+05 1.160083817405725970e-01 6.008192990441511144e-02 7.510241238051889034e-01 1.880974055530268418e-01 7.965407373691396923e-04 0.000000000000000000e+00
4.680000000000000000e+05 1.170084539969566961e-01 5.848884842967683184e-02 7.547792444242148457e-01 1.854802002730996935e-01 1.251706873008648227e-03 0.000000000000000000e+00
4.720000000000000000e+05 1.180085262533410173e-01 5.837505689576695522e-02 7.594446973145198010e-01 1.816112881201638607e-01 5.689576695493854790e-04 0.000000000000000000e+00
4.760000000000000000e+05 1.190085985097253385e-01 5.632680928538916915e-02 7.593309057806099105e-01 1.833181611288120239e-01 1.024123805188893906e-03 0.000000000000000000e+00
4.800000000000000000e+05 1.200086707661094376e-01 5.928538916704597511e-02 7.611515703231679364e-01 1.792216659080564378e-01 3.413746017296313199e-04 0.000000000000000000e+00
4.840000000000000000e+05 1.210087430224937588e-01 5.496131087847064278e-02 7.781065088757396220e-01 1.665908056440600915e-01 3.413746017296313199e-04 0.000000000000000000e+00
4.880000000000000000e+05 1.220088152788780800e-01 5.575785161583977911e-02 7.776513427401001710e-01 1.662494310423304478e-01 3.413746017296313199e-04 0.000000000000000000e+00
4.920000000000000000e+05 1.230088875352621791e-01 5.450614474283113631e-02 7.816340464269457833e-01 1.630632680928539024e-01 7.965407373691396923e-04 0.000000000000000000e+00
4.960000000000000000e+05 1.240089597916465003e-01 5.348202093764223980e-02 7.840236686390532617e-01 1.621529358215748617e-01 3.413746017296313199e-04 0.000000000000000000e+00
5.000000000000000000e+05 1.250090320480308215e-01 5.348202093764223980e-02 7.817478379608556738e-01 1.644287664997724219e-01 3.413746017296313199e-04 0.000000000000000000e+00
5.040000000000000000e+05 1.260091043044149206e-01 5.507510241238051940e-02 7.837960855712334807e-01 1.607874374146563423e-01 3.413746017296313199e-04 0.000000000000000000e+00
5.080000000000000000e+05 1.270091765607992418e-01 5.336822940373236318e-02 7.865270823850705195e-01 1.598771051433773294e-01 2.275830678197542133e-04 0.000000000000000000e+00
5.120000000000000000e+05 1.280092488171835630e-01 5.325443786982248656e-02 7.878925807919890945e-01 1.585116067364588099e-01 3.413746017296313199e-04 0.000000000000000000e+00
5.160000000000000000e+05 1.290093210735676621e-01 5.473372781065088954e-02 7.876649977241693135e-01 1.573736913973600438e-01 2.275830678197542133e-04 0.000000000000000000e+00
5.200000000000000000e+05 1.300093933299519833e-01 5.382339553937186966e-02 7.885753299954483264e-01 1.573736913973600438e-01 2.275830678197542133e-04 0.000000000000000000e+00
5.240000000000000000e+05 1.310094655863363045e-01 5.370960400546199304e-02 7.874374146563495325e-01 1.585116067364588099e-01 3.413746017296313199e-04 0.000000000000000000e+00
5.280000000000000000e+05 1.320095378427204036e-01 5.496131087847064278e-02 7.893718707328174489e-01 1.553254437869822369e-01 3.413746017296313199e-04 0.000000000000000000e+00
5.320000000000000000e+05 1.330096100991047248e-01 5.439235320892125969e-02 7.894856622667273394e-01 1.561219845243513871e-01 0.000000000000000000e+00 0.000000000000000000e+00
5.360000000000000000e+05 1.340096823554890459e-01 5.439235320892125969e-02 7.915339098771051463e-01 1.540737369139736079e-01 0.000000000000000000e+00 0.000000000000000000e+00
5.400000000000000000e+05 1.350097546118731451e-01 5.200273099681383682e-02 7.959717796995903205e-01 1.520254893035958010e-01 0.000000000000000000e+00 0.000000000000000000e+00
5.440000000000000000e+05 1.360098268682574663e-01 5.382339553937186966e-02 7.941511151570322946e-01 1.516841147018661851e-01 3.413746017296313199e-04 0.000000000000000000e+00
5.480000000000000000e+05 1.370098991246417874e-01 5.188893946290396020e-02 7.952890304961310886e-01 1.527082385070550885e-01 1.137915339098771066e-04 0.000000000000000000e+00
5.520000000000000000e+05 1.380099713810258866e-01 5.382339553937186966e-02 7.946062812926718566e-01 1.514565316340464318e-01 1.137915339098771066e-04 0.000000000000000000e+00
5.560000000000000000e+05 1.390100436374102078e-01 5.393718707328174627e-02 7.955166135639508695e-01 1.504324078288575284e-01 1.137915339098771066e-04 0.000000000000000000e+00
5.600000000000000000e+05 1.400101158937945289e-01 5.553026854802002588e-02 7.939235320892125136e-01 1.504324078288575284e-01 1.137915339098771066e-04 0.000000000000000000e+00
5.640000000000000000e+05 1.410101881501786281e-01 5.268548020027309653e-02 7.984751934456076894e-01 1.488393263541192557e-01 0.000000000000000000e+00 0.000000000000000000e+00
5.680000000000000000e+05 1.420102604065629492e-01 5.370960400546199304e-02 7.951752389622211981e-01 1.504324078288575284e-01 6.827492034592626399e-04 0.000000000000000000e+00
5.720000000000000000e+05 1.430103326629472704e-01 5.609922621756941591e-02 7.940373236231224041e-01 1.495220755575785154e-01 3.413746017296313199e-04 0.000000000000000000e+00
5.760000000000000000e+05 1.440104049193313696e-01 5.564406008192990249e-02 7.961993627674101015e-01 1.481565771506599960e-01 0.000000000000000000e+00 0.000000000000000000e+00
5.800000000000000000e+05 1.450104771757156907e-01 6.451979972690032039e-02 7.823167956304051263e-01 1.524806554392353075e-01 6.827492034592626399e-04 0.000000000000000000e+00
5.840000000000000000e+05 1.460105494321000119e-01 6.269913518434228061e-02 7.839098771051433712e-01 1.530496131087847045e-01 3.413746017296313199e-04 0.000000000000000000e+00
5.880000000000000000e+05 1.470106216884841110e-01 6.065088757396449454e-02 7.881201638598088755e-01 1.510013654984069253e-01 2.275830678197542133e-04 0.000000000000000000e+00
5.920000000000000000e+05 1.480106939448684322e-01 6.110605370960400795e-02 7.880063723258989850e-01 1.507737824305871721e-01 1.137915339098771066e-04 0.000000000000000000e+00
5.960000000000000000e+05 1.490107662012527534e-01 6.008192990441511144e-02 7.890304961310878884e-01 1.505461993627674189e-01 3.413746017296313199e-04 0.000000000000000000e+00
6.000000000000000000e+05 1.500108384576368525e-01 6.053709604005461792e-02 7.914201183431952558e-01 1.477014110150204895e-01 3.413746017296313199e-04 0.000000000000000000e+00
6.040000000000000000e+05 1.510109107140211737e-01 5.996813837050523482e-02 7.918752844788348177e-01 1.479289940828402428e-01 2.275830678197542133e-04 0.000000000000000000e+00
6.080000000000000000e+05 1.520109829704052729e-01 6.224396904870277414e-02 7.884615384615384359e-01 1.491807009558488717e-01 1.137915339098771066e-04 0.000000000000000000e+00
6.120000000000000000e+05 1.530110552267895940e-01 5.871643149749658508e-02 7.966545289030496635e-01 1.446290395994538069e-01 0.000000000000000000e+00 0.000000000000000000e+00
6.160000000000000000e+05 1.540111274831739152e-01 6.372325898953118406e-02 7.910787437414655843e-01 1.448566226672735602e-01 3.413746017296313199e-04 0.000000000000000000e+00
6.200000000000000000e+05 1.550111997395580143e-01 6.213017751479289752e-02 7.927856167501138307e-01 1.448566226672735602e-01 2.275830678197542133e-04 0.000000000000000000e+00
6.240000000000000000e+05 1.560112719959423355e-01 5.928538916704597511e-02 7.961993627674101015e-01 1.442876649977241632e-01 2.275830678197542133e-04 0.000000000000000000e+00
6.280000000000000000e+05 1.570113442523266567e-01 6.053709604005461792e-02 7.954028220300409791e-01 1.440600819299044100e-01 0.000000000000000000e+00 0.000000000000000000e+00
6.320000000000000000e+05 1.580114165087107558e-01 6.110605370960400795e-02 7.968821119708693335e-01 1.415566681838871244e-01 4.551661356395084266e-04 0.000000000000000000e+00
6.360000000000000000e+05 1.590114887650950770e-01 6.030951297223486468e-02 7.982476103777879084e-01 1.411015020482476179e-01 3.413746017296313199e-04 0.000000000000000000e+00
6.400000000000000000e+05 1.600115610214793982e-01 6.019572143832498806e-02 7.998406918525261533e-01 1.393946290395994547e-01 5.689576695493854790e-04 0.000000000000000000e+00
6.440000000000000000e+05 1.610116332778634973e-01 5.996813837050523482e-02 8.014337733272643982e-01 1.384842967683204418e-01 1.137915339098771066e-04 0.000000000000000000e+00
6.480000000000000000e+05 1.620117055342478185e-01 6.121984524351388457e-02 7.992717341829768118e-01 1.392808375056895642e-01 2.275830678197542133e-04 0.000000000000000000e+00
6.520000000000000000e+05 1.630117777906321397e-01 5.939918070095585173e-02 8.040509786071916576e-01 1.364360491579426626e-01 1.137915339098771066e-04 0.000000000000000000e+00
6.560000000000000000e+05 1.640118500470162388e-01 6.087847064178425471e-02 8.016613563950841792e-01 1.371187983614019223e-01 3.413746017296313199e-04 0.000000000000000000e+00
6.600000000000000000e+05 1.650119223034005600e-01 6.213017751479289752e-02 8.029130632680928636e-01 1.345015930814747462e-01 4.551661356395084266e-04 0.000000000000000000e+00
6.640000000000000000e+05 1.660119945597848812e-01 6.235776058261265076e-02 7.998406918525261533e-01 1.372325898953117851e-01 5.689576695493854790e-04 0.000000000000000000e+00
6.680000000000000000e+05 1.670120668161689803e-01 6.224396904870277414e-02 8.002958579881657153e-01 1.374601729631315383e-01 0.000000000000000000e+00 0.000000000000000000e+00
6.720000000000000000e+05 1.680121390725533015e-01 6.304050978607191047e-02 7.994993172507965928e-01 1.370050068274920319e-01 4.551661356395084266e-04 0.000000000000000000e+00
6.760000000000000000e+05 1.690122113289376227e-01 6.349567592171143082e-02 7.997269003186162628e-01 1.357532999544833752e-01 1.024123805188893906e-03 0.000000000000000000e+00
6.800000000000000000e+05 1.700122835853217218e-01 6.292671825216203385e-02 8.004096495220756058e-01 1.362084660901228816e-01 4.551661356395084266e-04 0.000000000000000000e+00
6.840000000000000000e+05 1.710123558417060430e-01 6.383705052344106068e-02 7.998406918525261533e-01 1.358670914883932657e-01 4.551661356395084266e-04 0.000000000000000000e+00
6.880000000000000000e+05 1.720124280980903642e-01 6.543013199817933334e-02 7.975648611743286764e-01 1.367774237596722786e-01 2.275830678197542133e-04 0.000000000000000000e+00
6.920000000000000000e+05 1.730125003544744633e-01 6.292671825216203385e-02 7.988165680473372499e-01 1.376877560309512916e-01 5.689576695493854790e-04 0.000000000000000000e+00
6.960000000000000000e+05 1.740125726108587845e-01 6.383705052344106068e-02 7.974510696404187859e-01 1.380291306326809353e-01 6.827492034592626399e-04 0.000000000000000000e+00
7.000000000000000000e+05 1.750126448672431057e-01 6.258534365043240399e-02 7.987027765134273594e-01 1.385980883022303045e-01 1.137915339098771066e-04 0.000000000000000000e+00
7.040000000000000000e+05 1.760127171236272048e-01 6.304050978607191047e-02 7.983614019116977989e-01 1.380291306326809353e-01 5.689576695493854790e-04 0.000000000000000000e+00
7.080000000000000000e+05 1.770127893800115260e-01 6.554392353208920996e-02 7.948338643604915266e-01 1.392808375056895642e-01 3.413746017296313199e-04 0.000000000000000000e+00
7.120000000000000000e+05 1.780128616363958471e-01 6.531634046426945672e-02 7.950614474283113076e-01 1.391670459717797015e-01 4.551661356395084266e-04 0.000000000000000000e+00
7.160000000000000000e+05 1.790129338927799463e-01 6.588529813381883982e-02 7.907373691397360238e-01 1.430359581247155343e-01 3.413746017296313199e-04 0.000000000000000000e+00
7.200000000000000000e+05 1.800130061491642675e-01 6.338188438780155420e-02 7.019799726900318726e-01 2.329312699135184239e-01 1.706873008648156654e-03 0.000000000000000000e+00
7.240000000000000000e+05 1.810130784055485886e-01 6.349567592171143082e-02 6.973145197997269173e-01 2.380518889394629134e-01 1.137915339098770958e-03 0.000000000000000000e+00
7.280000000000000000e+05 1.820131506619326878e-01 6.474738279472007363e-02 6.954938552571688914e-01 2.387346381429221731e-01 1.024123805188893906e-03 0.000000000000000000e+00
7.320000000000000000e+05 1.830132229183170089e-01 6.201638598088302090e-02 6.986800182066453813e-01 2.379380974055530229e-01 1.365498406918525280e-03 0.000000000000000000e+00
7.360000000000000000e+05 1.840132951747013301e-01 6.360946745562130744e-02 6.978834774692762588e-01 2.377105143377332697e-01 7.965407373691396923e-04 0.000000000000000000e+00
7.400000000000000000e+05 1.850133674310854293e-01 6.634046426945834629e-02 6.966317705962676854e-01 2.362312243969048597e-01 7.965407373691396923e-04 0.000000000000000000e+00
7.440000000000000000e+05 1.860134396874697504e-01 6.770596267637687959e-02 6.952662721893491105e-01 2.357760582612653533e-01 1.251706873008648227e-03 0.000000000000000000e+00
7.480000000000000000e+05 1.870135119438540716e-01 6.884387801547564578e-02 6.959490213928083424e-01 2.339553937187073274e-01 1.251706873008648227e-03 0.000000000000000000e+00
7.520000000000000000e+05 1.880135842002381708e-01 7.510241238051888757e-02 6.960628129267182329e-01 2.265589440145653055e-01 2.275830678197541916e-03 0.000000000000000000e+00
7.560000000000000000e+05 1.890136564566224919e-01 7.032316795630405570e-02 7.069868001820664993e-01 2.171142467000455045e-01 5.575785161583977738e-03 0.000000000000000000e+00
7.600000000000000000e+05 1.900137287130068131e-01 6.907146108329539902e-02 7.001593081474738467e-01 2.247382794720072796e-01 6.030951297223486815e-03 0.000000000000000000e+00
7.640000000000000000e+05 1.910138009693909122e-01 7.066454255803368556e-02 7.034592626308602270e-01 2.212107419208010906e-01 4.665452890304961318e-03 0.000000000000000000e+00
7.680000000000000000e+05 1.920138732257752334e-01 7.055075102412380894e-02 7.023213472917615441e-01 2.217796995903504875e-01 5.348202093764223633e-03 0.000000000000000000e+00
7.720000000000000000e+05 1.930139454821595546e-01 7.214383249886208160e-02 7.030040964952207760e-01 2.205279927173418308e-01 4.324078288575329727e-03 0.000000000000000000e+00
7.760000000000000000e+05 1.940140177385436537e-01 7.055075102412380894e-02 7.011834319526627501e-01 2.222348657259899940e-01 6.030951297223486815e-03 0.000000000000000000e+00
7.800000000000000000e+05 1.950140899949279749e-01 7.055075102412380894e-02 7.049385525716886924e-01 2.197314519799726806e-01 4.779244424214838804e-03 0.000000000000000000e+00
7.840000000000000000e+05 1.960141622513122961e-01 6.918525261720527564e-02 7.048247610377788019e-01 2.200728265817023244e-01 5.917159763313609329e-03 0.000000000000000000e+00
7.880000000000000000e+05 1.970142345076963952e-01 7.043695949021393232e-02 7.068730086481566088e-01 2.184797451069640517e-01 4.210286754665453109e-03 0.000000000000000000e+00
7.920000000000000000e+05 1.980143067640807164e-01 7.055075102412380894e-02 7.092626308602639762e-01 2.156349567592171224e-01 4.551661356395083832e-03 0.000000000000000000e+00
7.960000000000000000e+05 1.990143790204650376e-01 7.259899863450158808e-02 7.114246700045516736e-01 2.132453345471096995e-01 2.730996813837050560e-03 0.000000000000000000e+00
8.000000000000000000e+05 2.000144512768491367e-01 6.975421028675465873e-02 7.125625853436504675e-01 2.139280837505689592e-01 3.755120619025944465e-03 0.000000000000000000e+00
8.040000000000000000e+05 2.010145235332334579e-01 6.907146108329539902e-02 7.228038233955393910e-01 2.055075102412380617e-01 2.617205279927173507e-03 0.000000000000000000e+00
8.080000000000000000e+05 2.020145957896177791e-01 7.419208010923987462e-02 6.653390987710514626e-01 2.580791989076012816e-01 2.389622212107419402e-03 0.000000000000000000e+00
8.120000000000000000e+05 2.030146680460018782e-01 7.362312243969049153e-02 6.671597633136094885e-01 2.565999089667728716e-01 2.617205279927173507e-03 0.000000000000000000e+00
8.160000000000000000e+05 2.040147403023861994e-01 7.362312243969049153e-02 6.689804278561675144e-01 2.554619936276740777e-01 1.934456076467910759e-03 0.000000000000000000e+00
8.200000000000000000e+05 2.050148125587705206e-01 7.567137005006827066e-02 6.670459717796995980e-01 2.544378698224852298e-01 2.844788347746927612e-03 0.000000000000000000e+00
8.240000000000000000e+05 2.060148848151546197e-01 7.385070550751024476e-02 6.718252162039144437e-01 2.527309968138370389e-01 1.593081474738279385e-03 0.000000000000000000e+00
8.280000000000000000e+05 2.070149570715389409e-01 6.565771506599908658e-02 6.956076467910787819e-01 2.366863905325443662e-01 2.048247610377787811e-03 0.000000000000000000e+00
8.320000000000000000e+05 2.080150293279232621e-01 7.396449704142012138e-02 6.895766954938552518e-01 2.347519344560764776e-01 1.706873008648156654e-03 0.000000000000000000e+00
8.360000000000000000e+05 2.090151015843073612e-01 7.487482931269913433e-02 6.868456986800182129e-01 2.358898497951752438e-01 2.389622212107419402e-03 0.000000000000000000e+00
8.400000000000000000e+05 2.100151738406916824e-01 7.407828857532999800e-02 6.892353208921255803e-01 2.352071005917159841e-01 1.479289940828402332e-03 0.000000000000000000e+00
8.440000000000000000e+05 2.110152460970757815e-01 8.045061447428311641e-02 6.981110605370960398e-01 2.176832043695949015e-01 3.755120619025944465e-03 0.000000000000000000e+00
8.480000000000000000e+05 2.120153183534601027e-01 7.828857532999544677e-02 6.982248520710059303e-01 2.193900773782430647e-01 4.096495220755575623e-03 0.000000000000000000e+00
8.520000000000000000e+05 2.130153906098444239e-01 8.124715521165225274e-02 6.994765589440146147e-01 2.152935821574874786e-01 3.982703686845699004e-03 0.000000000000000000e+00
8.560000000000000000e+05 2.140154628662285230e-01 8.079198907601274626e-02 7.007282658170231882e-01 2.151797906235776159e-01 3.299954483386436255e-03 0.000000000000000000e+00
8.600000000000000000e+05 2.150155351226128442e-01 8.329540282203004575e-02 6.978834774692762588e-01 2.149522075557578626e-01 3.868912152935821518e-03 0.000000000000000000e+00
8.640000000000000000e+05 2.160156073789971654e-01 8.181611288120163583e-02 7.024351388256713236e-01 2.127901684114701930e-01 2.958579881656804664e-03 0.000000000000000000e+00
8.680000000000000000e+05 2.170156796353812645e-01 8.238507055075101893e-02 7.024351388256713236e-01 2.116522530723714268e-01 3.527537551206190360e-03 0.000000000000000000e+00
8.720000000000000000e+05 2.180157518917655857e-01 8.397815202548930547e-02 7.000455166135639562e-01 2.113108784706417831e-01 4.665452890304961318e-03 0.000000000000000000e+00
8.760000000000000000e+05 2.190158241481499068e-01 8.375056895766955223e-02 7.008420573509330787e-01 2.110832954028220299e-01 4.324078288575329727e-03 0.000000000000000000e+00
8.800000000000000000e+05 2.200158964045340060e-01 8.534365043240782489e-02 6.985662266727356018e-01 2.119936276741010428e-01 4.096495220755575623e-03 0.000000000000000000e+00
8.840000000000000000e+05 2.210159686609183272e-01 8.340919435593992237e-02 7.023213472917615441e-01 2.105143377332726329e-01 3.755120619025944465e-03 0.000000000000000000e+00
8.880000000000000000e+05 2.220160409173026483e-01 8.249886208466089554e-02 7.031178880291306665e-01 2.110832954028220299e-01 3.299954483386436255e-03 0.000000000000000000e+00
8.920000000000000000e+05 2.230161131736867475e-01 8.284023668639053928e-02 7.071005917159762788e-01 2.063040509786071841e-01 3.755120619025944465e-03 0.000000000000000000e+00
8.960000000000000000e+05 2.240161854300710687e-01 8.284023668639053928e-02 7.043695949021392400e-01 2.075557578516158408e-01 5.234410559854347014e-03 0.000000000000000000e+00
9.000000000000000000e+05 2.250162576864553898e-01 8.363677742375967561e-02 7.017523896222120916e-01 2.105143377332726329e-01 4.096495220755575623e-03 0.000000000000000000e+00
9.040000000000000000e+05 2.260163299428394890e-01 8.682294037323623481e-02 7.001593081474738467e-01 2.084660901228948537e-01 4.551661356395083832e-03 0.000000000000000000e+00
9.080000000000000000e+05 2.270164021992238101e-01 1.019572143832498806e-01 7.139280837505689314e-01 1.803595812471552040e-01 3.755120619025944465e-03 0.000000000000000000e+00
