# itime ezz other fcc hcp bcc ico
0.000000000000000000e+00 0.000000000000000000e+00 5.689576695493854790e-04 9.994310423304506585e-01 0.000000000000000000e+00 0.000000000000000000e+00 0.000000000000000000e+00
2.500000000000000000e+02 9.999672575582430056e-04 7.965407373691396923e-04 9.992034592626308775e-01 0.000000000000000000e+00 0.000000000000000000e+00 0.000000000000000000e+00
5.000000000000000000e+02 1.999934515116486011e-03 9.103322712790168532e-04 9.989758761948110966e-01 0.000000000000000000e+00 1.137915339098771066e-04 0.000000000000000000e+00
7.500000000000000000e+02 2.999901772674951062e-03 9.103322712790168532e-04 9.990896677287209870e-01 0.000000000000000000e+00 0.000000000000000000e+00 0.000000000000000000e+00
1.000000000000000000e+03 3.999869030233194067e-03 7.965407373691396923e-04 9.992034592626308775e-01 0.000000000000000000e+00 0.000000000000000000e+00 0.000000000000000000e+00
1.250000000000000000e+03 4.999836287791437073e-03 1.024123805188893906e-03 9.989758761948110966e-01 0.000000000000000000e+00 0.000000000000000000e+00 0.000000000000000000e+00
1.500000000000000000e+03 5.999803545349680078e-03 2.275830678197542133e-04 9.997724169321802190e-01 0.000000000000000000e+00 0.000000000000000000e+00 0.000000000000000000e+00
1.750000000000000000e+03 6.999770802907923084e-03 4.551661356395084266e-04 9.995448338643604380e-01 0.000000000000000000e+00 0.000000000000000000e+00 0.000000000000000000e+00
2.000000000000000000e+03 7.999738060466388134e-03 1.137915339098770958e-03 9.988620846609012061e-01 0.000000000000000000e+00 0.000000000000000000e+00 0.000000000000000000e+00
2.250000000000000000e+03 8.999705318024631140e-03 1.479289940828402332e-03 9.985207100591716456e-01 0.000000000000000000e+00 0.000000000000000000e+00 0.000000000000000000e+00
2.500000000000000000e+03 9.999672575582874146e-03 2.275830678197541916e-03 9.977241693218024121e-01 0.000000000000000000e+00 0.000000000000000000e+00 0.000000000000000000e+00
2.750000000000000000e+03 1.099963983314111715e-02 1.137915339098770958e-03 9.988620846609012061e-01 0.000000000000000000e+00 0.000000000000000000e+00 0.000000000000000000e+00
3.000000000000000000e+03 1.199960709069936016e-02 6.827492034592626399e-04 9.993172507965407680e-01 0.000000000000000000e+00 0.000000000000000000e+00 0.000000000000000000e+00
3.250000000000000000e+03 1.299957434825760316e-02 1.934456076467910759e-03 9.980655439235320836e-01 0.000000000000000000e+00 0.000000000000000000e+00 0.000000000000000000e+00
3.500000000000000000e+03 1.399954160581606821e-02 1.593081474738279385e-03 9.984069185252617551e-01 0.000000000000000000e+00 0.000000000000000000e+00 0.000000000000000000e+00
3.750000000000000000e+03 1.499950886337431122e-02 1.934456076467910759e-03 9.980655439235320836e-01 0.000000000000000000e+00 0.000000000000000000e+00 0.000000000000000000e+00
4.000000000000000000e+03 1.599947612093255422e-02 2.162039144287664864e-03 9.978379608557123026e-01 0.000000000000000000e+00 0.000000000000000000e+00 0.000000000000000000e+00
4.250000000000000000e+03 1.699944337849079723e-02 1.593081474738279385e-03 9.984069185252617551e-01 0.000000000000000000e+00 0.000000000000000000e+00 0.000000000000000000e+00
4.500000000000000000e+03 1.799941063604904024e-02 2.730996813837050560e-03 9.972690031861629611e-01 0.000000000000000000e+00 0.000000000000000000e+00 0.000000000000000000e+00
4.750000000000000000e+03 1.899937789360750529e-02 3.413746017296313199e-04 9.996586253982703285e-01 0.000000000000000000e+00 0.000000000000000000e+00 0.000000000000000000e+00
5.000000000000000000e+03 1.999934515116574829e-02 1.365498406918525280e-03 9.986345015930814251e-01 0.000000000000000000e+00 0.000000000000000000e+00 0.000000000000000000e+00
5.250000000000000000e+03 2.099931240872399130e-02 9.103322712790168532e-04 9.990896677287209870e-01 0.000000000000000000e+00 0.000000000000000000e+00 0.000000000000000000e+00
5.500000000000000000e+03 2.199927966628223430e-02 2.389622212107419402e-03 9.976103777878926326e-01 0.000000000000000000e+00 0.000000000000000000e+00 0.000000000000000000e+00
5.750000000000000000e+03 2.299924692384047731e-02 3.413746017296313308e-03 9.965862539827037292e-01 0.000000000000000000e+00 0.000000000000000000e+00 0.000000000000000000e+00
6.000000000000000000e+03 2.399921418139894236e-02 1.706873008648156654e-03 9.982931269913518646e-01 0.000000000000000000e+00 0.000000000000000000e+00 0.000000000000000000e+00
6.250000000000000000e+03 2.499918143895718536e-02 2.958579881656804664e-03 9.969276285844332897e-01 0.000000000000000000e+00 1.137915339098771066e-04 0.000000000000000000e+00
6.500000000000000000e+03 2.599914869651542837e-02 1.479289940828402332e-03 9.985207100591716456e-01 0.000000000000000000e+00 0.000000000000000000e+00 0.000000000000000000e+00
6.750000000000000000e+03 2.699911595407367138e-02 3.982703686845699004e-03 9.959035047792443862e-01 0.000000000000000000e+00 1.137915339098771066e-04 0.000000000000000000e+00
7.000000000000000000e+03 2.799908321163191438e-02 2.730996813837050560e-03 9.971552116522530707e-01 0.000000000000000000e+00 1.137915339098771066e-04 0.000000000000000000e+00
7.250000000000000000e+03 2.899905046919015739e-02 2.958579881656804664e-03 9.970414201183431802e-01 0.000000000000000000e+00 0.000000000000000000e+00 0.000000000000000000e+00
7.500000000000000000e+03 2.999901772674862244e-02 3.982703686845699004e-03 9.960172963131542767e-01 0.000000000000000000e+00 0.000000000000000000e+00 0.000000000000000000e+00
7.750000000000000000e+03 3.099898498430686544e-02 4.893035958124715423e-03 9.949931725079653733e-01 0.000000000000000000e+00 1.137915339098771066e-04 0.000000000000000000e+00
8.000000000000000000e+03 3.199895224186510845e-02 6.030951297223486815e-03 9.936276741010469093e-01 0.000000000000000000e+00 3.413746017296313199e-04 0.000000000000000000e+00
8.250000000000000000e+03 3.299891949942335145e-02 2.048247610377787811e-03 9.979517523896221931e-01 0.000000000000000000e+00 0.000000000000000000e+00 0.000000000000000000e+00
8.500000000000000000e+03 3.399888675698159446e-02 5.689576695493855224e-03 9.943104233045061413e-01 0.000000000000000000e+00 0.000000000000000000e+00 0.000000000000000000e+00
8.750000000000000000e+03 3.499885401454005951e-02 6.827492034592626616e-03 9.930587164314974569e-01 0.000000000000000000e+00 1.137915339098771066e-04 0.000000000000000000e+00
9.000000000000000000e+03 3.599882127209830252e-02 9.103322712790167665e-03 9.906690942193900895e-01 0.000000000000000000e+00 2.275830678197542133e-04 0.000000000000000000e+00
9.250000000000000000e+03 3.699878852965654552e-02 8.192990441511151245e-03 9.914656349567592120e-01 0.000000000000000000e+00 3.413746017296313199e-04 0.000000000000000000e+00
9.500000000000000000e+03 3.799875578721478853e-02 6.372325898953117539e-03 9.935138825671370189e-01 0.000000000000000000e+00 1.137915339098771066e-04 0.000000000000000000e+00
9.750000000000000000e+03 3.899872304477303153e-02 5.461993627674101119e-03 9.944242148384160318e-01 0.000000000000000000e+00 1.137915339098771066e-04 0.000000000000000000e+00
1.000000000000000000e+04 3.999869030233149658e-02 5.348202093764223633e-03 9.945380063723259223e-01 0.000000000000000000e+00 1.137915339098771066e-04 0.000000000000000000e+00
1.025000000000000000e+04 4.099865755988973959e-02 6.599908966772872511e-03 9.931725079654073474e-01 0.000000000000000000e+00 2.275830678197542133e-04 0.000000000000000000e+00
1.050000000000000000e+04 4.199862481744798259e-02 8.192990441511151245e-03 9.916932180245789930e-01 0.000000000000000000e+00 1.137915339098771066e-04 0.000000000000000000e+00
1.075000000000000000e+04 4.299859207500622560e-02 9.899863450159307465e-03 9.898725534820209671e-01 0.000000000000000000e+00 2.275830678197542133e-04 0.000000000000000000e+00
1.100000000000000000e+04 4.399855933256446860e-02 9.672280382339554228e-03 9.898725534820209671e-01 0.000000000000000000e+00 4.551661356395084266e-04 0.000000000000000000e+00
1.125000000000000000e+04 4.499852659012293365e-02 6.258534365043240920e-03 9.932862994993172379e-01 0.000000000000000000e+00 4.551661356395084266e-04 0.000000000000000000e+00
1.150000000000000000e+04 4.599849384768117666e-02 1.137915339098771045e-02 9.883932635411925016e-01 0.000000000000000000e+00 2.275830678197542133e-04 0.000000000000000000e+00
1.175000000000000000e+04 4.699846110523941967e-02 1.240327719617660522e-02 9.874829312699134887e-01 0.000000000000000000e+00 1.137915339098771066e-04 0.000000000000000000e+00
1.200000000000000000e+04 4.799842836279766267e-02 1.547564861174328607e-02 9.841829767865271084e-01 0.000000000000000000e+00 3.413746017296313199e-04 0.000000000000000000e+00
1.225000000000000000e+04 4.899839562035590568e-02 1.832043695949021542e-02 9.807692307692307265e-01 0.000000000000000000e+00 9.103322712790168532e-04 0.000000000000000000e+00
1.250000000000000000e+04 4.999836287791414868e-02 1.297223486572599005e-02 9.869139736003641472e-01 0.000000000000000000e+00 1.137915339098771066e-04 0.000000000000000000e+00
1.275000000000000000e+04 5.099833013547261373e-02 2.389622212107419055e-02 9.751934456076467583e-01 0.000000000000000000e+00 9.103322712790168532e-04 0.000000000000000000e+00
1.300000000000000000e+04 5.199829739303085674e-02 1.752389622212107562e-02 9.821347291761493015e-01 0.000000000000000000e+00 3.413746017296313199e-04 0.000000000000000000e+00
1.325000000000000000e+04 5.299826465058909974e-02 2.036868456986800149e-02 9.786071916249431402e-01 0.000000000000000000e+00 1.024123805188893906e-03 0.000000000000000000e+00
1.350000000000000000e+04 5.399823190814734275e-02 2.116522530723714129e-02 9.779244424214837972e-01 0.000000000000000000e+00 9.103322712790168532e-04 0.000000000000000000e+00
1.375000000000000000e+04 5.499819916570558576e-02 2.036868456986800149e-02 9.787209831588530307e-01 0.000000000000000000e+00 9.103322712790168532e-04 0.000000000000000000e+00
1.400000000000000000e+04 5.599816642326405081e-02 1.877560309512972189e-02 9.803140646335912756e-01 0.000000000000000000e+00 9.103322712790168532e-04 0.000000000000000000e+00
1.425000000000000000e+04 5.699813368082229381e-02 2.719617660446062984e-02 9.713245334547109255e-01 0.000000000000000000e+00 1.479289940828402332e-03 0.000000000000000000e+00
1.450000000000000000e+04 5.799810093838053682e-02 2.480655439235321044e-02 9.743969048702776359e-01 0.000000000000000000e+00 7.965407373691396923e-04 0.000000000000000000e+00
1.475000000000000000e+04 5.899806819593877982e-02 2.105143377332726468e-02 9.776968593536641272e-01 0.000000000000000000e+00 1.251706873008648227e-03 0.000000000000000000e+00
1.500000000000000000e+04 5.999803545349702283e-02 2.093764223941738806e-02 9.779244424214837972e-01 0.000000000000000000e+00 1.137915339098770958e-03 0.000000000000000000e+00
1.525000000000000000e+04 6.099800271105548788e-02 3.345471096950387163e-02 9.639280837505689314e-01 0.000000000000000000e+00 2.617205279927173507e-03 0.000000000000000000e+00
1.550000000000000000e+04 6.199796996861373088e-02 3.538916704597178109e-02 9.623350022758306865e-01 0.000000000000000000e+00 2.275830678197541916e-03 0.000000000000000000e+00
1.575000000000000000e+04 6.299793722617197389e-02 3.812016385980882688e-02 9.594902139280837572e-01 0.000000000000000000e+00 2.389622212107419402e-03 0.000000000000000000e+00
1.600000000000000000e+04 6.399790448373021690e-02 3.618570778334091742e-02 9.618798361401911245e-01 0.000000000000000000e+00 1.934456076467910759e-03 0.000000000000000000e+00
1.625000000000000000e+04 6.499787174128845990e-02 4.437869822485206867e-02 9.536868456986800080e-01 0.000000000000000000e+00 1.934456076467910759e-03 0.000000000000000000e+00
1.650000000000000000e+04 6.599783899884692495e-02 4.210286754665452935e-02 9.555075102412380339e-01 0.000000000000000000e+00 2.389622212107419402e-03 0.000000000000000000e+00
1.675000000000000000e+04 6.699780625640516796e-02 4.460628129267182190e-02 9.525489303595812141e-01 0.000000000000000000e+00 2.844788347746927612e-03 0.000000000000000000e+00
1.700000000000000000e+04 6.799777351396341096e-02 4.301319981793354230e-02 9.530040964952207760e-01 0.000000000000000000e+00 3.982703686845699004e-03 0.000000000000000000e+00
1.725000000000000000e+04 6.899774077152165397e-02 5.177514792899408358e-02 9.464041875284479044e-01 0.000000000000000000e+00 1.820664542558033706e-03 0.000000000000000000e+00
1.750000000000000000e+04 6.999770802907989697e-02 5.564406008192990249e-02 9.400318616294948137e-01 0.000000000000000000e+00 4.324078288575329727e-03 0.000000000000000000e+00
1.775000000000000000e+04 7.099767528663813998e-02 5.223031406463359005e-02 9.431042330450614131e-01 0.000000000000000000e+00 4.665452890304961318e-03 0.000000000000000000e+00
1.800000000000000000e+04 7.199764254419660503e-02 5.769230769230769551e-02 9.387801547564861293e-01 0.000000000000000000e+00 3.527537551206190360e-03 0.000000000000000000e+00
1.825000000000000000e+04 7.299760980175484804e-02 6.258534365043240399e-02 9.327492034592625991e-01 0.000000000000000000e+00 4.665452890304961318e-03 0.000000000000000000e+00
1.850000000000000000e+04 7.399757705931309104e-02 6.258534365043240399e-02 9.337733272644515026e-01 0.000000000000000000e+00 3.641329085116067413e-03 0.000000000000000000e+00
1.875000000000000000e+04 7.499754431687133405e-02 7.851615839781520001e-02 9.151115157032316816e-01 0.000000000000000000e+00 6.372325898953117539e-03 0.000000000000000000e+00
1.900000000000000000e+04 7.599751157442957705e-02 9.342284934000910646e-02 8.958807464724624081e-01 0.000000000000000000e+00 1.069640418752844727e-02 0.000000000000000000e+00
1.925000000000000000e+04 7.699747883198804210e-02 1.013882567137004975e-01 8.906463359126081114e-01 0.000000000000000000e+00 7.965407373691398007e-03 0.000000000000000000e+00
1.950000000000000000e+04 7.799744608954628511e-02 9.729176149294492537e-02 8.938324988620847122e-01 0.000000000000000000e+00 8.875739644970414427e-03 0.000000000000000000e+00
1.975000000000000000e+04 7.899741334710452811e-02 9.057806099226217711e-02 9.019116977696859383e-01 0.000000000000000000e+00 7.510241238051888930e-03 0.000000000000000000e+00
2.000000000000000000e+04 7.999738060466277112e-02 9.604005461993628257e-02 8.938324988620847122e-01 0.000000000000000000e+00 1.012744651797906244e-02 0.000000000000000000e+00
2.025000000000000000e+04 8.099734786222101413e-02 1.137915339098771045e-01 8.743741465634956578e-01 0.000000000000000000e+00 1.183431952662721866e-02 0.000000000000000000e+00
2.050000000000000000e+04 8.199731511977947918e-02 1.120846609012289552e-01 8.748293126991352198e-01 0.000000000000000000e+00 1.308602639963586667e-02 0.000000000000000000e+00
2.075000000000000000e+04 8.299728237733772218e-02 1.441738734638143005e-01 8.269230769230768718e-01 2.275830678197542133e-04 2.867546654528902936e-02 0.000000000000000000e+00
2.100000000000000000e+04 8.399724963489596519e-02 1.743286299499317293e-01 7.768548020027310486e-01 0.000000000000000000e+00 4.881656804733727761e-02 0.000000000000000000e+00
2.125000000000000000e+04 8.499721689245420819e-02 2.032316795630405015e-01 7.282658170232134687e-01 1.137915339098771066e-04 6.838871187983613931e-02 0.000000000000000000e+00
2.150000000000000000e+04 8.599718415001245120e-02 2.389622212107419263e-01 6.216431497496586189e-01 1.411015020482476144e-02 1.252844788347746985e-01 0.000000000000000000e+00
2.175000000000000000e+04 8.699715140757069420e-02 2.403277196176604458e-01 5.593991807009558448e-01 4.221665908056440597e-02 1.580564406008193035e-01 0.000000000000000000e+00
2.200000000000000000e+04 8.799711866512915925e-02 2.600136549840691980e-01 5.061447428311333097e-01 8.386436049157942885e-02 1.499772416932180219e-01 0.000000000000000000e+00
2.225000000000000000e+04 8.899708592268740226e-02 2.377105143377332697e-01 4.979517523896221931e-01 1.502048247610377751e-01 1.141329085116067343e-01 0.000000000000000000e+00
2.250000000000000000e+04 8.999705318024564527e-02 1.917387346381429214e-01 5.374374146563495325e-01 2.009558488848429691e-01 6.986800182066454923e-02 0.000000000000000000e+00
2.275000000000000000e+04 9.099702043780388827e-02 1.596495220755575761e-01 5.745334547109695045e-01 2.125625853436504398e-01 5.325443786982248656e-02 0.000000000000000000e+00
2.300000000000000000e+04 9.199698769536213128e-02 1.643149749658625314e-01 5.826126536185707305e-01 2.154073736913973691e-01 3.766499772416932040e-02 0.000000000000000000e+00
2.325000000000000000e+04 9.299695495292059633e-02 1.351843422849340060e-01 6.042330450614474824e-01 2.349795175238962308e-01 2.560309512972235024e-02 0.000000000000000000e+00
2.350000000000000000e+04 9.399692221047883933e-02 1.073054164770141095e-01 6.252844788347746707e-01 2.517068730086481354e-01 1.570323167956303931e-02 0.000000000000000000e+00
2.375000000000000000e+04 9.499688946803708234e-02 1.037778789258079204e-01 6.199362767410104835e-01 2.619481110605371144e-01 1.433773327264451468e-02 0.000000000000000000e+00
2.400000000000000000e+04 9.599685672559532534e-02 9.968138370505234824e-02 6.232362312243968638e-01 2.630860263996358528e-01 1.399635867091488309e-02 0.000000000000000000e+00
2.425000000000000000e+04 9.699682398315356835e-02 1.131087847064178448e-01 6.095812471552116696e-01 2.672963131543013016e-01 1.001365498406918582e-02 0.000000000000000000e+00
2.450000000000000000e+04 9.799679124071203340e-02 1.127674101046882149e-01 5.986572598998634032e-01 2.725307237141556538e-01 1.604460628129267263e-02 0.000000000000000000e+00
2.475000000000000000e+04 9.899675849827027641e-02 1.044606281292671801e-01 6.045744196631770428e-01 2.789030496131087999e-01 1.206190259444697363e-02 0.000000000000000000e+00
2.500000000000000000e+04 9.999672575582851941e-02 1.148156577150659940e-01 5.900091033227128356e-01 2.770823850705507740e-01 1.809285389167045871e-02 0.000000000000000000e+00
2.525000000000000000e+04 1.009966930133867624e-01 1.019572143832498806e-01 6.041192535275375919e-01 2.824305871643149612e-01 1.149294492489758707e-02 0.000000000000000000e+00
2.550000000000000000e+04 1.019966602709450054e-01 1.136777423759672279e-01 5.889849795175239322e-01 2.808375056895767163e-01 1.649977241693217911e-02 0.000000000000000000e+00
2.575000000000000000e+04 1.029966275285034705e-01 1.207328174783796060e-01 5.796540737369140217e-01 2.825443786982248517e-01 1.706873008648156567e-02 0.000000000000000000e+00
2.600000000000000000e+04 1.039965947860617135e-01 1.291533909877105035e-01 5.744196631770596140e-01 2.779927173418297870e-01 1.843422849340009204e-02 0.000000000000000000e+00
2.625000000000000000e+04 1.049965620436199565e-01 1.258534365043240677e-01 5.786299499317251183e-01 2.752617205279926926e-01 2.025489303595812488e-02 0.000000000000000000e+00
2.650000000000000000e+04 1.059965293011781995e-01 1.350705507510241155e-01 5.622439690487027741e-01 2.833409194355939742e-01 1.934456076467910846e-02 0.000000000000000000e+00
2.675000000000000000e+04 1.069964965587364425e-01 1.313154301319981732e-01 5.648611743286299225e-01 2.844788347746927681e-01 1.934456076467910846e-02 0.000000000000000000e+00
2.700000000000000000e+04 1.079964638162946855e-01 1.496358670914884059e-01 5.451752389622211981e-01 2.811788802913063323e-01 2.401001365498407064e-02 0.000000000000000000e+00
2.725000000000000000e+04 1.089964310738531506e-01 1.512289485662266786e-01 5.391442876649977789e-01 2.832271279016841392e-01 2.639963586709149004e-02 0.000000000000000000e+00
2.750000000000000000e+04 1.099963983314113936e-01 1.679563040509786109e-01 5.161583978152025631e-01 2.789030496131087999e-01 3.698224852071006069e-02 0.000000000000000000e+00
2.775000000000000000e+04 1.109963655889696366e-01 1.793354574419663283e-01 5.030723714155667103e-01 2.727583067819754348e-01 4.483386436049158208e-02 0.000000000000000000e+00
2.800000000000000000e+04 1.119963328465278796e-01 1.917387346381429214e-01 4.813381884387801790e-01 2.816340464269458388e-01 4.528903049613108855e-02 0.000000000000000000e+00
2.825000000000000000e+04 1.129963001040861226e-01 1.704597177969958965e-01 4.750796540737369233e-01 3.185025034137460298e-01 3.595812471552116418e-02 0.000000000000000000e+00
2.850000000000000000e+04 1.139962673616445876e-01 1.689804278561675144e-01 4.733727810650887324e-01 3.156577150659991005e-01 4.198907601274465273e-02 0.000000000000000000e+00
2.875000000000000000e+04 1.149962346192028306e-01 1.805871643149749572e-01 4.519799726900318726e-01 3.162266727355484974e-01 5.120619025944470049e-02 0.000000000000000000e+00
2.900000000000000000e+04 1.159962018767610736e-01 2.061902594446973214e-01 4.264906690942193990e-01 3.057578516158397930e-01 6.156121984524351443e-02 0.000000000000000000e+00
2.925000000000000000e+04 1.169961691343193166e-01 2.089212562585343602e-01 4.407146108329540457e-01 3.082612653618570508e-01 4.210286754665452935e-02 0.000000000000000000e+00
2.950000000000000000e+04 1.179961363918775596e-01 1.619253527537551085e-01 5.012517068730086844e-01 3.164542558033682229e-01 2.036868456986800149e-02 0.000000000000000000e+00
2.975000000000000000e+04 1.189961036494360247e-01 1.118570778334091881e-01 5.546199362767409990e-01 3.179335457441966328e-01 1.558944014565316269e-02 0.000000000000000000e+00
3.000000000000000000e+04 1.199960709069942677e-01 1.027537551206190308e-01 5.631543013199817871e-01 3.192990441511151523e-01 1.479289940828402289e-02 0.000000000000000000e+00
3.025000000000000000e+04 1.209960381645525107e-01 9.717796995903504875e-02 5.631543013199817871e-01 3.252162039144287919e-01 1.445152480655439303e-02 0.000000000000000000e+00
3.050000000000000000e+04 1.219960054221107537e-01 1.025261720527992776e-01 5.580336822940372699e-01 3.200955848884842747e-01 1.934456076467910846e-02 0.000000000000000000e+00
3.075000000000000000e+04 1.229959726796689967e-01 9.683659535730541890e-02 5.636094674556213491e-01 3.232817478379608755e-01 1.627218934911242587e-02 0.000000000000000000e+00
3.100000000000000000e+04 1.239959399372274618e-01 9.956759217114247162e-02 5.630405097860718966e-01 3.188438780154756458e-01 1.854802002730996865e-02 0.000000000000000000e+00
3.125000000000000000e+04 1.249959071947857048e-01 9.956759217114247162e-02 5.607646791078744197e-01 3.231679563040509851e-01 1.649977241693217911e-02 0.000000000000000000e+00
3.150000000000000000e+04 1.259958744523439478e-01 9.990896677287210148e-02 5.607646791078744197e-01 3.200955848884842747e-01 1.923076923076923184e-02 0.000000000000000000e+00
3.175000000000000000e+04 1.269958417099021908e-01 1.043468365953573035e-01 5.587164314974966128e-01 3.212335002275830687e-01 1.570323167956303931e-02 0.000000000000000000e+00
3.200000000000000000e+04 1.279958089674604338e-01 9.763313609467455523e-02 5.607646791078744197e-01 3.228265817023213691e-01 1.877560309512972189e-02 0.000000000000000000e+00
3.225000000000000000e+04 1.289957762250186768e-01 1.053709604005461931e-01 5.527992717341829731e-01 3.219162494310423561e-01 1.991351843422849502e-02 0.000000000000000000e+00
3.250000000000000000e+04 1.299957434825771418e-01 1.046882111970869333e-01 5.589440145653163938e-01 3.190714610832954268e-01 1.729631315430131891e-02 0.000000000000000000e+00
3.275000000000000000e+04 1.309957107401353849e-01 1.058261265361857134e-01 5.578060992262175999e-01 3.212335002275830687e-01 1.513427401001365448e-02 0.000000000000000000e+00
3.300000000000000000e+04 1.319956779976936279e-01 1.060537096040054666e-01 5.589440145653163938e-01 3.197542102867546587e-01 1.524806554392353283e-02 0.000000000000000000e+00
3.325000000000000000e+04 1.329956452552518709e-01 1.038916704597177970e-01 5.584888484296768318e-01 3.221438324988620816e-01 1.547564861174328607e-02 0.000000000000000000e+00
3.350000000000000000e+04 1.339956125128101139e-01 1.043468365953573035e-01 5.549613108784706705e-01 3.215748748293126846e-01 1.911697769685935522e-02 0.000000000000000000e+00
3.375000000000000000e+04 1.349955797703685789e-01 1.077605826126536159e-01 5.567819754210286964e-01 3.232817478379608755e-01 1.217569412835685025e-02 0.000000000000000000e+00
3.400000000000000000e+04 1.359955470279268219e-01 1.029813381884387841e-01 5.557578516158397930e-01 3.268092853891670369e-01 1.445152480655439303e-02 0.000000000000000000e+00
3.425000000000000000e+04 1.369955142854850649e-01 1.076467910787437393e-01 5.535958124715520956e-01 3.235093309057806010e-01 1.524806554392353283e-02 0.000000000000000000e+00
3.450000000000000000e+04 1.379954815430433079e-01 1.118570778334091881e-01 5.518889394629039602e-01 3.218024578971324656e-01 1.445152480655439303e-02 0.000000000000000000e+00
3.475000000000000000e+04 1.389954488006015509e-01 1.121984524351388318e-01 5.512061902594447282e-01 3.222576240327719721e-01 1.433773327264451468e-02 0.000000000000000000e+00
3.500000000000000000e+04 1.399954160581600160e-01 9.990896677287210148e-02 5.629267182521620061e-01 3.212335002275830687e-01 1.593081474738279601e-02 0.000000000000000000e+00
3.525000000000000000e+04 1.409953833157182590e-01 1.067364588074647264e-01 5.557578516158397930e-01 3.165680473372781134e-01 2.093764223941738806e-02 0.000000000000000000e+00
3.550000000000000000e+04 1.419953505732765020e-01 1.016158397815202508e-01 5.595129722348657353e-01 3.215748748293126846e-01 1.729631315430131891e-02 0.000000000000000000e+00
3.575000000000000000e+04 1.429953178308347450e-01 1.004779244424214846e-01 5.576923076923077094e-01 3.240782885753299980e-01 1.775147928994082885e-02 0.000000000000000000e+00
3.600000000000000000e+04 1.439952850883929880e-01 1.002503413746017313e-01 5.616750113791534327e-01 3.229403732362312041e-01 1.513427401001365448e-02 0.000000000000000000e+00
3.625000000000000000e+04 1.449952523459512310e-01 1.067364588074647264e-01 5.580336822940372699e-01 3.172507965407373454e-01 1.797906235776058209e-02 0.000000000000000000e+00
3.650000000000000000e+04 1.459952196035096961e-01 1.184569868001820597e-01 5.499544833864360438e-01 3.156577150659991005e-01 1.593081474738279601e-02 0.000000000000000000e+00
3.675000000000000000e+04 1.469951868610679391e-01 1.071916249431042328e-01 5.550751024123805610e-01 3.207783340919435622e-01 1.695493855257168905e-02 0.000000000000000000e+00
3.700000000000000000e+04 1.479951541186261821e-01 1.145880746472462408e-01 5.504096495220756058e-01 3.190714610832954268e-01 1.593081474738279601e-02 0.000000000000000000e+00
3.725000000000000000e+04 1.489951213761844251e-01 1.151570323167956239e-01 5.506372325898952758e-01 3.169094219390077294e-01 1.729631315430131891e-02 0.000000000000000000e+00
3.750000000000000000e+04 1.499950886337426681e-01 1.251706873008648080e-01 5.416477014110150368e-01 3.157715065999089910e-01 1.741010468821119553e-02 0.000000000000000000e+00
3.775000000000000000e+04 1.509950558913011331e-01 1.191397360036413333e-01 5.431269913518433912e-01 3.164542558033682229e-01 2.127901684114701791e-02 0.000000000000000000e+00
3.800000000000000000e+04 1.519950231488593761e-01 1.346153846153846090e-01 5.383477469276285454e-01 3.092853891670459543e-01 1.775147928994082885e-02 0.000000000000000000e+00
3.825000000000000000e+04 1.529949904064176192e-01 1.148156577150659940e-01 5.469959035047792240e-01 3.122439690487027741e-01 2.594446973145198010e-02 0.000000000000000000e+00
3.850000000000000000e+04 1.539949576639758622e-01 1.253982703686845612e-01 5.483614019116977989e-01 3.101957214383249672e-01 1.604460628129267263e-02 0.000000000000000000e+00
3.875000000000000000e+04 1.549949249215341052e-01 1.214155666818388657e-01 5.473372781065088954e-01 3.111060537096039802e-01 2.014110150204824826e-02 0.000000000000000000e+00
3.900000000000000000e+04 1.559948921790925702e-01 1.282430587164314906e-01 5.408511606736459143e-01 3.117888029130632677e-01 1.911697769685935522e-02 0.000000000000000000e+00
3.925000000000000000e+04 1.569948594366508132e-01 1.260810195721438209e-01 5.436959490213928436e-01 3.103095129722348577e-01 1.991351843422849502e-02 0.000000000000000000e+00
3.950000000000000000e+04 1.579948266942090562e-01 1.266499772416932179e-01 5.463131543013199920e-01 3.088302230314064478e-01 1.820664542558033533e-02 0.000000000000000000e+00
3.975000000000000000e+04 1.589947939517672992e-01 1.213017751479289891e-01 5.452890304961310886e-01 3.125853436504323901e-01 2.082385070550751144e-02 0.000000000000000000e+00
4.000000000000000000e+04 1.599947612093255422e-01 1.201638598088302229e-01 5.506372325898952758e-01 3.093991807009558448e-01 1.979972690031861493e-02 0.000000000000000000e+00
4.025000000000000000e+04 1.609947284668840073e-01 1.340464269458352398e-01 5.430131998179335007e-01 3.027992717341829731e-01 2.014110150204824826e-02 0.000000000000000000e+00
4.050000000000000000e+04 1.619946957244422503e-01 1.308602639963586667e-01 5.422166590805643782e-01 3.111060537096039802e-01 1.581702321347291593e-02 0.000000000000000000e+00
4.075000000000000000e+04 1.629946629820004933e-01 1.326809285389166926e-01 5.368684569868001910e-01 3.096267637687756258e-01 2.082385070550751144e-02 0.000000000000000000e+00
4.100000000000000000e+04 1.639946302395587363e-01 1.413290851160673711e-01 5.365270823850705195e-01 3.025716886663632477e-01 1.957214383249886169e-02 0.000000000000000000e+00
4.125000000000000000e+04 1.649945974971169793e-01 1.461083295402822169e-01 5.265134274010013771e-01 3.064406008192990249e-01 2.093764223941738806e-02 0.000000000000000000e+00
4.150000000000000000e+04 1.659945647546752223e-01 1.461083295402822169e-01 5.309512972234865513e-01 3.009786071916249472e-01 2.196176604460628110e-02 0.000000000000000000e+00
4.175000000000000000e+04 1.669945320122336874e-01 1.475876194811105990e-01 5.291306326809285254e-01 3.030268548020027541e-01 2.025489303595812488e-02 0.000000000000000000e+00
4.200000000000000000e+04 1.679944992697919304e-01 1.511151570323167881e-01 5.246927628584433512e-01 3.017751479289940697e-01 2.241693218024579104e-02 0.000000000000000000e+00
4.225000000000000000e+04 1.689944665273501734e-01 1.657942649066909413e-01 5.150204824761037692e-01 3.005234410559854408e-01 1.866181156121984527e-02 0.000000000000000000e+00
4.250000000000000000e+04 1.699944337849084164e-01 1.588529813381884259e-01 5.242375967228037892e-01 2.969959035047792240e-01 1.991351843422849502e-02 0.000000000000000000e+00
4.275000000000000000e+04 1.709944010424666594e-01 1.737596722803823324e-01 5.124032771961766208e-01 2.960855712335002110e-01 1.775147928994082885e-02 0.000000000000000000e+00
4.300000000000000000e+04 1.719943683000251244e-01 1.759217114246700020e-01 5.064861174328629811e-01 2.942649066909421851e-01 2.332726445152480746e-02 0.000000000000000000e+00
4.325000000000000000e+04 1.729943355575833674e-01 1.778561675011379184e-01 5.061447428311333097e-01 2.943786982248520756e-01 2.162039144287665124e-02 0.000000000000000000e+00
4.350000000000000000e+04 1.739943028151416105e-01 1.704597177969958965e-01 5.103550295857988139e-01 2.959717796995903760e-01 2.321347291761493084e-02 0.000000000000000000e+00
4.375000000000000000e+04 1.749942700726998535e-01 1.816112881201638607e-01 5.036413290851160518e-01 2.950614474283113076e-01 1.968593536640873831e-02 0.000000000000000000e+00
4.400000000000000000e+04 1.759942373302580965e-01 1.778561675011379184e-01 5.086481565771506785e-01 2.936959490213927881e-01 1.979972690031861493e-02 0.000000000000000000e+00
4.425000000000000000e+04 1.769942045878165615e-01 2.006144742831133254e-01 4.883932635411925571e-01 2.835685025034137552e-01 2.742375967228038308e-02 0.000000000000000000e+00
4.450000000000000000e+04 1.779941718453748045e-01 1.964041875284478766e-01 4.887346381429221731e-01 2.855029585798816716e-01 2.935821574874829254e-02 0.000000000000000000e+00
4.475000000000000000e+04 1.789941391029330475e-01 2.115384615384615363e-01 4.743969048702776359e-01 2.885753299954483264e-01 2.548930359581247015e-02 0.000000000000000000e+00
4.500000000000000000e+04 1.799941063604912905e-01 2.110832954028220299e-01 4.799726900318616041e-01 2.848202093764223841e-01 2.412380518889394726e-02 0.000000000000000000e+00
4.525000000000000000e+04 1.809940736180495335e-01 2.135867091488393155e-01 4.713245334547109811e-01 2.932407828857532817e-01 2.184797451069640448e-02 0.000000000000000000e+00
4.550000000000000000e+04 1.819940408756079986e-01 2.246244879380974169e-01 4.555075102412380339e-01 2.893718707328175044e-01 3.049613108784706567e-02 0.000000000000000000e+00
4.575000000000000000e+04 1.829940081331662416e-01 2.358898497951752438e-01 4.535730541647701175e-01 2.814064633591260578e-01 2.913063268092853930e-02 0.000000000000000000e+00
4.600000000000000000e+04 1.839939753907244846e-01 2.410104688211197055e-01 4.483386436049158208e-01 2.744651797906235702e-01 3.618570778334091742e-02 0.000000000000000000e+00
4.625000000000000000e+04 1.849939426482827276e-01 2.253072371415566766e-01 4.524351388256713791e-01 2.924442421483841592e-01 2.981338188438780248e-02 0.000000000000000000e+00
4.650000000000000000e+04 1.859939099058409706e-01 2.444242148384160318e-01 4.427628584433317971e-01 2.908511606736458588e-01 2.196176604460628110e-02 0.000000000000000000e+00
4.675000000000000000e+04 1.869938771633992136e-01 2.220072826581702408e-01 4.424214838416021811e-01 3.098543468365953513e-01 2.571688666363222686e-02 0.000000000000000000e+00
4.700000000000000000e+04 1.879938444209576787e-01 2.138142922166590687e-01 4.511834319526626946e-01 3.078060992262175444e-01 2.719617660446062984e-02 0.000000000000000000e+00
4.725000000000000000e+04 1.889938116785159217e-01 1.667045971779699542e-01 4.965862539827036737e-01 3.187300864815657553e-01 1.797906235776058209e-02 0.000000000000000000e+00
4.750000000000000000e+04 1.899937789360741647e-01 1.516841147018661851e-01 5.079654073736914466e-01 3.255575785161584079e-01 1.479289940828402289e-02 0.000000000000000000e+00
4.775000000000000000e+04 1.909937461936324077e-01 1.535047792444242110e-01 5.047792444242148457e-01 3.263541192535275304e-01 1.536185707783340945e-02 0.000000000000000000e+00
4.800000000000000000e+04 1.919937134511906507e-01 1.481565771506599960e-01 5.069412835685025431e-01 3.274920345926263243e-01 1.741010468821119553e-02 0.000000000000000000e+00
4.825000000000000000e+04 1.929936807087491157e-01 1.562357760582612776e-01 5.058033682294037492e-01 3.220300409649521911e-01 1.593081474738279601e-02 0.000000000000000000e+00
4.850000000000000000e+04 1.939936479663073587e-01 1.595357305416477134e-01 4.974965862539826866e-01 3.261265361857078049e-01 1.684114701866181243e-02 0.000000000000000000e+00
4.875000000000000000e+04 1.949936152238656017e-01 1.589667728720983164e-01 4.978379608557123581e-01 3.262403277196176399e-01 1.695493855257168905e-02 0.000000000000000000e+00
4.900000000000000000e+04 1.959935824814238448e-01 1.572598998634501533e-01 4.955621301775147702e-01 3.319299044151114986e-01 1.524806554392353283e-02 0.000000000000000000e+00
4.925000000000000000e+04 1.969935497389820878e-01 1.655666818388711881e-01 4.911242603550295960e-01 3.278334091943559403e-01 1.547564861174328607e-02 0.000000000000000000e+00
4.950000000000000000e+04 1.979935169965405528e-01 1.632908511606736557e-01 4.888484296768320636e-01 3.313609467455621571e-01 1.649977241693217911e-02 0.000000000000000000e+00
4.975000000000000000e+04 1.989934842540987958e-01 1.630632680928539024e-01 4.941966317705962508e-01 3.262403277196176399e-01 1.649977241693217911e-02 0.000000000000000000e+00
5.000000000000000000e+04 1.999934515116570388e-01 1.694355939918070209e-01 4.887346381429221731e-01 3.258989531178880239e-01 1.593081474738279601e-02 0.000000000000000000e+00
5.025000000000000000e+04 2.009934187692152818e-01 1.635184342284934089e-01 4.888484296768320636e-01 3.298816568047337472e-01 1.775147928994082885e-02 0.000000000000000000e+00
5.050000000000000000e+04 2.019933860267735248e-01 1.712562585343650468e-01 4.871415566681838727e-01 3.244196631770596140e-01 1.718252162039144229e-02 0.000000000000000000e+00
5.075000000000000000e+04 2.029933532843317678e-01 1.827492034592626269e-01 4.782658170232134687e-01 3.245334547109695045e-01 1.445152480655439303e-02 0.000000000000000000e+00
5.100000000000000000e+04 2.039933205418902329e-01 1.598771051433773294e-01 4.913518434228493215e-01 3.315885298133818826e-01 1.718252162039144229e-02 0.000000000000000000e+00
5.125000000000000000e+04 2.049932877994484759e-01 1.729631315430132099e-01 4.790623577605825911e-01 3.309057806099225951e-01 1.706873008648156567e-02 0.000000000000000000e+00
5.150000000000000000e+04 2.059932550570067189e-01 1.695493855257168836e-01 4.782658170232134687e-01 3.368229403732362348e-01 1.536185707783340945e-02 0.000000000000000000e+00
5.175000000000000000e+04 2.069932223145649619e-01 1.776285844333181652e-01 4.701866181156121871e-01 3.347746927628584279e-01 1.741010468821119553e-02 0.000000000000000000e+00
5.200000000000000000e+04 2.079931895721232049e-01 1.863905325443787064e-01 4.695038689121529552e-01 3.295402822030040757e-01 1.456531634046426965e-02 0.000000000000000000e+00
5.225000000000000000e+04 2.089931568296816700e-01 1.860491579426490627e-01 4.715521165225307065e-01 3.284023668639053373e-01 1.399635867091488309e-02 0.000000000000000000e+00
5.250000000000000000e+04 2.099931240872399130e-01 1.867319071461083224e-01 4.688211197086936677e-01 3.236231224396904915e-01 2.082385070550751144e-02 0.000000000000000000e+00
5.275000000000000000e+04 2.109930913447981560e-01 1.982248520710059303e-01 4.550523441055985274e-01 3.277196176604460498e-01 1.900318616294947513e-02 0.000000000000000000e+00
5.300000000000000000e+04 2.119930586023563990e-01 1.884387801547564856e-01 4.745106964041875264e-01 3.222576240327719721e-01 1.479289940828402289e-02 0.000000000000000000e+00
5.325000000000000000e+04 2.129930258599146420e-01 1.899180700955848955e-01 4.774692762858443462e-01 3.152025489303595940e-01 1.741010468821119553e-02 0.000000000000000000e+00
5.350000000000000000e+04 2.139929931174731070e-01 1.916249431042330587e-01 4.758761948111060458e-01 3.188438780154756458e-01 1.365498406918525323e-02 0.000000000000000000e+00
5.375000000000000000e+04 2.149929603750313500e-01 1.883249886208466228e-01 4.815657715065999045e-01 3.165680473372781134e-01 1.354119253527537488e-02 0.000000000000000000e+00
5.400000000000000000e+04 2.159929276325895930e-01 1.808147473827947105e-01 4.748520710059171424e-01 3.252162039144287919e-01 1.911697769685935522e-02 0.000000000000000000e+00
5.425000000000000000e+04 2.169928948901478361e-01 2.043695949021392677e-01 4.610832954028220576e-01 3.161128812016386069e-01 1.843422849340009204e-02 0.000000000000000000e+00
5.450000000000000000e+04 2.179928621477060791e-01 2.041420118343195145e-01 4.564178425125170468e-01 3.220300409649521911e-01 1.741010468821119553e-02 0.000000000000000000e+00
5.475000000000000000e+04 2.189928294052645441e-01 1.983386436049157930e-01 4.586936731907146347e-01 3.272644515248065433e-01 1.570323167956303931e-02 0.000000000000000000e+00
5.500000000000000000e+04 2.199927966628227871e-01 1.998179335457442030e-01 4.540282203004096240e-01 3.299954483386435822e-01 1.615839781520254925e-02 0.000000000000000000e+00
5.525000000000000000e+04 2.209927639203810301e-01 1.926490669094219343e-01 4.589212562585343602e-01 3.356850250341374409e-01 1.274465179790623508e-02 0.000000000000000000e+00
5.550000000000000000e+04 2.219927311779392731e-01 1.998179335457442030e-01 4.485662266727355463e-01 3.381884387801547542e-01 1.342740100136549826e-02 0.000000000000000000e+00
5.575000000000000000e+04 2.229926984354975161e-01 1.982248520710059303e-01 4.454938552571688914e-01 3.417159763313609711e-01 1.456531634046426965e-02 0.000000000000000000e+00
5.600000000000000000e+04 2.239926656930557591e-01 1.987938097405552995e-01 4.454938552571688914e-01 3.394401456531633832e-01 1.627218934911242587e-02 0.000000000000000000e+00
5.625000000000000000e+04 2.249926329506142242e-01 1.970869367319071364e-01 4.532316795630405015e-01 3.378470641784251383e-01 1.183431952662721866e-02 0.000000000000000000e+00
5.650000000000000000e+04 2.259926002081724672e-01 2.014110150204824756e-01 4.505006827492034627e-01 3.357988165680473314e-01 1.228948566226672687e-02 0.000000000000000000e+00
5.675000000000000000e+04 2.269925674657307102e-01 1.989076012744651900e-01 4.552799271734183084e-01 3.322712790168411701e-01 1.354119253527537488e-02 0.000000000000000000e+00
