# itime ezz other fcc hcp bcc ico
0.000000000000000000e+00 0.000000000000000000e+00 0.000000000000000000e+00 1.000000000000000000e+00 0.000000000000000000e+00 0.000000000000000000e+00 0.000000000000000000e+00
2.500000000000000000e+02 9.999760724550554869e-04 4.551661356395084266e-04 9.995448338643604380e-01 0.000000000000000000e+00 0.000000000000000000e+00 0.000000000000000000e+00
5.000000000000000000e+02 1.999952144909888929e-03 2.275830678197542133e-04 9.997724169321802190e-01 0.000000000000000000e+00 0.000000000000000000e+00 0.000000000000000000e+00
7.500000000000000000e+02 2.999928217364944416e-03 2.162039144287664864e-03 9.978379608557123026e-01 0.000000000000000000e+00 0.000000000000000000e+00 0.000000000000000000e+00
1.000000000000000000e+03 3.999904289819999903e-03 2.275830678197542133e-04 9.997724169321802190e-01 0.000000000000000000e+00 0.000000000000000000e+00 0.000000000000000000e+00
1.250000000000000000e+03 4.999880362275055390e-03 1.251706873008648227e-03 9.987482931269913156e-01 0.000000000000000000e+00 0.000000000000000000e+00 0.000000000000000000e+00
1.500000000000000000e+03 5.999856434729888832e-03 1.137915339098771066e-04 9.998862084660901095e-01 0.000000000000000000e+00 0.000000000000000000e+00 0.000000000000000000e+00
1.750000000000000000e+03 6.999832507184944319e-03 1.593081474738279385e-03 9.984069185252617551e-01 0.000000000000000000e+00 0.000000000000000000e+00 0.000000000000000000e+00
2.000000000000000000e+03 7.999808579639999806e-03 1.365498406918525280e-03 9.986345015930814251e-01 0.000000000000000000e+00 0.000000000000000000e+00 0.000000000000000000e+00
2.250000000000000000e+03 8.999784652095055293e-03 4.551661356395084266e-04 9.995448338643604380e-01 0.000000000000000000e+00 0.000000000000000000e+00 0.000000000000000000e+00
2.500000000000000000e+03 9.999760724549888735e-03 1.024123805188893906e-03 9.989758761948110966e-01 0.000000000000000000e+00 0.000000000000000000e+00 0.000000000000000000e+00
2.750000000000000000e+03 1.099973679700494422e-02 2.275830678197542133e-04 9.997724169321802190e-01 0.000000000000000000e+00 0.000000000000000000e+00 0.000000000000000000e+00
3.000000000000000000e+03 1.199971286945999971e-02 1.024123805188893906e-03 9.989758761948110966e-01 0.000000000000000000e+00 0.000000000000000000e+00 0.000000000000000000e+00
3.250000000000000000e+03 1.299968894191505520e-02 1.137915339098770958e-03 9.988620846609012061e-01 0.000000000000000000e+00 0.000000000000000000e+00 0.000000000000000000e+00
3.500000000000000000e+03 1.399966501436988864e-02 2.730996813837050560e-03 9.972690031861629611e-01 0.000000000000000000e+00 0.000000000000000000e+00 0.000000000000000000e+00
3.750000000000000000e+03 1.499964108682494413e-02 1.479289940828402332e-03 9.985207100591716456e-01 0.000000000000000000e+00 0.000000000000000000e+00 0.000000000000000000e+00
4.000000000000000000e+03 1.599961715927999961e-02 9.103322712790168532e-04 9.990896677287209870e-01 0.000000000000000000e+00 0.000000000000000000e+00 0.000000000000000000e+00
4.250000000000000000e+03 1.699959323173505510e-02 1.024123805188893906e-03 9.989758761948110966e-01 0.000000000000000000e+00 0.000000000000000000e+00 0.000000000000000000e+00
4.500000000000000000e+03 1.799956930418988854e-02 5.689576695493854790e-04 9.994310423304506585e-01 0.000000000000000000e+00 0.000000000000000000e+00 0.000000000000000000e+00
4.750000000000000000e+03 1.899954537664494403e-02 9.103322712790168532e-04 9.989758761948110966e-01 0.000000000000000000e+00 1.137915339098771066e-04 0.000000000000000000e+00
5.000000000000000000e+03 1.999952144909999951e-02 4.096495220755575623e-03 9.957897132453344957e-01 0.000000000000000000e+00 1.137915339098771066e-04 0.000000000000000000e+00
5.250000000000000000e+03 2.099949752155505500e-02 2.275830678197541916e-03 9.977241693218024121e-01 0.000000000000000000e+00 0.000000000000000000e+00 0.000000000000000000e+00
5.500000000000000000e+03 2.199947359400988844e-02 1.251706873008648227e-03 9.987482931269913156e-01 0.000000000000000000e+00 0.000000000000000000e+00 0.000000000000000000e+00
5.750000000000000000e+03 2.299944966646494393e-02 3.527537551206190360e-03 9.963586709148839482e-01 0.000000000000000000e+00 1.137915339098771066e-04 0.000000000000000000e+00
6.000000000000000000e+03 2.399942573891999942e-02 1.934456076467910759e-03 9.980655439235320836e-01 0.000000000000000000e+00 0.000000000000000000e+00 0.000000000000000000e+00
6.250000000000000000e+03 2.499940181137505490e-02 2.503413746017296455e-03 9.974965862539827421e-01 0.000000000000000000e+00 0.000000000000000000e+00 0.000000000000000000e+00
6.500000000000000000e+03 2.599937788382988835e-02 4.210286754665453109e-03 9.956759217114247162e-01 0.000000000000000000e+00 1.137915339098771066e-04 0.000000000000000000e+00
6.750000000000000000e+03 2.699935395628494383e-02 3.641329085116067413e-03 9.962448793809740577e-01 0.000000000000000000e+00 1.137915339098771066e-04 0.000000000000000000e+00
7.000000000000000000e+03 2.799933002873999932e-02 5.461993627674101119e-03 9.944242148384160318e-01 0.000000000000000000e+00 1.137915339098771066e-04 0.000000000000000000e+00
7.250000000000000000e+03 2.899930610119505481e-02 3.982703686845699004e-03 9.959035047792443862e-01 0.000000000000000000e+00 1.137915339098771066e-04 0.000000000000000000e+00
7.500000000000000000e+03 2.999928217364988825e-02 5.234410559854347014e-03 9.947655894401457033e-01 0.000000000000000000e+00 0.000000000000000000e+00 0.000000000000000000e+00
7.750000000000000000e+03 3.099925824610494374e-02 4.324078288575329727e-03 9.955621301775148257e-01 0.000000000000000000e+00 1.137915339098771066e-04 0.000000000000000000e+00
8.000000000000000000e+03 3.199923431855999922e-02 5.348202093764223633e-03 9.946517979062358128e-01 0.000000000000000000e+00 0.000000000000000000e+00 0.000000000000000000e+00
8.250000000000000000e+03 3.299921039101505471e-02 2.162039144287664864e-03 9.976103777878926326e-01 0.000000000000000000e+00 2.275830678197542133e-04 0.000000000000000000e+00
8.500000000000000000e+03 3.399918646346988815e-02 6.713700500682749130e-03 9.928311333636777869e-01 0.000000000000000000e+00 4.551661356395084266e-04 0.000000000000000000e+00
8.750000000000000000e+03 3.499916253592494364e-02 4.551661356395083832e-03 9.953345471096950448e-01 0.000000000000000000e+00 1.137915339098771066e-04 0.000000000000000000e+00
9.000000000000000000e+03 3.599913860837999913e-02 2.048247610377787811e-03 9.974965862539827421e-01 0.000000000000000000e+00 4.551661356395084266e-04 0.000000000000000000e+00
9.250000000000000000e+03 3.699911468083505461e-02 4.665452890304961318e-03 9.952207555757851543e-01 0.000000000000000000e+00 1.137915339098771066e-04 0.000000000000000000e+00
9.500000000000000000e+03 3.799909075328988806e-02 5.461993627674101119e-03 9.943104233045061413e-01 0.000000000000000000e+00 2.275830678197542133e-04 0.000000000000000000e+00
9.750000000000000000e+03 3.899906682574494354e-02 6.941283568502503235e-03 9.926035502958580059e-01 0.000000000000000000e+00 4.551661356395084266e-04 0.000000000000000000e+00
1.000000000000000000e+04 3.999904289819999903e-02 5.917159763313609329e-03 9.934000910332271284e-01 0.000000000000000000e+00 6.827492034592626399e-04 0.000000000000000000e+00
1.025000000000000000e+04 4.099901897065505452e-02 8.648156577150659455e-03 9.911242603550295405e-01 0.000000000000000000e+00 2.275830678197542133e-04 0.000000000000000000e+00
1.050000000000000000e+04 4.199899504310988796e-02 8.534365043240782836e-03 9.910104688211197610e-01 0.000000000000000000e+00 4.551661356395084266e-04 0.000000000000000000e+00
1.075000000000000000e+04 4.299897111556494345e-02 9.444697314519799256e-03 9.905553026854801990e-01 0.000000000000000000e+00 0.000000000000000000e+00 0.000000000000000000e+00
1.100000000000000000e+04 4.399894718801999893e-02 8.192990441511151245e-03 9.913518434228493215e-01 0.000000000000000000e+00 4.551661356395084266e-04 0.000000000000000000e+00
1.125000000000000000e+04 4.499892326047505442e-02 9.672280382339554228e-03 9.899863450159308575e-01 0.000000000000000000e+00 3.413746017296313199e-04 0.000000000000000000e+00
1.150000000000000000e+04 4.599889933292988786e-02 1.092398725534820224e-02 9.889622212107419541e-01 0.000000000000000000e+00 1.137915339098771066e-04 0.000000000000000000e+00
1.175000000000000000e+04 4.699887540538494335e-02 1.115157032316795548e-02 9.883932635411925016e-01 0.000000000000000000e+00 4.551661356395084266e-04 0.000000000000000000e+00
1.200000000000000000e+04 4.799885147783999884e-02 1.081019572143832562e-02 9.886208466090122826e-01 0.000000000000000000e+00 5.689576695493854790e-04 0.000000000000000000e+00
1.225000000000000000e+04 4.899882755029505432e-02 1.411015020482476144e-02 9.853208921256259023e-01 0.000000000000000000e+00 5.689576695493854790e-04 0.000000000000000000e+00
1.250000000000000000e+04 4.999880362274988777e-02 1.069640418752844727e-02 9.889622212107419541e-01 0.000000000000000000e+00 3.413746017296313199e-04 0.000000000000000000e+00
1.275000000000000000e+04 5.099877969520494325e-02 1.388256713700500647e-02 9.854346836595356818e-01 0.000000000000000000e+00 6.827492034592626399e-04 0.000000000000000000e+00
1.300000000000000000e+04 5.199875576765999874e-02 1.308602639963586667e-02 9.864588074647245852e-01 0.000000000000000000e+00 4.551661356395084266e-04 0.000000000000000000e+00
1.325000000000000000e+04 5.299873184011505423e-02 1.763768775603095224e-02 9.814519799726900695e-01 0.000000000000000000e+00 9.103322712790168532e-04 0.000000000000000000e+00
1.350000000000000000e+04 5.399870791256988767e-02 1.820664542558033533e-02 9.809968138370505075e-01 0.000000000000000000e+00 7.965407373691396923e-04 0.000000000000000000e+00
1.375000000000000000e+04 5.499868398502494315e-02 1.741010468821119553e-02 9.821347291761493015e-01 0.000000000000000000e+00 4.551661356395084266e-04 0.000000000000000000e+00
1.400000000000000000e+04 5.599866005747999864e-02 1.752389622212107562e-02 9.813381884387801790e-01 0.000000000000000000e+00 1.137915339098770958e-03 0.000000000000000000e+00
1.425000000000000000e+04 5.699863612993505413e-02 1.888939462903959851e-02 9.796313154301320436e-01 0.000000000000000000e+00 1.479289940828402332e-03 0.000000000000000000e+00
1.450000000000000000e+04 5.799861220238988757e-02 2.856167501137915274e-02 9.698452435138825711e-01 0.000000000000000000e+00 1.593081474738279385e-03 0.000000000000000000e+00
1.475000000000000000e+04 5.899858827484494306e-02 2.480655439235321044e-02 9.741693218024578549e-01 0.000000000000000000e+00 1.024123805188893906e-03 0.000000000000000000e+00
1.500000000000000000e+04 5.999856434729999854e-02 2.537551206190259354e-02 9.738279472007282944e-01 0.000000000000000000e+00 7.965407373691396923e-04 0.000000000000000000e+00
1.525000000000000000e+04 6.099854041975483199e-02 2.514792899408284030e-02 9.734865725989986229e-01 0.000000000000000000e+00 1.365498406918525280e-03 0.000000000000000000e+00
1.550000000000000000e+04 6.199851649220988747e-02 2.389622212107419055e-02 9.749658625398270884e-01 0.000000000000000000e+00 1.137915339098770958e-03 0.000000000000000000e+00
1.575000000000000000e+04 6.299849256466494296e-02 3.334091943559399501e-02 9.649522075557578349e-01 0.000000000000000000e+00 1.706873008648156654e-03 0.000000000000000000e+00
1.600000000000000000e+04 6.399846863711999845e-02 2.890304961310878606e-02 9.695038689121528996e-01 0.000000000000000000e+00 1.593081474738279385e-03 0.000000000000000000e+00
1.625000000000000000e+04 6.499844470957483189e-02 3.755120619025944378e-02 9.613108784706417831e-01 0.000000000000000000e+00 1.137915339098770958e-03 0.000000000000000000e+00
1.650000000000000000e+04 6.599842078202988738e-02 3.925807919890760000e-02 9.594902139280837572e-01 0.000000000000000000e+00 1.251706873008648227e-03 0.000000000000000000e+00
1.675000000000000000e+04 6.699839685448494286e-02 3.709604005461993731e-02 9.621074192080109055e-01 0.000000000000000000e+00 7.965407373691396923e-04 0.000000000000000000e+00
1.700000000000000000e+04 6.799837292693999835e-02 3.925807919890760000e-02 9.585798816568047442e-01 0.000000000000000000e+00 2.162039144287664864e-03 0.000000000000000000e+00
1.725000000000000000e+04 6.899834899939483179e-02 4.494765589440145870e-02 9.535730541647701175e-01 0.000000000000000000e+00 1.479289940828402332e-03 0.000000000000000000e+00
1.750000000000000000e+04 6.999832507184988728e-02 5.484751934456076616e-02 9.416249431042330587e-01 0.000000000000000000e+00 3.527537551206190360e-03 0.000000000000000000e+00
1.775000000000000000e+04 7.099830114430494277e-02 4.710969503868912139e-02 9.505006827492034072e-01 0.000000000000000000e+00 2.389622212107419402e-03 0.000000000000000000e+00
1.800000000000000000e+04 7.199827721675999825e-02 4.563040509786071841e-02 9.510696404187528596e-01 0.000000000000000000e+00 3.299954483386436255e-03 0.000000000000000000e+00
1.825000000000000000e+04 7.299825328921483170e-02 6.474738279472007363e-02 9.310423304506144637e-01 0.000000000000000000e+00 4.210286754665453109e-03 0.000000000000000000e+00
1.850000000000000000e+04 7.399822936166988718e-02 6.713700500682749650e-02 9.272872098315885214e-01 0.000000000000000000e+00 5.575785161583977738e-03 0.000000000000000000e+00
1.875000000000000000e+04 7.499820543412494267e-02 6.656804733727811341e-02 9.266044606281292895e-01 0.000000000000000000e+00 6.827492034592626616e-03 0.000000000000000000e+00
1.900000000000000000e+04 7.599818150657999816e-02 7.521620391442876419e-02 9.188666363222576239e-01 0.000000000000000000e+00 5.917159763313609329e-03 0.000000000000000000e+00
1.925000000000000000e+04 7.699815757903483160e-02 8.466090122894856518e-02 9.066909421939007840e-01 0.000000000000000000e+00 8.648156577150659455e-03 0.000000000000000000e+00
1.950000000000000000e+04 7.799813365148988709e-02 8.158852981338188259e-02 9.112426035502958488e-01 0.000000000000000000e+00 7.168866636322257339e-03 0.000000000000000000e+00
1.975000000000000000e+04 7.899810972394494257e-02 8.739189804278561791e-02 9.033909877105142927e-01 0.000000000000000000e+00 9.217114246700046018e-03 0.000000000000000000e+00
2.000000000000000000e+04 7.999808579639999806e-02 1.100364132908511622e-01 8.788120163859808320e-01 0.000000000000000000e+00 1.115157032316795548e-02 0.000000000000000000e+00
2.025000000000000000e+04 8.099806186885483150e-02 9.763313609467455523e-02 8.885980883022303045e-01 0.000000000000000000e+00 1.376877560309512985e-02 0.000000000000000000e+00
2.050000000000000000e+04 8.199803794130988699e-02 9.945380063723259501e-02 8.900773782430587699e-01 0.000000000000000000e+00 1.046882111970869403e-02 0.000000000000000000e+00
2.075000000000000000e+04 8.299801401376494248e-02 1.300637232589895442e-01 8.477469276285843902e-01 0.000000000000000000e+00 2.218934911242603433e-02 0.000000000000000000e+00
2.100000000000000000e+04 8.399799008621999796e-02 1.378015475648611821e-01 8.354574419663176599e-01 1.137915339098771066e-04 2.662721893491124328e-02 0.000000000000000000e+00
2.125000000000000000e+04 8.499796615867483141e-02 1.669321802457897075e-01 7.867546654528903005e-01 7.965407373691396923e-04 4.551661356395084179e-02 0.000000000000000000e+00
2.150000000000000000e+04 8.599794223112988689e-02 1.887801547564861293e-01 7.366863905325443662e-01 9.103322712790168532e-04 7.362312243969049153e-02 0.000000000000000000e+00
2.175000000000000000e+04 8.699791830358494238e-02 2.104005461993627701e-01 6.941283568502503165e-01 1.820664542558033706e-03 9.365043240782885969e-02 0.000000000000000000e+00
2.200000000000000000e+04 8.799789437603999787e-02 2.336140191169776836e-01 6.426945835229859183e-01 4.210286754665453109e-03 1.194811106053709632e-01 0.000000000000000000e+00
2.225000000000000000e+04 8.899787044849483131e-02 2.402139280837505553e-01 5.837505689576695245e-01 2.321347291761493084e-02 1.528220300409649512e-01 0.000000000000000000e+00
2.250000000000000000e+04 8.999784652094988679e-02 2.420345926263086089e-01 5.508648156577150568e-01 7.089212562585343880e-02 1.362084660901228816e-01 0.000000000000000000e+00
2.275000000000000000e+04 9.099782259340494228e-02 2.076695493855257035e-01 5.946745562130177909e-01 1.325671370050068298e-01 6.508875739644970349e-02 0.000000000000000000e+00
2.300000000000000000e+04 9.199779866585999777e-02 1.631770596267637652e-01 6.090122894856622171e-01 1.862767410104688159e-01 4.153390987710514626e-02 0.000000000000000000e+00
2.325000000000000000e+04 9.299777473831483121e-02 1.290395994538006408e-01 5.971779699590350488e-01 2.387346381429221731e-01 3.504779244424215123e-02 0.000000000000000000e+00
2.350000000000000000e+04 9.399775081076988670e-02 1.292671825216203940e-01 6.257396449704142327e-01 2.215521165225307343e-01 2.344105598543468408e-02 0.000000000000000000e+00
2.375000000000000000e+04 9.499772688322494218e-02 1.142467000455166110e-01 6.918525261720528396e-01 1.857077833409194467e-01 8.192990441511151245e-03 0.000000000000000000e+00
2.400000000000000000e+04 9.599770295567999767e-02 6.372325898953118406e-02 8.124715521165225551e-01 1.213017751479289891e-01 2.503413746017296455e-03 0.000000000000000000e+00
2.425000000000000000e+04 9.699767902813483111e-02 4.551661356395084179e-02 8.862084660901229372e-01 6.725079654073737312e-02 1.024123805188893906e-03 0.000000000000000000e+00
2.450000000000000000e+04 9.799765510058988660e-02 1.558944014565316269e-02 9.841829767865271084e-01 0.000000000000000000e+00 2.275830678197542133e-04 0.000000000000000000e+00
2.475000000000000000e+04 9.899763117304494209e-02 9.672280382339554228e-03 9.902139280837505275e-01 0.000000000000000000e+00 1.137915339098771066e-04 0.000000000000000000e+00
2.500000000000000000e+04 9.999760724549999757e-02 7.851615839781519654e-03 9.918070095584888834e-01 2.275830678197542133e-04 1.137915339098771066e-04 0.000000000000000000e+00
2.525000000000000000e+04 1.009975833179548310e-01 7.510241238051888930e-03 9.924897587619481154e-01 0.000000000000000000e+00 0.000000000000000000e+00 0.000000000000000000e+00
2.550000000000000000e+04 1.019975593904098865e-01 8.079198907601274626e-03 9.919208010923987739e-01 0.000000000000000000e+00 0.000000000000000000e+00 0.000000000000000000e+00
2.575000000000000000e+04 1.029975354628649420e-01 9.444697314519799256e-03 9.904415111515703085e-01 0.000000000000000000e+00 1.137915339098771066e-04 0.000000000000000000e+00
2.600000000000000000e+04 1.039975115353199975e-01 9.103322712790167665e-03 9.907828857532999800e-01 0.000000000000000000e+00 1.137915339098771066e-04 0.000000000000000000e+00
2.625000000000000000e+04 1.049974876077748309e-01 9.444697314519799256e-03 9.902139280837505275e-01 1.137915339098771066e-04 2.275830678197542133e-04 0.000000000000000000e+00
2.650000000000000000e+04 1.059974636802298864e-01 8.306781975421027864e-03 9.916932180245789930e-01 0.000000000000000000e+00 0.000000000000000000e+00 0.000000000000000000e+00
2.675000000000000000e+04 1.069974397526849419e-01 7.965407373691398007e-03 9.918070095584888834e-01 0.000000000000000000e+00 2.275830678197542133e-04 0.000000000000000000e+00
2.700000000000000000e+04 1.079974158251399974e-01 8.989531178880291046e-03 9.906690942193900895e-01 0.000000000000000000e+00 3.413746017296313199e-04 0.000000000000000000e+00
2.725000000000000000e+04 1.089973918975948308e-01 9.558488848429677609e-03 9.903277196176604180e-01 0.000000000000000000e+00 1.137915339098771066e-04 0.000000000000000000e+00
2.750000000000000000e+04 1.099973679700498863e-01 1.115157032316795548e-02 9.887346381429221731e-01 0.000000000000000000e+00 1.137915339098771066e-04 0.000000000000000000e+00
2.775000000000000000e+04 1.109973440425049418e-01 1.319981793354574502e-02 9.868001820664542567e-01 0.000000000000000000e+00 0.000000000000000000e+00 0.000000000000000000e+00
2.800000000000000000e+04 1.119973201149599973e-01 1.149294492489758707e-02 9.882794720072826111e-01 0.000000000000000000e+00 2.275830678197542133e-04 0.000000000000000000e+00
2.825000000000000000e+04 1.129972961874148307e-01 1.172052799271734204e-02 9.882794720072826111e-01 0.000000000000000000e+00 0.000000000000000000e+00 0.000000000000000000e+00
2.850000000000000000e+04 1.139972722598698862e-01 1.172052799271734204e-02 9.878243058716431602e-01 0.000000000000000000e+00 4.551661356395084266e-04 0.000000000000000000e+00
2.875000000000000000e+04 1.149972483323249417e-01 1.035502958579881741e-02 9.895311788802912956e-01 0.000000000000000000e+00 1.137915339098771066e-04 0.000000000000000000e+00
2.900000000000000000e+04 1.159972244047799972e-01 1.206190259444697363e-02 9.877105143377332697e-01 0.000000000000000000e+00 2.275830678197542133e-04 0.000000000000000000e+00
2.925000000000000000e+04 1.169972004772348306e-01 1.092398725534820224e-02 9.889622212107419541e-01 0.000000000000000000e+00 1.137915339098771066e-04 0.000000000000000000e+00
2.950000000000000000e+04 1.179971765496898861e-01 1.365498406918525323e-02 9.862312243969049153e-01 0.000000000000000000e+00 1.137915339098771066e-04 0.000000000000000000e+00
2.975000000000000000e+04 1.189971526221449416e-01 1.058261265361857065e-02 9.894173873463814051e-01 0.000000000000000000e+00 0.000000000000000000e+00 0.000000000000000000e+00
3.000000000000000000e+04 1.199971286945999971e-01 1.183431952662721866e-02 9.875967228038233792e-01 0.000000000000000000e+00 5.689576695493854790e-04 0.000000000000000000e+00
3.025000000000000000e+04 1.209971047670548305e-01 1.411015020482476144e-02 9.856622667273554628e-01 0.000000000000000000e+00 2.275830678197542133e-04 0.000000000000000000e+00
3.050000000000000000e+04 1.219970808395098860e-01 1.775147928994082885e-02 9.816795630405097395e-01 0.000000000000000000e+00 5.689576695493854790e-04 0.000000000000000000e+00
3.075000000000000000e+04 1.229970569119649415e-01 1.297223486572599005e-02 9.868001820664542567e-01 0.000000000000000000e+00 2.275830678197542133e-04 0.000000000000000000e+00
3.100000000000000000e+04 1.239970329844197749e-01 1.900318616294947513e-02 9.804278561675011661e-01 0.000000000000000000e+00 5.689576695493854790e-04 0.000000000000000000e+00
3.125000000000000000e+04 1.249970090568748304e-01 1.547564861174328607e-02 9.839553937187073274e-01 0.000000000000000000e+00 5.689576695493854790e-04 0.000000000000000000e+00
3.150000000000000000e+04 1.259969851293298859e-01 1.638598088302230249e-02 9.832726445152480954e-01 0.000000000000000000e+00 3.413746017296313199e-04 0.000000000000000000e+00
3.175000000000000000e+04 1.269969612017849414e-01 1.593081474738279601e-02 9.837278106508875464e-01 0.000000000000000000e+00 3.413746017296313199e-04 0.000000000000000000e+00
3.200000000000000000e+04 1.279969372742397749e-01 1.524806554392353283e-02 9.844105598543468894e-01 0.000000000000000000e+00 3.413746017296313199e-04 0.000000000000000000e+00
3.225000000000000000e+04 1.289969133466948303e-01 1.627218934911242587e-02 9.836140191169776559e-01 0.000000000000000000e+00 1.137915339098771066e-04 0.000000000000000000e+00
3.250000000000000000e+04 1.299968894191498858e-01 2.184797451069640448e-02 9.779244424214837972e-01 0.000000000000000000e+00 2.275830678197542133e-04 0.000000000000000000e+00
3.275000000000000000e+04 1.309968654916049413e-01 1.661356395084205573e-02 9.828174783796085334e-01 0.000000000000000000e+00 5.689576695493854790e-04 0.000000000000000000e+00
3.300000000000000000e+04 1.319968415640597748e-01 1.877560309512972189e-02 9.805416477014110566e-01 0.000000000000000000e+00 6.827492034592626399e-04 0.000000000000000000e+00
3.325000000000000000e+04 1.329968176365148302e-01 2.093764223941738806e-02 9.786071916249431402e-01 0.000000000000000000e+00 4.551661356395084266e-04 0.000000000000000000e+00
3.350000000000000000e+04 1.339967937089698857e-01 2.014110150204824826e-02 9.792899408284023721e-01 0.000000000000000000e+00 5.689576695493854790e-04 0.000000000000000000e+00
3.375000000000000000e+04 1.349967697814249412e-01 1.638598088302230249e-02 9.824761037778789730e-01 0.000000000000000000e+00 1.137915339098770958e-03 0.000000000000000000e+00
3.400000000000000000e+04 1.359967458538797747e-01 2.298588984979517413e-02 9.754210286754665393e-01 0.000000000000000000e+00 1.593081474738279385e-03 0.000000000000000000e+00
3.425000000000000000e+04 1.369967219263348301e-01 2.389622212107419055e-02 9.750796540737368678e-01 0.000000000000000000e+00 1.024123805188893906e-03 0.000000000000000000e+00
3.450000000000000000e+04 1.379966979987898856e-01 2.241693218024579104e-02 9.761037778789257713e-01 0.000000000000000000e+00 1.479289940828402332e-03 0.000000000000000000e+00
3.475000000000000000e+04 1.389966740712449411e-01 2.765134274010013632e-02 9.713245334547109255e-01 0.000000000000000000e+00 1.024123805188893906e-03 0.000000000000000000e+00
3.500000000000000000e+04 1.399966501436997746e-01 2.469276285844333035e-02 9.745106964041875264e-01 0.000000000000000000e+00 7.965407373691396923e-04 0.000000000000000000e+00
3.525000000000000000e+04 1.409966262161548300e-01 3.231679563040509851e-02 9.667728720983158608e-01 0.000000000000000000e+00 9.103322712790168532e-04 0.000000000000000000e+00
3.550000000000000000e+04 1.419966022886098855e-01 3.038233955393718558e-02 9.685935366408738867e-01 0.000000000000000000e+00 1.024123805188893906e-03 0.000000000000000000e+00
3.575000000000000000e+04 1.429965783610649410e-01 3.015475648611743234e-02 9.682521620391443262e-01 0.000000000000000000e+00 1.593081474738279385e-03 0.000000000000000000e+00
3.600000000000000000e+04 1.439965544335197745e-01 3.777878925807919702e-02 9.604005461993627701e-01 0.000000000000000000e+00 1.820664542558033706e-03 0.000000000000000000e+00
3.625000000000000000e+04 1.449965305059748299e-01 3.345471096950387163e-02 9.650659990896677254e-01 0.000000000000000000e+00 1.479289940828402332e-03 0.000000000000000000e+00
3.650000000000000000e+04 1.459965065784298854e-01 3.550295857988165771e-02 9.631315430131998090e-01 0.000000000000000000e+00 1.365498406918525280e-03 0.000000000000000000e+00
3.675000000000000000e+04 1.469964826508849409e-01 3.538916704597178109e-02 9.615384615384615641e-01 0.000000000000000000e+00 3.072371415566681717e-03 0.000000000000000000e+00
3.700000000000000000e+04 1.479964587233397744e-01 4.289940828402366568e-02 9.547109695038689114e-01 0.000000000000000000e+00 2.389622212107419402e-03 0.000000000000000000e+00
3.725000000000000000e+04 1.489964347957948299e-01 5.507510241238051940e-02 9.415111515703231682e-01 1.137915339098771066e-04 3.299954483386436255e-03 0.000000000000000000e+00
3.750000000000000000e+04 1.499964108682498853e-01 4.563040509786071841e-02 9.511834319526627501e-01 0.000000000000000000e+00 3.186162949476558769e-03 0.000000000000000000e+00
3.775000000000000000e+04 1.509963869407049408e-01 4.710969503868912139e-02 9.484524351388257113e-01 0.000000000000000000e+00 4.437869822485207214e-03 0.000000000000000000e+00
3.800000000000000000e+04 1.519963630131597743e-01 5.370960400546199304e-02 9.428766499772417431e-01 0.000000000000000000e+00 3.413746017296313308e-03 0.000000000000000000e+00
3.825000000000000000e+04 1.529963390856148298e-01 4.745106964041875125e-02 9.492489758761948337e-01 0.000000000000000000e+00 3.299954483386436255e-03 0.000000000000000000e+00
3.850000000000000000e+04 1.539963151580698852e-01 4.688211197086936816e-02 9.499317250796540657e-01 1.137915339098771066e-04 3.072371415566681717e-03 0.000000000000000000e+00
3.875000000000000000e+04 1.549962912305249407e-01 5.427856167501137613e-02 9.410559854346836062e-01 0.000000000000000000e+00 4.665452890304961318e-03 0.000000000000000000e+00
3.900000000000000000e+04 1.559962673029797742e-01 5.678197542102867562e-02 9.377560309512972259e-01 0.000000000000000000e+00 5.461993627674101119e-03 0.000000000000000000e+00
3.925000000000000000e+04 1.569962433754348297e-01 5.769230769230769551e-02 9.363905325443786509e-01 0.000000000000000000e+00 5.917159763313609329e-03 0.000000000000000000e+00
3.950000000000000000e+04 1.579962194478898851e-01 7.339553937187073829e-02 9.188666363222576239e-01 0.000000000000000000e+00 7.737824305871643035e-03 0.000000000000000000e+00
3.975000000000000000e+04 1.589961955203449406e-01 8.875739644970413733e-02 9.022530723714156098e-01 1.137915339098771066e-04 8.875739644970414427e-03 0.000000000000000000e+00
4.000000000000000000e+04 1.599961715927997741e-01 8.295402822030041590e-02 9.072598998634501255e-01 0.000000000000000000e+00 9.786071916249430847e-03 0.000000000000000000e+00
4.025000000000000000e+04 1.609961476652548296e-01 8.557123350022757813e-02 9.052116522530723186e-01 4.551661356395084266e-04 8.761948111060537808e-03 0.000000000000000000e+00
4.050000000000000000e+04 1.619961237377098850e-01 1.020710059171597572e-01 8.855257168866635942e-01 1.365498406918525280e-03 1.103777878925807886e-02 0.000000000000000000e+00
4.075000000000000000e+04 1.629960998101649405e-01 1.116294947655894348e-01 8.713017751479289474e-01 3.755120619025944465e-03 1.331360946745562164e-02 0.000000000000000000e+00
4.100000000000000000e+04 1.639960758826197740e-01 1.267637687756031084e-01 8.335229858898497435e-01 1.217569412835685025e-02 2.753755120619025970e-02 0.000000000000000000e+00
4.125000000000000000e+04 1.649960519550748295e-01 1.324533454710969393e-01 7.685480200273099305e-01 7.089212562585343880e-02 2.810650887573964626e-02 0.000000000000000000e+00
4.150000000000000000e+04 1.659960280275298850e-01 1.075329995448338627e-01 7.480655439235320836e-01 1.259672280382339582e-01 1.843422849340009204e-02 0.000000000000000000e+00
4.175000000000000000e+04 1.669960040999849404e-01 1.017296313154301274e-01 7.312243969048702885e-01 1.558944014565316338e-01 1.115157032316795548e-02 0.000000000000000000e+00
4.200000000000000000e+04 1.679959801724397739e-01 9.751934456076467861e-02 6.861629494765589810e-01 2.014110150204824756e-01 1.490669094219390124e-02 0.000000000000000000e+00
4.225000000000000000e+04 1.689959562448948294e-01 8.249886208466089554e-02 6.477014110150204340e-01 2.538689121529358328e-01 1.593081474738279601e-02 0.000000000000000000e+00
4.250000000000000000e+04 1.699959323173498849e-01 8.796085571233500100e-02 6.359808830223031562e-01 2.587619481110605135e-01 1.729631315430131891e-02 0.000000000000000000e+00
4.275000000000000000e+04 1.709959083898049403e-01 8.090578060992262288e-02 6.352981338188439242e-01 2.685480200273099860e-01 1.524806554392353283e-02 0.000000000000000000e+00
4.300000000000000000e+04 1.719958844622597738e-01 8.898497951752389057e-02 6.248293126991352198e-01 2.674101046882111921e-01 1.877560309512972189e-02 0.000000000000000000e+00
4.325000000000000000e+04 1.729958605347148293e-01 8.852981338188438409e-02 6.219845243513882904e-01 2.746927628584433512e-01 1.479289940828402289e-02 0.000000000000000000e+00
4.350000000000000000e+04 1.739958366071698848e-01 9.160218479745106668e-02 6.117432862994993670e-01 2.835685025034137552e-01 1.308602639963586667e-02 0.000000000000000000e+00
4.375000000000000000e+04 1.749958126796249402e-01 9.638142922166591242e-02 6.046882111970869333e-01 2.843650432407828776e-01 1.456531634046426965e-02 0.000000000000000000e+00
4.400000000000000000e+04 1.759957887520797737e-01 9.751934456076467861e-02 6.029813381884387979e-01 2.840236686390532617e-01 1.547564861174328607e-02 0.000000000000000000e+00
4.425000000000000000e+04 1.769957648245348292e-01 1.004779244424214846e-01 6.013882567137005530e-01 2.833409194355939742e-01 1.479289940828402289e-02 0.000000000000000000e+00
4.450000000000000000e+04 1.779957408969898847e-01 1.038916704597177970e-01 5.929676832043695445e-01 2.905097860719162428e-01 1.263086026399635846e-02 0.000000000000000000e+00
4.475000000000000000e+04 1.789957169694449401e-01 1.017296313154301274e-01 5.867091488393263443e-01 2.923304506144742687e-01 1.923076923076923184e-02 0.000000000000000000e+00
4.500000000000000000e+04 1.799956930418997736e-01 9.501593081474737912e-02 5.935366408739189970e-01 2.943786982248520756e-01 1.706873008648156567e-02 0.000000000000000000e+00
4.525000000000000000e+04 1.809956691143548291e-01 1.252844788347746985e-01 5.638370505234410190e-01 2.924442421483841592e-01 1.843422849340009204e-02 0.000000000000000000e+00
4.550000000000000000e+04 1.819956451868098846e-01 1.169776968593536637e-01 5.593991807009558448e-01 3.005234410559854408e-01 2.309968138370505075e-02 0.000000000000000000e+00
4.575000000000000000e+04 1.829956212592647180e-01 1.342740100136549930e-01 5.421028675466544877e-01 2.980200273099681274e-01 2.560309512972235024e-02 0.000000000000000000e+00
4.600000000000000000e+04 1.839955973317197735e-01 1.364360491579426626e-01 5.250341374601729116e-01 3.096267637687756258e-01 2.890304961310878606e-02 0.000000000000000000e+00
4.625000000000000000e+04 1.849955734041748290e-01 1.467910787437414766e-01 4.979517523896221931e-01 3.174783796085571264e-01 3.777878925807919702e-02 0.000000000000000000e+00
4.650000000000000000e+04 1.859955494766298845e-01 1.463359126081019701e-01 4.724624487938097195e-01 3.389849795175238767e-01 4.221665908056440597e-02 0.000000000000000000e+00
4.675000000000000000e+04 1.869955255490847179e-01 1.431497496586253970e-01 4.604005461993627701e-01 3.458124715521165293e-01 5.063723258989531045e-02 0.000000000000000000e+00
4.700000000000000000e+04 1.879955016215397734e-01 1.387118798361401950e-01 4.823623122439690269e-01 3.360263996358671124e-01 4.289940828402366568e-02 0.000000000000000000e+00
4.725000000000000000e+04 1.889954776939948289e-01 1.151570323167956239e-01 5.669094219390077294e-01 2.893718707328175044e-01 2.856167501137915274e-02 0.000000000000000000e+00
4.750000000000000000e+04 1.899954537664498844e-01 9.626763768775603580e-02 6.015020482476103325e-01 2.800409649522075384e-01 2.218934911242603433e-02 0.000000000000000000e+00
4.775000000000000000e+04 1.909954298389047178e-01 9.592626308602640595e-02 6.098088302230314506e-01 2.783340919435594030e-01 1.593081474738279601e-02 0.000000000000000000e+00
4.800000000000000000e+04 1.919954059113597733e-01 9.683659535730541890e-02 6.167501137915338827e-01 2.633136094674556338e-01 2.309968138370505075e-02 0.000000000000000000e+00
4.825000000000000000e+04 1.929953819838148288e-01 9.251251706873007963e-02 6.307464724624487484e-01 2.592171142467000200e-01 1.752389622212107562e-02 0.000000000000000000e+00
4.850000000000000000e+04 1.939953580562698843e-01 9.126081019572143682e-02 6.362084660901229372e-01 2.551206190259444617e-01 1.741010468821119553e-02 0.000000000000000000e+00
4.875000000000000000e+04 1.949953341287247177e-01 8.659535730541648157e-02 6.308602639963586389e-01 2.690031861629494925e-01 1.354119253527537488e-02 0.000000000000000000e+00
4.900000000000000000e+04 1.959953102011797732e-01 8.841602184797450747e-02 6.381429221665908535e-01 2.604688211197087044e-01 1.297223486572599005e-02 0.000000000000000000e+00
4.925000000000000000e+04 1.969952862736348287e-01 8.909877105143376719e-02 6.357532999544833752e-01 2.608101957214383204e-01 1.433773327264451468e-02 0.000000000000000000e+00
4.950000000000000000e+04 1.979952623460898842e-01 8.227127901684114231e-02 6.429221665908056993e-01 2.586481565771506785e-01 1.615839781520254925e-02 0.000000000000000000e+00
4.975000000000000000e+04 1.989952384185447176e-01 9.160218479745106668e-02 6.318843878015475424e-01 2.630860263996358528e-01 1.342740100136549826e-02 0.000000000000000000e+00
5.000000000000000000e+04 1.999952144909997731e-01 8.875739644970413733e-02 6.350705507510241432e-01 2.609239872553482109e-01 1.524806554392353283e-02 0.000000000000000000e+00
5.025000000000000000e+04 2.009951905634548286e-01 8.010923987255348655e-02 6.420118343195265753e-01 2.633136094674556338e-01 1.456531634046426965e-02 0.000000000000000000e+00
5.050000000000000000e+04 2.019951666359098841e-01 8.488848429676831842e-02 6.375739644970414011e-01 2.614929449248976079e-01 1.604460628129267263e-02 0.000000000000000000e+00
5.075000000000000000e+04 2.029951427083647175e-01 9.023668639053254725e-02 6.285844333181611621e-01 2.652480655439235502e-01 1.593081474738279601e-02 0.000000000000000000e+00
5.100000000000000000e+04 2.039951187808197730e-01 8.579881656804733137e-02 6.352981338188439242e-01 2.639963586709148657e-01 1.490669094219390124e-02 0.000000000000000000e+00
5.125000000000000000e+04 2.049950948532748285e-01 8.830223031406463086e-02 6.300637232589895165e-01 2.661583978152025631e-01 1.547564861174328607e-02 0.000000000000000000e+00
5.150000000000000000e+04 2.059950709257298840e-01 9.035047792444242387e-02 6.269913518434228061e-01 2.661583978152025631e-01 1.649977241693217911e-02 0.000000000000000000e+00
5.175000000000000000e+04 2.069950469981847174e-01 1.015020482476103741e-01 6.230086481565771939e-01 2.589895311788802945e-01 1.649977241693217911e-02 0.000000000000000000e+00
5.200000000000000000e+04 2.079950230706397729e-01 9.000910332271279402e-02 6.291533909877105035e-01 2.638825671370050308e-01 1.695493855257168905e-02 0.000000000000000000e+00
5.225000000000000000e+04 2.089949991430948284e-01 1.015020482476103741e-01 6.192535275375512516e-01 2.633136094674556338e-01 1.593081474738279601e-02 0.000000000000000000e+00
5.250000000000000000e+04 2.099949752155498839e-01 9.899863450159307465e-02 6.216431497496586189e-01 2.629722348657259623e-01 1.638598088302230249e-02 0.000000000000000000e+00
5.275000000000000000e+04 2.109949512880047173e-01 1.020710059171597572e-01 6.175466545289030051e-01 2.618343195266272239e-01 1.854802002730996865e-02 0.000000000000000000e+00
5.300000000000000000e+04 2.119949273604597728e-01 1.008192990441511144e-01 6.172052799271734447e-01 2.613791533909877174e-01 2.059626763768775473e-02 0.000000000000000000e+00
5.325000000000000000e+04 2.129949034329148283e-01 1.095812471552116557e-01 6.091260810195721076e-01 2.634274010013655243e-01 1.786527082385070547e-02 0.000000000000000000e+00
5.350000000000000000e+04 2.139948795053698838e-01 1.087847064178425194e-01 6.099226217569412301e-01 2.641101502048247562e-01 1.718252162039144229e-02 0.000000000000000000e+00
5.375000000000000000e+04 2.149948555778247172e-01 1.129949931725079681e-01 6.028675466545289074e-01 2.658170232134728916e-01 1.832043695949021542e-02 0.000000000000000000e+00
5.400000000000000000e+04 2.159948316502797727e-01 1.104915794264906687e-01 5.951297223486572419e-01 2.791306326809285254e-01 1.524806554392353283e-02 0.000000000000000000e+00
5.425000000000000000e+04 2.169948077227348282e-01 1.067364588074647264e-01 5.997951752389621971e-01 2.711652253072371344e-01 2.230314064633591095e-02 0.000000000000000000e+00
5.450000000000000000e+04 2.179947837951898837e-01 1.152708238507055144e-01 5.942193900773782289e-01 2.743513882567136797e-01 1.615839781520254925e-02 0.000000000000000000e+00
5.475000000000000000e+04 2.189947598676447171e-01 1.200500682749203463e-01 5.707783340919435622e-01 2.855029585798816716e-01 2.366863905325443732e-02 0.000000000000000000e+00
5.500000000000000000e+04 2.199947359400997726e-01 1.248293126991351781e-01 5.681611288120164138e-01 2.832271279016841392e-01 2.378243058716431393e-02 0.000000000000000000e+00
5.525000000000000000e+04 2.209947120125548281e-01 1.282430587164314906e-01 5.641784251251706905e-01 2.844788347746927681e-01 2.309968138370505075e-02 0.000000000000000000e+00
5.550000000000000000e+04 2.219946880850098836e-01 1.319981793354574329e-01 5.581474738279471604e-01 2.855029585798816716e-01 2.435138825671370050e-02 0.000000000000000000e+00
5.575000000000000000e+04 2.229946641574647170e-01 1.359808830223031284e-01 5.434683659535730627e-01 2.946062812926718011e-01 2.594446973145198010e-02 0.000000000000000000e+00
5.600000000000000000e+04 2.239946402299197725e-01 1.387118798361401950e-01 5.225307237141556538e-01 3.111060537096039802e-01 2.765134274010013632e-02 0.000000000000000000e+00
5.625000000000000000e+04 2.249946163023748280e-01 1.387118798361401950e-01 5.111515703231679364e-01 3.190714610832954268e-01 3.106508875739644876e-02 0.000000000000000000e+00
5.650000000000000000e+04 2.259945923748298835e-01 1.338188438780154865e-01 5.277651342740100615e-01 3.105370960400546387e-01 2.787892580791988956e-02 0.000000000000000000e+00
5.675000000000000000e+04 2.269945684472847169e-01 1.357532999544833752e-01 5.343650432407829332e-01 3.181611288120163583e-01 1.172052799271734204e-02 0.000000000000000000e+00
