# itime ezz other fcc hcp bcc ico
0.000000000000000000e+00 0.000000000000000000e+00 2.275830678197542133e-04 9.997724169321802190e-01 0.000000000000000000e+00 0.000000000000000000e+00 0.000000000000000000e+00
3.000000000000000000e+01 1.199999084821778972e-02 4.551661356395084266e-04 9.995448338643604380e-01 0.000000000000000000e+00 0.000000000000000000e+00 0.000000000000000000e+00
6.000000000000000000e+01 2.399998169643535739e-02 2.275830678197541916e-03 9.977241693218024121e-01 0.000000000000000000e+00 0.000000000000000000e+00 0.000000000000000000e+00
9.000000000000000000e+01 3.599997254465314711e-02 3.527537551206190360e-03 9.963586709148839482e-01 0.000000000000000000e+00 1.137915339098771066e-04 0.000000000000000000e+00
1.200000000000000000e+02 4.799996339287093683e-02 8.420573509330906217e-03 9.914656349567592120e-01 0.000000000000000000e+00 1.137915339098771066e-04 0.000000000000000000e+00
1.500000000000000000e+02 5.999995424108850450e-02 1.900318616294947513e-02 9.805416477014110566e-01 0.000000000000000000e+00 4.551661356395084266e-04 0.000000000000000000e+00
1.800000000000000000e+02 7.199994508930629422e-02 3.322712790168411146e-02 9.658625398270368478e-01 0.000000000000000000e+00 9.103322712790168532e-04 0.000000000000000000e+00
2.100000000000000000e+02 8.399993593752408394e-02 6.315430131998178709e-02 9.324078288575330387e-01 0.000000000000000000e+00 4.437869822485207214e-03 0.000000000000000000e+00
2.400000000000000000e+02 9.599992678574165161e-02 1.390532544378698110e-01 8.542330450614474824e-01 0.000000000000000000e+00 6.713700500682749130e-03 0.000000000000000000e+00
2.700000000000000000e+02 1.079999176339594413e-01 2.199590350477924339e-01 7.667273554847519046e-01 0.000000000000000000e+00 1.331360946745562164e-02 0.000000000000000000e+00
3.000000000000000000e+02 1.199999084821772311e-01 3.585571233500227661e-01 6.142467000455166248e-01 0.000000000000000000e+00 2.719617660446062984e-02 0.000000000000000000e+00
3.300000000000000000e+02 1.319998993303947987e-01 5.180928538916704795e-01 4.262630860263996180e-01 3.413746017296313199e-04 5.530268548020027264e-02 0.000000000000000000e+00
3.600000000000000000e+02 1.439998901786125884e-01 6.632908511606736557e-01 2.421483841602184717e-01 1.706873008648156654e-03 9.285389167045972336e-02 0.000000000000000000e+00
3.900000000000000000e+02 1.559998810268303782e-01 7.353208921256259023e-01 1.266499772416932179e-01 8.534365043240782836e-03 1.294947655894401473e-01 0.000000000000000000e+00
4.200000000000000000e+02 1.679998718750479458e-01 7.799271734182976479e-01 6.918525261720527564e-02 1.581702321347291593e-02 1.350705507510241155e-01 0.000000000000000000e+00
4.500000000000000000e+02 1.799998627232657356e-01 8.205507510241237812e-01 4.574419663177059503e-02 2.241693218024579104e-02 1.112881201638598050e-01 0.000000000000000000e+00
4.800000000000000000e+02 1.919998535714835253e-01 8.485434683659536237e-01 3.459262630860263782e-02 2.981338188438780248e-02 8.705052344105598805e-02 0.000000000000000000e+00
5.100000000000000000e+02 2.039998444197010929e-01 8.753982703686845612e-01 2.913063268092853930e-02 2.924442421483841592e-02 6.622667273554846967e-02 0.000000000000000000e+00
5.400000000000000000e+02 2.159998352679188827e-01 8.880291306326809631e-01 2.662721893491124328e-02 2.981338188438780248e-02 5.553026854802002588e-02 0.000000000000000000e+00
5.700000000000000000e+02 2.279998261161366724e-01 9.165908056440600360e-01 2.036868456986800149e-02 2.457897132453345374e-02 3.846153846153846367e-02 0.000000000000000000e+00
6.000000000000000000e+02 2.399998169643542401e-01 9.246700045516613731e-01 1.763768775603095224e-02 2.389622212107419055e-02 3.368229403732362487e-02 1.137915339098771066e-04
6.300000000000000000e+02 2.519998078125720298e-01 9.341147018661811741e-01 1.911697769685935522e-02 1.911697769685935522e-02 2.753755120619025970e-02 1.137915339098771066e-04
6.600000000000000000e+02 2.639997986607898195e-01 9.392353208921255803e-01 1.991351843422849502e-02 1.945835229858898507e-02 2.116522530723714129e-02 2.275830678197542133e-04
6.900000000000000000e+02 2.759997895090073872e-01 9.470869367319071364e-01 1.741010468821119553e-02 1.763768775603095224e-02 1.752389622212107562e-02 3.413746017296313199e-04
7.200000000000000000e+02 2.879997803572251769e-01 9.535730541647701175e-01 1.729631315430131891e-02 1.638598088302230249e-02 1.240327719617660522e-02 3.413746017296313199e-04
7.500000000000000000e+02 2.999997712054429666e-01 9.538006372325898985e-01 1.706873008648156567e-02 1.843422849340009204e-02 1.069640418752844727e-02 0.000000000000000000e+00
7.800000000000000000e+02 3.119997620536605343e-01 9.582385070550750727e-01 1.445152480655439303e-02 1.456531634046426965e-02 1.228948566226672687e-02 4.551661356395084266e-04
8.100000000000000000e+02 3.239997529018783240e-01 9.647246244879380539e-01 1.217569412835685025e-02 1.297223486572599005e-02 1.001365498406918582e-02 1.137915339098771066e-04
8.400000000000000000e+02 3.359997437500961137e-01 9.647246244879380539e-01 1.263086026399635846e-02 1.228948566226672687e-02 9.899863450159307465e-03 4.551661356395084266e-04
8.700000000000000000e+02 3.479997345983139034e-01 9.641556668183887124e-01 1.354119253527537488e-02 1.194811106053709528e-02 1.024123805188893906e-02 1.137915339098771066e-04
9.000000000000000000e+02 3.599997254465314711e-01 9.705279927173418031e-01 1.149294492489758707e-02 9.330905780609922637e-03 8.306781975421027864e-03 3.413746017296313199e-04
9.300000000000000000e+02 3.719997162947494829e-01 9.701866181156122426e-01 1.001365498406918582e-02 1.149294492489758707e-02 8.306781975421027864e-03 0.000000000000000000e+00
9.600000000000000000e+02 3.839997071429670505e-01 9.757624032771962108e-01 9.444697314519799256e-03 7.396449704142011444e-03 7.055075102412380721e-03 3.413746017296313199e-04
9.900000000000000000e+02 3.959996979911846182e-01 9.759899863450158808e-01 8.875739644970414427e-03 8.420573509330906217e-03 6.372325898953117539e-03 3.413746017296313199e-04
1.020000000000000000e+03 4.079996888394024079e-01 9.749658625398270884e-01 7.851615839781519654e-03 1.046882111970869403e-02 6.372325898953117539e-03 3.413746017296313199e-04
1.050000000000000000e+03 4.199996796876201977e-01 9.808830223031406170e-01 5.120619025944469528e-03 8.875739644970414427e-03 4.551661356395083832e-03 5.689576695493854790e-04
1.080000000000000000e+03 4.319996705358377653e-01 9.841829767865271084e-01 5.006827492034592909e-03 6.941283568502503235e-03 3.527537551206190360e-03 3.413746017296313199e-04
1.110000000000000000e+03 4.439996613840557771e-01 9.850933090578061213e-01 4.551661356395083832e-03 6.713700500682749130e-03 3.527537551206190360e-03 1.137915339098771066e-04
1.140000000000000000e+03 4.559996522322733448e-01 9.838416021847974369e-01 5.234410559854347014e-03 7.055075102412380721e-03 3.755120619025944465e-03 1.137915339098771066e-04
1.170000000000000000e+03 4.679996430804911345e-01 9.845243513882566688e-01 5.461993627674101119e-03 6.030951297223486815e-03 3.527537551206190360e-03 4.551661356395084266e-04
1.200000000000000000e+03 4.799996339287087022e-01 9.861174328629950248e-01 4.551661356395083832e-03 6.486117432862995025e-03 2.389622212107419402e-03 4.551661356395084266e-04
1.230000000000000000e+03 4.919996247769264919e-01 9.885070550751023921e-01 4.096495220755575623e-03 5.006827492034592909e-03 1.820664542558033706e-03 5.689576695493854790e-04
1.260000000000000000e+03 5.039996156251440595e-01 9.873691397360035982e-01 2.958579881656804664e-03 5.917159763313609329e-03 3.299954483386436255e-03 4.551661356395084266e-04
1.290000000000000000e+03 5.159996064733620713e-01 9.905553026854801990e-01 3.755120619025944465e-03 3.755120619025944465e-03 1.593081474738279385e-03 3.413746017296313199e-04
1.320000000000000000e+03 5.279995973215796390e-01 9.904415111515703085e-01 2.730996813837050560e-03 4.210286754665453109e-03 2.275830678197541916e-03 3.413746017296313199e-04
1.350000000000000000e+03 5.399995881697974287e-01 9.910104688211197610e-01 2.617205279927173507e-03 4.096495220755575623e-03 1.479289940828402332e-03 7.965407373691396923e-04
1.380000000000000000e+03 5.519995790180149964e-01 9.902139280837505275e-01 2.844788347746927612e-03 4.893035958124715423e-03 1.365498406918525280e-03 6.827492034592626399e-04
1.410000000000000000e+03 5.639995698662327861e-01 9.918070095584888834e-01 2.730996813837050560e-03 3.982703686845699004e-03 1.251706873008648227e-03 2.275830678197542133e-04
1.440000000000000000e+03 5.759995607144503538e-01 9.916932180245789930e-01 2.730996813837050560e-03 3.299954483386436255e-03 1.593081474738279385e-03 6.827492034592626399e-04
1.470000000000000000e+03 5.879995515626683655e-01 9.918070095584888834e-01 2.389622212107419402e-03 4.210286754665453109e-03 1.137915339098770958e-03 4.551661356395084266e-04
1.500000000000000000e+03 5.999995424108859332e-01 9.927173418297678964e-01 2.048247610377787811e-03 2.958579881656804664e-03 1.820664542558033706e-03 4.551661356395084266e-04
1.530000000000000000e+03 6.119995332591037229e-01 9.921483841602184439e-01 2.275830678197541916e-03 2.958579881656804664e-03 2.048247610377787811e-03 5.689576695493854790e-04
1.560000000000000000e+03 6.239995241073212906e-01 9.912380518889394310e-01 1.820664542558033706e-03 5.234410559854347014e-03 1.365498406918525280e-03 3.413746017296313199e-04
1.590000000000000000e+03 6.359995149555390803e-01 9.922621756941283344e-01 1.706873008648156654e-03 3.299954483386436255e-03 1.820664542558033706e-03 9.103322712790168532e-04
1.620000000000000000e+03 6.479995058037566480e-01 9.922621756941283344e-01 1.706873008648156654e-03 4.665452890304961318e-03 1.024123805188893906e-03 3.413746017296313199e-04
1.650000000000000000e+03 6.599994966519746598e-01 9.939690487027764698e-01 1.820664542558033706e-03 3.072371415566681717e-03 6.827492034592626399e-04 4.551661356395084266e-04
1.680000000000000000e+03 6.719994875001922274e-01 9.940828402366863603e-01 1.593081474738279385e-03 3.072371415566681717e-03 1.024123805188893906e-03 2.275830678197542133e-04
1.710000000000000000e+03 6.839994783484097951e-01 9.945380063723259223e-01 1.820664542558033706e-03 2.503413746017296455e-03 6.827492034592626399e-04 4.551661356395084266e-04
1.740000000000000000e+03 6.959994691966275848e-01 9.960172963131542767e-01 1.137915339098770958e-03 1.706873008648156654e-03 4.551661356395084266e-04 6.827492034592626399e-04
1.770000000000000000e+03 7.079994600448453745e-01 9.943104233045061413e-01 1.593081474738279385e-03 2.958579881656804664e-03 6.827492034592626399e-04 4.551661356395084266e-04
1.800000000000000000e+03 7.199994508930629422e-01 9.944242148384160318e-01 1.934456076467910759e-03 2.275830678197541916e-03 7.965407373691396923e-04 5.689576695493854790e-04
1.830000000000000000e+03 7.319994417412805099e-01 9.943104233045061413e-01 2.048247610377787811e-03 2.275830678197541916e-03 6.827492034592626399e-04 6.827492034592626399e-04
1.860000000000000000e+03 7.439994325894985217e-01 9.946517979062358128e-01 1.365498406918525280e-03 2.162039144287664864e-03 2.275830678197542133e-04 1.593081474738279385e-03
1.890000000000000000e+03 7.559994234377163114e-01 9.959035047792443862e-01 1.479289940828402332e-03 1.593081474738279385e-03 3.413746017296313199e-04 6.827492034592626399e-04
1.920000000000000000e+03 7.679994142859338790e-01 9.959035047792443862e-01 1.820664542558033706e-03 1.479289940828402332e-03 3.413746017296313199e-04 4.551661356395084266e-04
1.950000000000000000e+03 7.799994051341514467e-01 9.961310878470641672e-01 9.103322712790168532e-04 1.365498406918525280e-03 3.413746017296313199e-04 1.251706873008648227e-03
1.980000000000000000e+03 7.919993959823692364e-01 9.965862539827037292e-01 1.024123805188893906e-03 1.024123805188893906e-03 5.689576695493854790e-04 7.965407373691396923e-04
2.010000000000000000e+03 8.039993868305872482e-01 9.956759217114247162e-01 1.251706873008648227e-03 1.365498406918525280e-03 2.275830678197542133e-04 1.479289940828402332e-03
2.040000000000000000e+03 8.159993776788048159e-01 9.960172963131542767e-01 1.365498406918525280e-03 1.479289940828402332e-03 4.551661356395084266e-04 6.827492034592626399e-04
2.070000000000000000e+03 8.279993685270223835e-01 9.962448793809740577e-01 9.103322712790168532e-04 1.137915339098770958e-03 2.275830678197542133e-04 1.479289940828402332e-03
2.100000000000000000e+03 8.399993593752401733e-01 9.968138370505233992e-01 9.103322712790168532e-04 6.827492034592626399e-04 2.275830678197542133e-04 1.365498406918525280e-03
2.130000000000000000e+03 8.519993502234579630e-01 9.959035047792443862e-01 9.103322712790168532e-04 1.593081474738279385e-03 4.551661356395084266e-04 1.137915339098770958e-03
2.160000000000000000e+03 8.639993410716755307e-01 9.961310878470641672e-01 1.024123805188893906e-03 1.706873008648156654e-03 3.413746017296313199e-04 7.965407373691396923e-04
2.190000000000000000e+03 8.759993319198930983e-01 9.971552116522530707e-01 6.827492034592626399e-04 1.024123805188893906e-03 5.689576695493854790e-04 5.689576695493854790e-04
2.220000000000000000e+03 8.879993227681111101e-01 9.968138370505233992e-01 1.024123805188893906e-03 4.551661356395084266e-04 3.413746017296313199e-04 1.365498406918525280e-03
2.250000000000000000e+03 8.999993136163288998e-01 9.972690031861629611e-01 5.689576695493854790e-04 9.103322712790168532e-04 1.137915339098771066e-04 1.137915339098770958e-03
2.280000000000000000e+03 9.119993044645469116e-01 9.960172963131542767e-01 6.827492034592626399e-04 1.137915339098770958e-03 5.689576695493854790e-04 1.593081474738279385e-03
2.310000000000000000e+03 9.239992953127642572e-01 9.963586709148839482e-01 7.965407373691396923e-04 1.137915339098770958e-03 1.137915339098771066e-04 1.593081474738279385e-03
2.340000000000000000e+03 9.359992861609818249e-01 9.968138370505233992e-01 2.275830678197542133e-04 1.024123805188893906e-03 4.551661356395084266e-04 1.479289940828402332e-03
2.370000000000000000e+03 9.479992770091998366e-01 9.964724624487938387e-01 5.689576695493854790e-04 1.251706873008648227e-03 2.275830678197542133e-04 1.479289940828402332e-03
2.400000000000000000e+03 9.599992678574176264e-01 9.972690031861629611e-01 4.551661356395084266e-04 7.965407373691396923e-04 3.413746017296313199e-04 1.137915339098770958e-03
2.430000000000000000e+03 9.719992587056351940e-01 9.976103777878926326e-01 4.551661356395084266e-04 7.965407373691396923e-04 2.275830678197542133e-04 9.103322712790168532e-04
2.460000000000000000e+03 9.839992495538527617e-01 9.976103777878926326e-01 4.551661356395084266e-04 5.689576695493854790e-04 1.137915339098771066e-04 1.251706873008648227e-03
2.490000000000000000e+03 9.959992404020707735e-01 9.972690031861629611e-01 4.551661356395084266e-04 5.689576695493854790e-04 3.413746017296313199e-04 1.365498406918525280e-03
