# itime ezz other fcc hcp bcc ico
0.000000000000000000e+00 0.000000000000000000e+00 0.000000000000000000e+00 1.000000000000000000e+00 0.000000000000000000e+00 0.000000000000000000e+00 0.000000000000000000e+00
5.000000000000000000e+01 2.000070846953860837e-03 0.000000000000000000e+00 1.000000000000000000e+00 0.000000000000000000e+00 0.000000000000000000e+00 0.000000000000000000e+00
1.000000000000000000e+02 4.000141693907721674e-03 0.000000000000000000e+00 1.000000000000000000e+00 0.000000000000000000e+00 0.000000000000000000e+00 0.000000000000000000e+00
1.500000000000000000e+02 6.000212540861582511e-03 0.000000000000000000e+00 1.000000000000000000e+00 0.000000000000000000e+00 0.000000000000000000e+00 0.000000000000000000e+00
2.000000000000000000e+02 8.000283387815443348e-03 0.000000000000000000e+00 1.000000000000000000e+00 0.000000000000000000e+00 0.000000000000000000e+00 0.000000000000000000e+00
2.500000000000000000e+02 1.000035423476930418e-02 0.000000000000000000e+00 1.000000000000000000e+00 0.000000000000000000e+00 0.000000000000000000e+00 0.000000000000000000e+00
3.000000000000000000e+02 1.200042508172316502e-02 0.000000000000000000e+00 1.000000000000000000e+00 0.000000000000000000e+00 0.000000000000000000e+00 0.000000000000000000e+00
3.500000000000000000e+02 1.400049592867702586e-02 0.000000000000000000e+00 1.000000000000000000e+00 0.000000000000000000e+00 0.000000000000000000e+00 0.000000000000000000e+00
4.000000000000000000e+02 1.600056677563088670e-02 0.000000000000000000e+00 1.000000000000000000e+00 0.000000000000000000e+00 0.000000000000000000e+00 0.000000000000000000e+00
4.500000000000000000e+02 1.800063762258452549e-02 0.000000000000000000e+00 1.000000000000000000e+00 0.000000000000000000e+00 0.000000000000000000e+00 0.000000000000000000e+00
5.000000000000000000e+02 2.000070846953838632e-02 0.000000000000000000e+00 1.000000000000000000e+00 0.000000000000000000e+00 0.000000000000000000e+00 0.000000000000000000e+00
5.500000000000000000e+02 2.200077931649224716e-02 0.000000000000000000e+00 1.000000000000000000e+00 0.000000000000000000e+00 0.000000000000000000e+00 0.000000000000000000e+00
6.000000000000000000e+02 2.400085016344610800e-02 0.000000000000000000e+00 1.000000000000000000e+00 0.000000000000000000e+00 0.000000000000000000e+00 0.000000000000000000e+00
6.500000000000000000e+02 2.600092101039996884e-02 0.000000000000000000e+00 1.000000000000000000e+00 0.000000000000000000e+00 0.000000000000000000e+00 0.000000000000000000e+00
7.000000000000000000e+02 2.800099185735382967e-02 0.000000000000000000e+00 1.000000000000000000e+00 0.000000000000000000e+00 0.000000000000000000e+00 0.000000000000000000e+00
7.500000000000000000e+02 3.000106270430769051e-02 0.000000000000000000e+00 1.000000000000000000e+00 0.000000000000000000e+00 0.000000000000000000e+00 0.000000000000000000e+00
8.000000000000000000e+02 3.200113355126155135e-02 0.000000000000000000e+00 1.000000000000000000e+00 0.000000000000000000e+00 0.000000000000000000e+00 0.000000000000000000e+00
8.500000000000000000e+02 3.400120439821541218e-02 0.000000000000000000e+00 1.000000000000000000e+00 0.000000000000000000e+00 0.000000000000000000e+00 0.000000000000000000e+00
9.000000000000000000e+02 3.600127524516927302e-02 0.000000000000000000e+00 1.000000000000000000e+00 0.000000000000000000e+00 0.000000000000000000e+00 0.000000000000000000e+00
9.500000000000000000e+02 3.800134609212313386e-02 0.000000000000000000e+00 1.000000000000000000e+00 0.000000000000000000e+00 0.000000000000000000e+00 0.000000000000000000e+00
1.000000000000000000e+03 4.000141693907699469e-02 0.000000000000000000e+00 1.000000000000000000e+00 0.000000000000000000e+00 0.000000000000000000e+00 0.000000000000000000e+00
1.050000000000000000e+03 4.200148778603085553e-02 0.000000000000000000e+00 1.000000000000000000e+00 0.000000000000000000e+00 0.000000000000000000e+00 0.000000000000000000e+00
1.100000000000000000e+03 4.400155863298471637e-02 0.000000000000000000e+00 1.000000000000000000e+00 0.000000000000000000e+00 0.000000000000000000e+00 0.000000000000000000e+00
1.150000000000000000e+03 4.600162947993857721e-02 0.000000000000000000e+00 1.000000000000000000e+00 0.000000000000000000e+00 0.000000000000000000e+00 0.000000000000000000e+00
1.200000000000000000e+03 4.800170032689243804e-02 0.000000000000000000e+00 1.000000000000000000e+00 0.000000000000000000e+00 0.000000000000000000e+00 0.000000000000000000e+00
1.250000000000000000e+03 5.000177117384629888e-02 0.000000000000000000e+00 1.000000000000000000e+00 0.000000000000000000e+00 0.000000000000000000e+00 0.000000000000000000e+00
1.300000000000000000e+03 5.200184202079993767e-02 0.000000000000000000e+00 1.000000000000000000e+00 0.000000000000000000e+00 0.000000000000000000e+00 0.000000000000000000e+00
1.350000000000000000e+03 5.400191286775379851e-02 0.000000000000000000e+00 1.000000000000000000e+00 0.000000000000000000e+00 0.000000000000000000e+00 0.000000000000000000e+00
1.400000000000000000e+03 5.600198371470765935e-02 4.551661356395084266e-04 9.995448338643604380e-01 0.000000000000000000e+00 0.000000000000000000e+00 0.000000000000000000e+00
1.450000000000000000e+03 5.800205456166152018e-02 0.000000000000000000e+00 1.000000000000000000e+00 0.000000000000000000e+00 0.000000000000000000e+00 0.000000000000000000e+00
1.500000000000000000e+03 6.000212540861538102e-02 0.000000000000000000e+00 1.000000000000000000e+00 0.000000000000000000e+00 0.000000000000000000e+00 0.000000000000000000e+00
1.550000000000000000e+03 6.200219625556924186e-02 0.000000000000000000e+00 1.000000000000000000e+00 0.000000000000000000e+00 0.000000000000000000e+00 0.000000000000000000e+00
1.600000000000000000e+03 6.400226710252310269e-02 0.000000000000000000e+00 1.000000000000000000e+00 0.000000000000000000e+00 0.000000000000000000e+00 0.000000000000000000e+00
1.650000000000000000e+03 6.600233794947696353e-02 0.000000000000000000e+00 1.000000000000000000e+00 0.000000000000000000e+00 0.000000000000000000e+00 0.000000000000000000e+00
1.700000000000000000e+03 6.800240879643082437e-02 0.000000000000000000e+00 1.000000000000000000e+00 0.000000000000000000e+00 0.000000000000000000e+00 0.000000000000000000e+00
1.750000000000000000e+03 7.000247964338468520e-02 0.000000000000000000e+00 1.000000000000000000e+00 0.000000000000000000e+00 0.000000000000000000e+00 0.000000000000000000e+00
1.800000000000000000e+03 7.200255049033854604e-02 0.000000000000000000e+00 1.000000000000000000e+00 0.000000000000000000e+00 0.000000000000000000e+00 0.000000000000000000e+00
1.850000000000000000e+03 7.400262133729240688e-02 0.000000000000000000e+00 1.000000000000000000e+00 0.000000000000000000e+00 0.000000000000000000e+00 0.000000000000000000e+00
1.900000000000000000e+03 7.600269218424626771e-02 0.000000000000000000e+00 1.000000000000000000e+00 0.000000000000000000e+00 0.000000000000000000e+00 0.000000000000000000e+00
1.950000000000000000e+03 7.800276303120012855e-02 0.000000000000000000e+00 1.000000000000000000e+00 0.000000000000000000e+00 0.000000000000000000e+00 0.000000000000000000e+00
2.000000000000000000e+03 8.000283387815398939e-02 1.137915339098771066e-04 9.998862084660901095e-01 0.000000000000000000e+00 0.000000000000000000e+00 0.000000000000000000e+00
2.050000000000000000e+03 8.200290472510785023e-02 6.827492034592626399e-04 9.993172507965407680e-01 0.000000000000000000e+00 0.000000000000000000e+00 0.000000000000000000e+00
2.100000000000000000e+03 8.400297557206171106e-02 5.689576695493854790e-04 9.994310423304506585e-01 0.000000000000000000e+00 0.000000000000000000e+00 0.000000000000000000e+00
2.150000000000000000e+03 8.600304641901534985e-02 4.551661356395084266e-04 9.995448338643604380e-01 0.000000000000000000e+00 0.000000000000000000e+00 0.000000000000000000e+00
2.200000000000000000e+03 8.800311726596921069e-02 1.137915339098771066e-04 9.998862084660901095e-01 0.000000000000000000e+00 0.000000000000000000e+00 0.000000000000000000e+00
2.250000000000000000e+03 9.000318811292307153e-02 9.103322712790168532e-04 9.990896677287209870e-01 0.000000000000000000e+00 0.000000000000000000e+00 0.000000000000000000e+00
2.300000000000000000e+03 9.200325895987693237e-02 4.551661356395084266e-04 9.994310423304506585e-01 0.000000000000000000e+00 1.137915339098771066e-04 0.000000000000000000e+00
2.350000000000000000e+03 9.400332980683079320e-02 3.072371415566681717e-03 9.968138370505233992e-01 0.000000000000000000e+00 1.137915339098771066e-04 0.000000000000000000e+00
2.400000000000000000e+03 9.600340065378465404e-02 5.689576695493854790e-04 9.994310423304506585e-01 0.000000000000000000e+00 0.000000000000000000e+00 0.000000000000000000e+00
2.450000000000000000e+03 9.800347150073851488e-02 1.934456076467910759e-03 9.979517523896221931e-01 0.000000000000000000e+00 1.137915339098771066e-04 0.000000000000000000e+00
2.500000000000000000e+03 1.000035423476923757e-01 1.251706873008648227e-03 9.986345015930814251e-01 0.000000000000000000e+00 1.137915339098771066e-04 0.000000000000000000e+00
2.550000000000000000e+03 1.020036131946462366e-01 4.096495220755575623e-03 9.959035047792443862e-01 0.000000000000000000e+00 0.000000000000000000e+00 0.000000000000000000e+00
2.600000000000000000e+03 1.040036840416000974e-01 3.755120619025944465e-03 9.961310878470641672e-01 0.000000000000000000e+00 1.137915339098771066e-04 0.000000000000000000e+00
2.650000000000000000e+03 1.060037548885539582e-01 5.234410559854347014e-03 9.941966317705962508e-01 0.000000000000000000e+00 5.689576695493854790e-04 0.000000000000000000e+00
2.700000000000000000e+03 1.080038257355078191e-01 7.624032771961766417e-03 9.911242603550295405e-01 0.000000000000000000e+00 1.251706873008648227e-03 0.000000000000000000e+00
2.750000000000000000e+03 1.100038965824616799e-01 7.851615839781519654e-03 9.908966772872098705e-01 0.000000000000000000e+00 1.251706873008648227e-03 0.000000000000000000e+00
2.800000000000000000e+03 1.120039674294155407e-01 1.081019572143832562e-02 9.883932635411925016e-01 0.000000000000000000e+00 7.965407373691396923e-04 0.000000000000000000e+00
2.850000000000000000e+03 1.140040382763694016e-01 1.433773327264451468e-02 9.840691852526172179e-01 0.000000000000000000e+00 1.593081474738279385e-03 0.000000000000000000e+00
2.900000000000000000e+03 1.160041091233232624e-01 2.139280837505689453e-02 9.765589440145653333e-01 0.000000000000000000e+00 2.048247610377787811e-03 0.000000000000000000e+00
2.950000000000000000e+03 1.180041799702771232e-01 2.639963586709149004e-02 9.638142922166590409e-01 0.000000000000000000e+00 9.786071916249430847e-03 0.000000000000000000e+00
3.000000000000000000e+03 1.200042508172309841e-01 6.190259444697314428e-02 9.043013199817933057e-01 0.000000000000000000e+00 3.379608557123350149e-02 0.000000000000000000e+00
3.050000000000000000e+03 1.220043216641846229e-01 1.248293126991351781e-01 7.278106508875740177e-01 0.000000000000000000e+00 1.473600364132908458e-01 0.000000000000000000e+00
3.100000000000000000e+03 1.240043925111384837e-01 2.422621756941283622e-01 3.687983614019116896e-01 1.137915339098770958e-03 3.878015475648611821e-01 0.000000000000000000e+00
3.150000000000000000e+03 1.260044633580923445e-01 3.381884387801547542e-01 1.560081929904415243e-01 9.103322712790168532e-04 5.048930359581247362e-01 0.000000000000000000e+00
3.200000000000000000e+03 1.280045342050462054e-01 3.048475193445607800e-01 1.424670004551661373e-01 5.689576695493855224e-03 5.469959035047792240e-01 0.000000000000000000e+00
3.250000000000000000e+03 1.300046050520000662e-01 2.757168866636321991e-01 1.185707783340919502e-01 9.786071916249430847e-03 5.959262630860263643e-01 0.000000000000000000e+00
3.300000000000000000e+03 1.320046758989539271e-01 2.684342284934000955e-01 1.164087391898042806e-01 1.433773327264451468e-02 6.008192990441511006e-01 0.000000000000000000e+00
3.350000000000000000e+03 1.340047467459077879e-01 2.803823395539372099e-01 1.061675011379153433e-01 2.992717341829767910e-02 5.835229858898497435e-01 0.000000000000000000e+00
3.400000000000000000e+03 1.360048175928616487e-01 2.860719162494310686e-01 1.046882111970869333e-01 4.597177969959034827e-02 5.632680928538916776e-01 0.000000000000000000e+00
3.450000000000000000e+03 1.380048884398155096e-01 3.194128356850250428e-01 1.203914428766499761e-01 7.612653618570777714e-02 4.840691852526172179e-01 0.000000000000000000e+00
3.500000000000000000e+03 1.400049592867693704e-01 3.571916249431042467e-01 1.636322257624032717e-01 1.167501137915339104e-01 3.624260355029585989e-01 0.000000000000000000e+00
3.550000000000000000e+03 1.420050301337232312e-01 3.813154301319982009e-01 2.072143832498861971e-01 1.528220300409649512e-01 2.586481565771506785e-01 0.000000000000000000e+00
3.600000000000000000e+03 1.440051009806770921e-01 3.857532999544833752e-01 2.298588984979517413e-01 1.725079654073737034e-01 2.118798361401911801e-01 0.000000000000000000e+00
3.650000000000000000e+03 1.460051718276309529e-01 3.885980883022303045e-01 2.281520254893036059e-01 1.924214838416021811e-01 1.908284023668639084e-01 0.000000000000000000e+00
3.700000000000000000e+03 1.480052426745848138e-01 3.915566681838871244e-01 2.256486117432862926e-01 1.978834774692762866e-01 1.849112426035502965e-01 0.000000000000000000e+00
3.750000000000000000e+03 1.500053135215386746e-01 4.077150659990896875e-01 2.280382339553937154e-01 2.058488848429676776e-01 1.583978152025489194e-01 0.000000000000000000e+00
3.800000000000000000e+03 1.520053843684925354e-01 4.113563950842057393e-01 2.364588074647246130e-01 2.203004096495220776e-01 1.318843878015475701e-01 0.000000000000000000e+00
3.850000000000000000e+03 1.540054552154463963e-01 3.989531178880291185e-01 2.498862084660901095e-01 2.257624032771961831e-01 1.253982703686845612e-01 0.000000000000000000e+00
3.900000000000000000e+03 1.560055260624000351e-01 3.998634501593081314e-01 2.494310423304506030e-01 2.246244879380974169e-01 1.260810195721438209e-01 0.000000000000000000e+00
3.950000000000000000e+03 1.580055969093538959e-01 4.078288575329995225e-01 2.514792899408284099e-01 2.279244424214838527e-01 1.127674101046882149e-01 0.000000000000000000e+00
4.000000000000000000e+03 1.600056677563077567e-01 4.060081929904414966e-01 2.562585343650432557e-01 2.385070550751024199e-01 9.922621756941284177e-02 0.000000000000000000e+00
4.050000000000000000e+03 1.620057386032616176e-01 4.137460172963131622e-01 2.658170232134728916e-01 2.395311788802912956e-01 8.090578060992262288e-02 0.000000000000000000e+00
4.100000000000000000e+03 1.640058094502154784e-01 4.101046882111971104e-01 2.734410559854346667e-01 2.349795175238962308e-01 8.147473827947200598e-02 0.000000000000000000e+00
4.150000000000000000e+03 1.660058802971693392e-01 4.129494765589440397e-01 2.832271279016841392e-01 2.300864815657714946e-01 7.373691397360036814e-02 0.000000000000000000e+00
4.200000000000000000e+03 1.680059511441232001e-01 4.102184797451069453e-01 2.892580791989076139e-01 2.350933090578060936e-01 6.543013199817933334e-02 0.000000000000000000e+00
4.250000000000000000e+03 1.700060219910770609e-01 4.186390532544378429e-01 2.825443786982248517e-01 2.365725989986345035e-01 6.224396904870277414e-02 0.000000000000000000e+00
4.300000000000000000e+03 1.720060928380309218e-01 4.184114701866181174e-01 2.848202093764223841e-01 2.398725534820209393e-01 5.689576695493855224e-02 0.000000000000000000e+00
4.350000000000000000e+03 1.740061636849847826e-01 4.106736458807464518e-01 2.918752844788347622e-01 2.375967228038234069e-01 5.985434683659535821e-02 0.000000000000000000e+00
4.400000000000000000e+03 1.760062345319386434e-01 4.103322712790168358e-01 2.886891215293582169e-01 2.395311788802912956e-01 6.144742831133363781e-02 0.000000000000000000e+00
4.450000000000000000e+03 1.780063053788925043e-01 4.221665908056440597e-01 2.992717341829768118e-01 2.390760127446517891e-01 3.948566226672735324e-02 0.000000000000000000e+00
4.500000000000000000e+03 1.800063762258463651e-01 4.188666363222576239e-01 3.112198452435138707e-01 2.323623122439690547e-01 3.755120619025944378e-02 0.000000000000000000e+00
4.550000000000000000e+03 1.820064470728002259e-01 4.186390532544378429e-01 3.157715065999089910e-01 2.305416477014110288e-01 3.504779244424215123e-02 0.000000000000000000e+00
4.600000000000000000e+03 1.840065179197540868e-01 4.165908056440600915e-01 3.227127901684114786e-01 2.280382339553937154e-01 3.265817023213472836e-02 0.000000000000000000e+00
4.650000000000000000e+03 1.860065887667079476e-01 4.101046882111971104e-01 3.321574874829312796e-01 2.294037323623122349e-01 2.833409194355939950e-02 0.000000000000000000e+00
4.700000000000000000e+03 1.880066596136618085e-01 4.077150659990896875e-01 3.422849340009103125e-01 2.267865270823850588e-01 2.321347291761493084e-02 0.000000000000000000e+00
4.750000000000000000e+03 1.900067304606154472e-01 4.061219845243513871e-01 3.487710514337733492e-01 2.289485662266727284e-01 1.615839781520254925e-02 0.000000000000000000e+00
4.800000000000000000e+03 1.920068013075693081e-01 3.999772416932180219e-01 3.569640418752844657e-01 2.267865270823850588e-01 1.627218934911242587e-02 0.000000000000000000e+00
4.850000000000000000e+03 1.940068721545231689e-01 4.094219390077378229e-01 3.576467910787437532e-01 2.167728720983158885e-01 1.615839781520254925e-02 0.000000000000000000e+00
4.900000000000000000e+03 1.960069430014770298e-01 4.010013654984069253e-01 3.683431952662721831e-01 2.091488393263541135e-01 2.150659990896677115e-02 0.000000000000000000e+00
4.950000000000000000e+03 1.980070138484308906e-01 4.004324078288575284e-01 3.804050978607191880e-01 2.000455166135639562e-01 1.911697769685935522e-02 0.000000000000000000e+00
5.000000000000000000e+03 2.000070846953847514e-01 3.989531178880291185e-01 3.878015475648611821e-01 1.911697769685935244e-01 2.207555757851615771e-02 0.000000000000000000e+00
5.050000000000000000e+03 2.020071555423386123e-01 4.005461993627674189e-01 3.998634501593081314e-01 1.830905780609922706e-01 1.649977241693217911e-02 0.000000000000000000e+00
5.100000000000000000e+03 2.040072263892924731e-01 3.949704142011834507e-01 4.102184797451069453e-01 1.799044151115156975e-01 1.490669094219390124e-02 0.000000000000000000e+00
5.150000000000000000e+03 2.060072972362463339e-01 3.798361401911697910e-01 4.309285389167045732e-01 1.746700045516613453e-01 1.445152480655439303e-02 1.137915339098771066e-04
5.200000000000000000e+03 2.080073680832001948e-01 3.755120619025944517e-01 4.462903959945380139e-01 1.639736003641329154e-01 1.422394173873463806e-02 0.000000000000000000e+00
5.250000000000000000e+03 2.100074389301540556e-01 3.719845243513882349e-01 4.522075557578515981e-01 1.618115612198452458e-01 1.399635867091488309e-02 0.000000000000000000e+00
5.300000000000000000e+03 2.120075097771079164e-01 3.733500227583067543e-01 4.590350477924442507e-01 1.558944014565316338e-01 1.172052799271734204e-02 0.000000000000000000e+00
5.350000000000000000e+03 2.140075806240617773e-01 3.693673190714610866e-01 4.613108784706417831e-01 1.591943559399180697e-01 1.012744651797906244e-02 0.000000000000000000e+00
5.400000000000000000e+03 2.160076514710156381e-01 3.701638598088302090e-01 4.626763768775603025e-01 1.571461083295402905e-01 1.001365498406918582e-02 0.000000000000000000e+00
5.450000000000000000e+03 2.180077223179694990e-01 3.732362312243969193e-01 4.656349567592171224e-01 1.507737824305871721e-01 1.035502958579881741e-02 0.000000000000000000e+00
5.500000000000000000e+03 2.200077931649233598e-01 3.766499772416932457e-01 4.651797906235776159e-01 1.496358670914884059e-01 8.534365043240782836e-03 0.000000000000000000e+00
5.550000000000000000e+03 2.220078640118772206e-01 3.706190259444697155e-01 4.684797451069640517e-01 1.517979062357760478e-01 9.103322712790167665e-03 0.000000000000000000e+00
5.600000000000000000e+03 2.240079348588308594e-01 3.697086936731907025e-01 4.696176604460627901e-01 1.517979062357760478e-01 8.875739644970414427e-03 0.000000000000000000e+00
5.650000000000000000e+03 2.260080057057847203e-01 3.791533909877105035e-01 4.660901228948566288e-01 1.447428311333636697e-01 1.001365498406918582e-02 0.000000000000000000e+00
5.700000000000000000e+03 2.280080765527385811e-01 3.781292671825216001e-01 4.644970414201183284e-01 1.475876194811105990e-01 9.786071916249430847e-03 0.000000000000000000e+00
5.750000000000000000e+03 2.300081473996924419e-01 3.750568957669549452e-01 4.713245334547109811e-01 1.403049613108784677e-01 1.331360946745562164e-02 0.000000000000000000e+00
5.800000000000000000e+03 2.320082182466463028e-01 3.654984069185252538e-01 4.852071005917159563e-01 1.391670459717797015e-01 1.012744651797906244e-02 0.000000000000000000e+00
5.850000000000000000e+03 2.340082890936001636e-01 3.631087847064178309e-01 4.866863905325443662e-01 1.409877105143377274e-01 9.217114246700046018e-03 0.000000000000000000e+00
5.900000000000000000e+03 2.360083599405540244e-01 3.601502048247610110e-01 4.888484296768320636e-01 1.389394629039599482e-01 1.206190259444697363e-02 0.000000000000000000e+00
5.950000000000000000e+03 2.380084307875078853e-01 3.647018661811561313e-01 4.854346836595357373e-01 1.385980883022303045e-01 1.126536185707783383e-02 0.000000000000000000e+00
6.000000000000000000e+03 2.400085016344617461e-01 3.570778334091943562e-01 4.941966317705962508e-01 1.383705052344105513e-01 1.035502958579881741e-02 0.000000000000000000e+00
6.050000000000000000e+03 2.420085724814156070e-01 3.545744196631770428e-01 4.995448338643604935e-01 1.376877560309512916e-01 8.192990441511151245e-03 0.000000000000000000e+00
6.100000000000000000e+03 2.440086433283694678e-01 3.534365043240783044e-01 4.997724169321802190e-01 1.365498406918525254e-01 1.024123805188893906e-02 0.000000000000000000e+00
6.150000000000000000e+03 2.460087141753233286e-01 3.552571688666363303e-01 4.977241693218024676e-01 1.350705507510241155e-01 1.194811106053709528e-02 0.000000000000000000e+00
6.200000000000000000e+03 2.480087850222771895e-01 3.560537096040054528e-01 4.994310423304506030e-01 1.338188438780154865e-01 1.069640418752844727e-02 0.000000000000000000e+00
6.250000000000000000e+03 2.500088558692310503e-01 3.546882111970869333e-01 5.005689576695493415e-01 1.329085116067364458e-01 1.183431952662721866e-02 0.000000000000000000e+00
6.300000000000000000e+03 2.520089267161849111e-01 3.558261265361857273e-01 4.968138370505234547e-01 1.324533454710969393e-01 1.490669094219390124e-02 0.000000000000000000e+00
6.350000000000000000e+03 2.540089975631387720e-01 3.542330450614474269e-01 4.944242148384160318e-01 1.379153390987710448e-01 1.342740100136549826e-02 0.000000000000000000e+00
6.400000000000000000e+03 2.560090684100926328e-01 3.573054164770141372e-01 4.937414656349567443e-01 1.339326354119253493e-01 1.502048247610377786e-02 0.000000000000000000e+00
6.450000000000000000e+03 2.580091392570462716e-01 3.546882111970869333e-01 4.940828402366864158e-01 1.376877560309512916e-01 1.354119253527537488e-02 0.000000000000000000e+00
6.500000000000000000e+03 2.600092101040001324e-01 3.519572143832498945e-01 4.927173418297678409e-01 1.417842512517068776e-01 1.354119253527537488e-02 0.000000000000000000e+00
6.550000000000000000e+03 2.620092809509539933e-01 3.553709604005462208e-01 4.879380974055530507e-01 1.418980427856167403e-01 1.479289940828402289e-02 0.000000000000000000e+00
6.600000000000000000e+03 2.640093517979078541e-01 3.566226672735548497e-01 4.928311333636777314e-01 1.380291306326809353e-01 1.251706873008648184e-02 0.000000000000000000e+00
6.650000000000000000e+03 2.660094226448617150e-01 3.535502958579881394e-01 4.935138825671370189e-01 1.400773782430587144e-01 1.285844333181611343e-02 0.000000000000000000e+00
6.700000000000000000e+03 2.680094934918155758e-01 3.600364132908511761e-01 4.905553026854801990e-01 1.374601729631315383e-01 1.194811106053709528e-02 0.000000000000000000e+00
6.750000000000000000e+03 2.700095643387694366e-01 3.627674101046882149e-01 4.880518889394628856e-01 1.342740100136549930e-01 1.490669094219390124e-02 0.000000000000000000e+00
6.800000000000000000e+03 2.720096351857232975e-01 3.591260810195721631e-01 4.899863450159308020e-01 1.341602184797451025e-01 1.672735548475193582e-02 0.000000000000000000e+00
6.850000000000000000e+03 2.740097060326771583e-01 3.666363222576240477e-01 4.857760582612653533e-01 1.313154301319981732e-01 1.627218934911242587e-02 0.000000000000000000e+00
6.900000000000000000e+03 2.760097768796310191e-01 3.631087847064178309e-01 4.906690942193900895e-01 1.300637232589895442e-01 1.615839781520254925e-02 0.000000000000000000e+00
6.950000000000000000e+03 2.780098477265848800e-01 3.612881201638598050e-01 4.873691397360036537e-01 1.301775147928994070e-01 2.116522530723714129e-02 0.000000000000000000e+00
7.000000000000000000e+03 2.800099185735387408e-01 3.566226672735548497e-01 4.922621756941283344e-01 1.316568047337278169e-01 1.945835229858898507e-02 0.000000000000000000e+00
7.050000000000000000e+03 2.820099894204926017e-01 3.619708693673190925e-01 4.899863450159308020e-01 1.310878470641784199e-01 1.695493855257168905e-02 0.000000000000000000e+00
7.100000000000000000e+03 2.840100602674464625e-01 3.632225762403277214e-01 4.842967683204369433e-01 1.321119708693673234e-01 2.036868456986800149e-02 0.000000000000000000e+00
7.150000000000000000e+03 2.860101311144003233e-01 3.647018661811561313e-01 4.832726445152480399e-01 1.338188438780154865e-01 1.820664542558033533e-02 0.000000000000000000e+00
7.200000000000000000e+03 2.880102019613541842e-01 3.627674101046882149e-01 4.774692762858443462e-01 1.388256713700500578e-01 2.093764223941738806e-02 0.000000000000000000e+00
7.250000000000000000e+03 2.900102728083080450e-01 3.692535275375511961e-01 4.739417387346381294e-01 1.378015475648611821e-01 1.900318616294947513e-02 0.000000000000000000e+00
7.300000000000000000e+03 2.920103436552616838e-01 3.648156577150660218e-01 4.729176149294492260e-01 1.412152935821574806e-01 2.105143377332726468e-02 0.000000000000000000e+00
7.350000000000000000e+03 2.940104145022155446e-01 3.730086481565771384e-01 4.688211197086936677e-01 1.447428311333636697e-01 1.342740100136549826e-02 0.000000000000000000e+00
7.400000000000000000e+03 2.960104853491694055e-01 3.628812016385981054e-01 4.787209831588529751e-01 1.412152935821574806e-01 1.718252162039144229e-02 0.000000000000000000e+00
7.450000000000000000e+03 2.980105561961232663e-01 3.571916249431042467e-01 4.807692307692307820e-01 1.447428311333636697e-01 1.729631315430131891e-02 0.000000000000000000e+00
7.500000000000000000e+03 3.000106270430771271e-01 3.631087847064178309e-01 4.771279016841146747e-01 1.445152480655439164e-01 1.524806554392353283e-02 0.000000000000000000e+00
7.550000000000000000e+03 3.020106978900309880e-01 3.717569412835685094e-01 4.666590805644060258e-01 1.455393718707328199e-01 1.604460628129267263e-02 0.000000000000000000e+00
7.600000000000000000e+03 3.040107687369848488e-01 3.706190259444697155e-01 4.619936276741010706e-01 1.532771961766044577e-01 1.411015020482476144e-02 0.000000000000000000e+00
7.650000000000000000e+03 3.060108395839387097e-01 3.750568957669549452e-01 4.557350933090578149e-01 1.565771506599908935e-01 1.263086026399635846e-02 0.000000000000000000e+00
7.700000000000000000e+03 3.080109104308925705e-01 3.740327719617660418e-01 4.544833864360491305e-01 1.578288575329995502e-01 1.365498406918525323e-02 0.000000000000000000e+00
7.750000000000000000e+03 3.100109812778464313e-01 3.800637232589895165e-01 4.498179335457441752e-01 1.593081474738279601e-01 1.081019572143832562e-02 0.000000000000000000e+00
7.800000000000000000e+03 3.120110521248002922e-01 3.718707328174783999e-01 4.567592171142467183e-01 1.588529813381884259e-01 1.251706873008648184e-02 0.000000000000000000e+00
7.850000000000000000e+03 3.140111229717541530e-01 3.753982703686845612e-01 4.532316795630405015e-01 1.595357305416477134e-01 1.183431952662721866e-02 0.000000000000000000e+00
7.900000000000000000e+03 3.160111938187080138e-01 3.783568502503413811e-01 4.509558488848429691e-01 1.602184797451069731e-01 1.046882111970869403e-02 0.000000000000000000e+00
7.950000000000000000e+03 3.180112646656618747e-01 3.788120163859808875e-01 4.524351388256713791e-01 1.590805644060081792e-01 9.672280382339554228e-03 0.000000000000000000e+00
8.000000000000000000e+03 3.200113355126157355e-01 3.833636777423759523e-01 4.459490213928083979e-01 1.599908966772872199e-01 1.069640418752844727e-02 0.000000000000000000e+00
8.050000000000000000e+03 3.220114063595695963e-01 3.901911697769686049e-01 4.427628584433317971e-01 1.547564861174328676e-01 1.228948566226672687e-02 0.000000000000000000e+00
8.100000000000000000e+03 3.240114772065234572e-01 3.928083750568957533e-01 4.409421939007737712e-01 1.541875284478834707e-01 1.206190259444697363e-02 0.000000000000000000e+00
8.150000000000000000e+03 3.260115480534773180e-01 3.882567137005006885e-01 4.451524806554392200e-01 1.541875284478834707e-01 1.240327719617660522e-02 0.000000000000000000e+00
8.200000000000000000e+03 3.280116189004309568e-01 3.880291306326809075e-01 4.423076923076922906e-01 1.538461538461538547e-01 1.581702321347291593e-02 0.000000000000000000e+00
8.250000000000000000e+03 3.300116897473848177e-01 3.931497496586254248e-01 4.410559854346836617e-01 1.522530723714155543e-01 1.354119253527537488e-02 0.000000000000000000e+00
8.300000000000000000e+03 3.320117605943386785e-01 3.996358670914884059e-01 4.419663177059626746e-01 1.453117888029130667e-01 1.308602639963586667e-02 0.000000000000000000e+00
8.350000000000000000e+03 3.340118314412925393e-01 3.996358670914884059e-01 4.431042330450614686e-01 1.451979972690031762e-01 1.206190259444697363e-02 0.000000000000000000e+00
8.400000000000000000e+03 3.360119022882464002e-01 3.951979972690031762e-01 4.443559399180700975e-01 1.467910787437414766e-01 1.365498406918525323e-02 0.000000000000000000e+00
8.450000000000000000e+03 3.380119731352002610e-01 3.987255348202093930e-01 4.474283113336367523e-01 1.408739189804278646e-01 1.297223486572599005e-02 0.000000000000000000e+00
8.500000000000000000e+03 3.400120439821541218e-01 3.950842057350932857e-01 4.481110605370960398e-01 1.418980427856167403e-01 1.490669094219390124e-02 0.000000000000000000e+00
8.550000000000000000e+03 3.420121148291079827e-01 4.011151570323168158e-01 4.449248975876194945e-01 1.398497951752389612e-01 1.411015020482476144e-02 0.000000000000000000e+00
8.600000000000000000e+03 3.440121856760618435e-01 4.021392808375056638e-01 4.421939007737824556e-01 1.409877105143377274e-01 1.467910787437414627e-02 0.000000000000000000e+00
8.650000000000000000e+03 3.460122565230157043e-01 4.085116067364588099e-01 4.385525716886663483e-01 1.417842512517068776e-01 1.115157032316795548e-02 0.000000000000000000e+00
8.700000000000000000e+03 3.480123273699695652e-01 4.086253982703687004e-01 4.393491124260355263e-01 1.423532089212562468e-01 9.672280382339554228e-03 0.000000000000000000e+00
8.750000000000000000e+03 3.500123982169234260e-01 4.106736458807464518e-01 4.402594446973145392e-01 1.391670459717797015e-01 9.899863450159307465e-03 0.000000000000000000e+00
8.800000000000000000e+03 3.520124690638772869e-01 4.121529358215748617e-01 4.403732362312243742e-01 1.363222576240327721e-01 1.115157032316795548e-02 0.000000000000000000e+00
8.850000000000000000e+03 3.540125399108311477e-01 4.131770596267637652e-01 4.425352753755120716e-01 1.338188438780154865e-01 1.046882111970869403e-02 0.000000000000000000e+00
8.900000000000000000e+03 3.560126107577850085e-01 4.189804278561675144e-01 4.410559854346836617e-01 1.279016841147018746e-01 1.206190259444697363e-02 0.000000000000000000e+00
8.950000000000000000e+03 3.580126816047388694e-01 4.153390987710514071e-01 4.451524806554392200e-01 1.299499317250796537e-01 9.558488848429677609e-03 0.000000000000000000e+00
9.000000000000000000e+03 3.600127524516927302e-01 4.159080564406008040e-01 4.439007737824305910e-01 1.293809740555302568e-01 1.081019572143832562e-02 0.000000000000000000e+00
9.050000000000000000e+03 3.620128232986463690e-01 4.103322712790168358e-01 4.479972690031861493e-01 1.289258079198907503e-01 1.274465179790623508e-02 0.000000000000000000e+00
9.100000000000000000e+03 3.640128941456002298e-01 4.137460172963131622e-01 4.424214838416021811e-01 1.299499317250796537e-01 1.388256713700500647e-02 0.000000000000000000e+00
9.150000000000000000e+03 3.660129649925540907e-01 4.131770596267637652e-01 4.385525716886663483e-01 1.372325898953117851e-01 1.103777878925807886e-02 0.000000000000000000e+00
9.200000000000000000e+03 3.680130358395079515e-01 4.122667273554847522e-01 4.434456076467910846e-01 1.346153846153846090e-01 9.672280382339554228e-03 0.000000000000000000e+00
9.250000000000000000e+03 3.700131066864618123e-01 4.088529813381884259e-01 4.428766499772416876e-01 1.403049613108784677e-01 7.965407373691398007e-03 0.000000000000000000e+00
9.300000000000000000e+03 3.720131775334156732e-01 4.167045971779699820e-01 4.370732817478379384e-01 1.348429676832043622e-01 1.137915339098771045e-02 0.000000000000000000e+00
9.350000000000000000e+03 3.740132483803695340e-01 4.192080109239872399e-01 4.365043240782885969e-01 1.341602184797451025e-01 1.012744651797906244e-02 0.000000000000000000e+00
9.400000000000000000e+03 3.760133192273233949e-01 4.241010468821119761e-01 4.327492034592626546e-01 1.334774692762858428e-01 9.672280382339554228e-03 0.000000000000000000e+00
9.450000000000000000e+03 3.780133900742772557e-01 4.242148384160218666e-01 4.344560764679107900e-01 1.309740555302685572e-01 1.035502958579881741e-02 0.000000000000000000e+00
9.500000000000000000e+03 3.800134609212311165e-01 4.210286754665452658e-01 4.399180700955848677e-01 1.288120163859808875e-01 1.024123805188893906e-02 0.000000000000000000e+00
9.550000000000000000e+03 3.820135317681849774e-01 4.194355939918070209e-01 4.493627674101046687e-01 1.231224396904870289e-01 8.079198907601274626e-03 0.000000000000000000e+00
9.600000000000000000e+03 3.840136026151388382e-01 4.058944014565316616e-01 4.652935821574875064e-01 1.205052344105598527e-01 8.306781975421027864e-03 0.000000000000000000e+00
9.650000000000000000e+03 3.860136734620926990e-01 4.122667273554847522e-01 4.616522530723713991e-01 1.198224852071005930e-01 6.258534365043240920e-03 0.000000000000000000e+00
9.700000000000000000e+03 3.880137443090465599e-01 4.086253982703687004e-01 4.668866636322257513e-01 1.177742375967228000e-01 6.713700500682749130e-03 0.000000000000000000e+00
9.750000000000000000e+03 3.900138151560004207e-01 4.041875284478834707e-01 4.708693673190714746e-01 1.185707783340919502e-01 6.372325898953117539e-03 0.000000000000000000e+00
9.800000000000000000e+03 3.920138860029542816e-01 3.991807009558488994e-01 4.730314064633591165e-01 1.190259444697314567e-01 8.761948111060537808e-03 0.000000000000000000e+00
9.850000000000000000e+03 3.940139568499081424e-01 4.039599453800637452e-01 4.676832043695949293e-01 1.189121529358215801e-01 9.444697314519799256e-03 0.000000000000000000e+00
9.900000000000000000e+03 3.960140276968617812e-01 4.022530723714155543e-01 4.683659535730541612e-01 1.225534820209376458e-01 6.827492034592626616e-03 0.000000000000000000e+00
9.950000000000000000e+03 3.980140985438156420e-01 4.013427401001365413e-01 4.667728720983158608e-01 1.263086026399635742e-01 5.575785161583977738e-03 0.000000000000000000e+00
1.000000000000000000e+04 4.000141693907695029e-01 4.010013654984069253e-01 4.667728720983158608e-01 1.264223941738734647e-01 5.803368229403732710e-03 0.000000000000000000e+00
1.005000000000000000e+04 4.020142402377233637e-01 4.007737824305871444e-01 4.641556668183887124e-01 1.289258079198907503e-01 6.144742831133363434e-03 0.000000000000000000e+00
1.010000000000000000e+04 4.040143110846772245e-01 4.093081474738279324e-01 4.576695493855257313e-01 1.256258534365043145e-01 7.396449704142011444e-03 0.000000000000000000e+00
1.015000000000000000e+04 4.060143819316310854e-01 4.128356850250341492e-01 4.522075557578515981e-01 1.259672280382339582e-01 8.989531178880291046e-03 0.000000000000000000e+00
1.020000000000000000e+04 4.080144527785849462e-01 4.178425125170687204e-01 4.466317705962676299e-01 1.249431042330450548e-01 1.058261265361857065e-02 0.000000000000000000e+00
1.025000000000000000e+04 4.100145236255388070e-01 4.175011379153391045e-01 4.470869367319071364e-01 1.268775603095129711e-01 8.534365043240782836e-03 0.000000000000000000e+00
1.030000000000000000e+04 4.120145944724926679e-01 4.246700045516613731e-01 4.431042330450614686e-01 1.217569412835685094e-01 1.046882111970869403e-02 0.000000000000000000e+00
1.035000000000000000e+04 4.140146653194465287e-01 4.245562130177514826e-01 4.474283113336367523e-01 1.183431952662721831e-01 9.672280382339554228e-03 0.000000000000000000e+00
1.040000000000000000e+04 4.160147361664003895e-01 4.243286299499317016e-01 4.462903959945380139e-01 1.189121529358215801e-01 1.046882111970869403e-02 0.000000000000000000e+00
1.045000000000000000e+04 4.180148070133542504e-01 4.280837505689576439e-01 4.433318161128811941e-01 1.190259444697314567e-01 9.558488848429677609e-03 0.000000000000000000e+00
1.050000000000000000e+04 4.200148778603081112e-01 4.303595812471552318e-01 4.392353208921256358e-01 1.220983158852981393e-01 8.306781975421027864e-03 0.000000000000000000e+00
1.055000000000000000e+04 4.220149487072619721e-01 4.312699135184342447e-01 4.390077378243058548e-01 1.218707328174783860e-01 7.851615839781519654e-03 0.000000000000000000e+00
1.060000000000000000e+04 4.240150195542158329e-01 4.333181611288119961e-01 4.375284478834774449e-01 1.197086936731907164e-01 9.444697314519799256e-03 0.000000000000000000e+00
1.065000000000000000e+04 4.260150904011696937e-01 4.266044606281292895e-01 4.398042785616750328e-01 1.226672735548475224e-01 1.092398725534820224e-02 0.000000000000000000e+00
1.070000000000000000e+04 4.280151612481235546e-01 4.266044606281292895e-01 4.396904870277651423e-01 1.209604005461993592e-01 1.274465179790623508e-02 0.000000000000000000e+00
1.075000000000000000e+04 4.300152320950771934e-01 4.307009558488848477e-01 4.367319071461083224e-01 1.206190259444697294e-01 1.194811106053709528e-02 0.000000000000000000e+00
1.080000000000000000e+04 4.320153029420310542e-01 4.284251251706873154e-01 4.365043240782885969e-01 1.236913973600364119e-01 1.137915339098771045e-02 0.000000000000000000e+00
1.085000000000000000e+04 4.340153737889849150e-01 4.291078743741465473e-01 4.352526172052799125e-01 1.246017296313154249e-01 1.103777878925807886e-02 0.000000000000000000e+00
1.090000000000000000e+04 4.360154446359387759e-01 4.295630405097860538e-01 4.379836140191169513e-01 1.223258989531178925e-01 1.012744651797906244e-02 0.000000000000000000e+00
1.095000000000000000e+04 4.380155154828926367e-01 4.208010923987255403e-01 4.426490669094219621e-01 1.272189349112426149e-01 9.330905780609922637e-03 0.000000000000000000e+00
1.100000000000000000e+04 4.400155863298464975e-01 4.281975421028675344e-01 4.369594902139281034e-01 1.251706873008648080e-01 9.672280382339554228e-03 0.000000000000000000e+00
1.105000000000000000e+04 4.420156571768003584e-01 4.251251706873008795e-01 4.428766499772416876e-01 1.186845698680018268e-01 1.331360946745562164e-02 0.000000000000000000e+00
1.110000000000000000e+04 4.440157280237542192e-01 4.304733727810650668e-01 4.359353664087392000e-01 1.227810650887573990e-01 1.081019572143832562e-02 0.000000000000000000e+00
1.115000000000000000e+04 4.460157988707080801e-01 4.260355029585798925e-01 4.352526172052799125e-01 1.264223941738734647e-01 1.228948566226672687e-02 0.000000000000000000e+00
1.120000000000000000e+04 4.480158697176619409e-01 4.357077833409194190e-01 4.308147473827947382e-01 1.251706873008648080e-01 8.306781975421027864e-03 0.000000000000000000e+00
1.125000000000000000e+04 4.500159405646158017e-01 4.374146563495676099e-01 4.311561219845243542e-01 1.207328174783796060e-01 1.069640418752844727e-02 0.000000000000000000e+00
1.130000000000000000e+04 4.520160114115696626e-01 4.314974965862539702e-01 4.354802002730996935e-01 1.215293582157487423e-01 1.149294492489758707e-02 0.000000000000000000e+00
1.135000000000000000e+04 4.540160822585235234e-01 4.342284934000910090e-01 4.318388711879836417e-01 1.210741920801092358e-01 1.285844333181611343e-02 0.000000000000000000e+00
