# itime ezz other fcc hcp bcc ico
0.000000000000000000e+00 0.000000000000000000e+00 0.000000000000000000e+00 1.000000000000000000e+00 0.000000000000000000e+00 0.000000000000000000e+00 0.000000000000000000e+00
2.500000000000000000e+01 1.000054697049890251e-03 0.000000000000000000e+00 1.000000000000000000e+00 0.000000000000000000e+00 0.000000000000000000e+00 0.000000000000000000e+00
5.000000000000000000e+01 2.000109394099780502e-03 0.000000000000000000e+00 1.000000000000000000e+00 0.000000000000000000e+00 0.000000000000000000e+00 0.000000000000000000e+00
7.500000000000000000e+01 3.000164091149448709e-03 0.000000000000000000e+00 1.000000000000000000e+00 0.000000000000000000e+00 0.000000000000000000e+00 0.000000000000000000e+00
1.000000000000000000e+02 4.000218788199338960e-03 0.000000000000000000e+00 1.000000000000000000e+00 0.000000000000000000e+00 0.000000000000000000e+00 0.000000000000000000e+00
1.250000000000000000e+02 5.000273485249229211e-03 0.000000000000000000e+00 1.000000000000000000e+00 0.000000000000000000e+00 0.000000000000000000e+00 0.000000000000000000e+00
1.500000000000000000e+02 6.000328182299119462e-03 0.000000000000000000e+00 1.000000000000000000e+00 0.000000000000000000e+00 0.000000000000000000e+00 0.000000000000000000e+00
1.750000000000000000e+02 7.000382879349009713e-03 0.000000000000000000e+00 1.000000000000000000e+00 0.000000000000000000e+00 0.000000000000000000e+00 0.000000000000000000e+00
2.000000000000000000e+02 8.000437576398677919e-03 0.000000000000000000e+00 1.000000000000000000e+00 0.000000000000000000e+00 0.000000000000000000e+00 0.000000000000000000e+00
2.250000000000000000e+02 9.000492273448568170e-03 0.000000000000000000e+00 1.000000000000000000e+00 0.000000000000000000e+00 0.000000000000000000e+00 0.000000000000000000e+00
2.500000000000000000e+02 1.000054697049845842e-02 0.000000000000000000e+00 1.000000000000000000e+00 0.000000000000000000e+00 0.000000000000000000e+00 0.000000000000000000e+00
2.750000000000000000e+02 1.100060166754834867e-02 0.000000000000000000e+00 1.000000000000000000e+00 0.000000000000000000e+00 0.000000000000000000e+00 0.000000000000000000e+00
3.000000000000000000e+02 1.200065636459801688e-02 0.000000000000000000e+00 1.000000000000000000e+00 0.000000000000000000e+00 0.000000000000000000e+00 0.000000000000000000e+00
3.250000000000000000e+02 1.300071106164790713e-02 0.000000000000000000e+00 1.000000000000000000e+00 0.000000000000000000e+00 0.000000000000000000e+00 0.000000000000000000e+00
3.500000000000000000e+02 1.400076575869779738e-02 0.000000000000000000e+00 1.000000000000000000e+00 0.000000000000000000e+00 0.000000000000000000e+00 0.000000000000000000e+00
3.750000000000000000e+02 1.500082045574768763e-02 0.000000000000000000e+00 1.000000000000000000e+00 0.000000000000000000e+00 0.000000000000000000e+00 0.000000000000000000e+00
4.000000000000000000e+02 1.600087515279757788e-02 0.000000000000000000e+00 1.000000000000000000e+00 0.000000000000000000e+00 0.000000000000000000e+00 0.000000000000000000e+00
4.250000000000000000e+02 1.700092984984724609e-02 0.000000000000000000e+00 1.000000000000000000e+00 0.000000000000000000e+00 0.000000000000000000e+00 0.000000000000000000e+00
4.500000000000000000e+02 1.800098454689713634e-02 0.000000000000000000e+00 1.000000000000000000e+00 0.000000000000000000e+00 0.000000000000000000e+00 0.000000000000000000e+00
4.750000000000000000e+02 1.900103924394702659e-02 0.000000000000000000e+00 1.000000000000000000e+00 0.000000000000000000e+00 0.000000000000000000e+00 0.000000000000000000e+00
5.000000000000000000e+02 2.000109394099691684e-02 0.000000000000000000e+00 1.000000000000000000e+00 0.000000000000000000e+00 0.000000000000000000e+00 0.000000000000000000e+00
5.250000000000000000e+02 2.100114863804680709e-02 0.000000000000000000e+00 1.000000000000000000e+00 0.000000000000000000e+00 0.000000000000000000e+00 0.000000000000000000e+00
5.500000000000000000e+02 2.200120333509647530e-02 0.000000000000000000e+00 1.000000000000000000e+00 0.000000000000000000e+00 0.000000000000000000e+00 0.000000000000000000e+00
5.750000000000000000e+02 2.300125803214636555e-02 0.000000000000000000e+00 1.000000000000000000e+00 0.000000000000000000e+00 0.000000000000000000e+00 0.000000000000000000e+00
6.000000000000000000e+02 2.400131272919625580e-02 0.000000000000000000e+00 1.000000000000000000e+00 0.000000000000000000e+00 0.000000000000000000e+00 0.000000000000000000e+00
6.250000000000000000e+02 2.500136742624614605e-02 0.000000000000000000e+00 1.000000000000000000e+00 0.000000000000000000e+00 0.000000000000000000e+00 0.000000000000000000e+00
6.500000000000000000e+02 2.600142212329603630e-02 0.000000000000000000e+00 1.000000000000000000e+00 0.000000000000000000e+00 0.000000000000000000e+00 0.000000000000000000e+00
6.750000000000000000e+02 2.700147682034570451e-02 0.000000000000000000e+00 1.000000000000000000e+00 0.000000000000000000e+00 0.000000000000000000e+00 0.000000000000000000e+00
7.000000000000000000e+02 2.800153151739559476e-02 0.000000000000000000e+00 1.000000000000000000e+00 0.000000000000000000e+00 0.000000000000000000e+00 0.000000000000000000e+00
7.250000000000000000e+02 2.900158621444548501e-02 0.000000000000000000e+00 1.000000000000000000e+00 0.000000000000000000e+00 0.000000000000000000e+00 0.000000000000000000e+00
7.500000000000000000e+02 3.000164091149537526e-02 0.000000000000000000e+00 1.000000000000000000e+00 0.000000000000000000e+00 0.000000000000000000e+00 0.000000000000000000e+00
7.750000000000000000e+02 3.100169560854526551e-02 0.000000000000000000e+00 1.000000000000000000e+00 0.000000000000000000e+00 0.000000000000000000e+00 0.000000000000000000e+00
8.000000000000000000e+02 3.200175030559493372e-02 0.000000000000000000e+00 1.000000000000000000e+00 0.000000000000000000e+00 0.000000000000000000e+00 0.000000000000000000e+00
8.250000000000000000e+02 3.300180500264482397e-02 0.000000000000000000e+00 1.000000000000000000e+00 0.000000000000000000e+00 0.000000000000000000e+00 0.000000000000000000e+00
8.500000000000000000e+02 3.400185969969471422e-02 0.000000000000000000e+00 1.000000000000000000e+00 0.000000000000000000e+00 0.000000000000000000e+00 0.000000000000000000e+00
8.750000000000000000e+02 3.500191439674460447e-02 0.000000000000000000e+00 1.000000000000000000e+00 0.000000000000000000e+00 0.000000000000000000e+00 0.000000000000000000e+00
9.000000000000000000e+02 3.600196909379427268e-02 0.000000000000000000e+00 1.000000000000000000e+00 0.000000000000000000e+00 0.000000000000000000e+00 0.000000000000000000e+00
9.250000000000000000e+02 3.700202379084416293e-02 0.000000000000000000e+00 1.000000000000000000e+00 0.000000000000000000e+00 0.000000000000000000e+00 0.000000000000000000e+00
9.500000000000000000e+02 3.800207848789405318e-02 0.000000000000000000e+00 1.000000000000000000e+00 0.000000000000000000e+00 0.000000000000000000e+00 0.000000000000000000e+00
9.750000000000000000e+02 3.900213318494394343e-02 0.000000000000000000e+00 1.000000000000000000e+00 0.000000000000000000e+00 0.000000000000000000e+00 0.000000000000000000e+00
1.000000000000000000e+03 4.000218788199383368e-02 0.000000000000000000e+00 1.000000000000000000e+00 0.000000000000000000e+00 0.000000000000000000e+00 0.000000000000000000e+00
1.025000000000000000e+03 4.100224257904350189e-02 0.000000000000000000e+00 1.000000000000000000e+00 0.000000000000000000e+00 0.000000000000000000e+00 0.000000000000000000e+00
1.050000000000000000e+03 4.200229727609339214e-02 0.000000000000000000e+00 1.000000000000000000e+00 0.000000000000000000e+00 0.000000000000000000e+00 0.000000000000000000e+00
1.075000000000000000e+03 4.300235197314328239e-02 0.000000000000000000e+00 1.000000000000000000e+00 0.000000000000000000e+00 0.000000000000000000e+00 0.000000000000000000e+00
1.100000000000000000e+03 4.400240667019317264e-02 0.000000000000000000e+00 1.000000000000000000e+00 0.000000000000000000e+00 0.000000000000000000e+00 0.000000000000000000e+00
1.125000000000000000e+03 4.500246136724306290e-02 0.000000000000000000e+00 1.000000000000000000e+00 0.000000000000000000e+00 0.000000000000000000e+00 0.000000000000000000e+00
1.150000000000000000e+03 4.600251606429273110e-02 0.000000000000000000e+00 1.000000000000000000e+00 0.000000000000000000e+00 0.000000000000000000e+00 0.000000000000000000e+00
1.175000000000000000e+03 4.700257076134262135e-02 0.000000000000000000e+00 1.000000000000000000e+00 0.000000000000000000e+00 0.000000000000000000e+00 0.000000000000000000e+00
1.200000000000000000e+03 4.800262545839251160e-02 0.000000000000000000e+00 1.000000000000000000e+00 0.000000000000000000e+00 0.000000000000000000e+00 0.000000000000000000e+00
1.225000000000000000e+03 4.900268015544240185e-02 0.000000000000000000e+00 1.000000000000000000e+00 0.000000000000000000e+00 0.000000000000000000e+00 0.000000000000000000e+00
1.250000000000000000e+03 5.000273485249229211e-02 0.000000000000000000e+00 1.000000000000000000e+00 0.000000000000000000e+00 0.000000000000000000e+00 0.000000000000000000e+00
1.275000000000000000e+03 5.100278954954196031e-02 0.000000000000000000e+00 1.000000000000000000e+00 0.000000000000000000e+00 0.000000000000000000e+00 0.000000000000000000e+00
1.300000000000000000e+03 5.200284424659185056e-02 0.000000000000000000e+00 1.000000000000000000e+00 0.000000000000000000e+00 0.000000000000000000e+00 0.000000000000000000e+00
1.325000000000000000e+03 5.300289894364174081e-02 0.000000000000000000e+00 1.000000000000000000e+00 0.000000000000000000e+00 0.000000000000000000e+00 0.000000000000000000e+00
1.350000000000000000e+03 5.400295364069163107e-02 0.000000000000000000e+00 1.000000000000000000e+00 0.000000000000000000e+00 0.000000000000000000e+00 0.000000000000000000e+00
1.375000000000000000e+03 5.500300833774129927e-02 0.000000000000000000e+00 1.000000000000000000e+00 0.000000000000000000e+00 0.000000000000000000e+00 0.000000000000000000e+00
1.400000000000000000e+03 5.600306303479118952e-02 0.000000000000000000e+00 1.000000000000000000e+00 0.000000000000000000e+00 0.000000000000000000e+00 0.000000000000000000e+00
1.425000000000000000e+03 5.700311773184107977e-02 0.000000000000000000e+00 1.000000000000000000e+00 0.000000000000000000e+00 0.000000000000000000e+00 0.000000000000000000e+00
1.450000000000000000e+03 5.800317242889097002e-02 0.000000000000000000e+00 1.000000000000000000e+00 0.000000000000000000e+00 0.000000000000000000e+00 0.000000000000000000e+00
1.475000000000000000e+03 5.900322712594086028e-02 0.000000000000000000e+00 1.000000000000000000e+00 0.000000000000000000e+00 0.000000000000000000e+00 0.000000000000000000e+00
1.500000000000000000e+03 6.000328182299052848e-02 0.000000000000000000e+00 1.000000000000000000e+00 0.000000000000000000e+00 0.000000000000000000e+00 0.000000000000000000e+00
1.525000000000000000e+03 6.100333652004041873e-02 0.000000000000000000e+00 1.000000000000000000e+00 0.000000000000000000e+00 0.000000000000000000e+00 0.000000000000000000e+00
1.550000000000000000e+03 6.200339121709030898e-02 0.000000000000000000e+00 1.000000000000000000e+00 0.000000000000000000e+00 0.000000000000000000e+00 0.000000000000000000e+00
1.575000000000000000e+03 6.300344591414019924e-02 0.000000000000000000e+00 1.000000000000000000e+00 0.000000000000000000e+00 0.000000000000000000e+00 0.000000000000000000e+00
1.600000000000000000e+03 6.400350061119008949e-02 0.000000000000000000e+00 1.000000000000000000e+00 0.000000000000000000e+00 0.000000000000000000e+00 0.000000000000000000e+00
1.625000000000000000e+03 6.500355530823975769e-02 0.000000000000000000e+00 1.000000000000000000e+00 0.000000000000000000e+00 0.000000000000000000e+00 0.000000000000000000e+00
1.650000000000000000e+03 6.600361000528964794e-02 0.000000000000000000e+00 1.000000000000000000e+00 0.000000000000000000e+00 0.000000000000000000e+00 0.000000000000000000e+00
1.675000000000000000e+03 6.700366470233953820e-02 0.000000000000000000e+00 1.000000000000000000e+00 0.000000000000000000e+00 0.000000000000000000e+00 0.000000000000000000e+00
1.700000000000000000e+03 6.800371939938942845e-02 0.000000000000000000e+00 1.000000000000000000e+00 0.000000000000000000e+00 0.000000000000000000e+00 0.000000000000000000e+00
1.725000000000000000e+03 6.900377409643931870e-02 0.000000000000000000e+00 1.000000000000000000e+00 0.000000000000000000e+00 0.000000000000000000e+00 0.000000000000000000e+00
1.750000000000000000e+03 7.000382879348898690e-02 3.413746017296313199e-04 9.996586253982703285e-01 0.000000000000000000e+00 0.000000000000000000e+00 0.000000000000000000e+00
1.775000000000000000e+03 7.100388349053887715e-02 0.000000000000000000e+00 1.000000000000000000e+00 0.000000000000000000e+00 0.000000000000000000e+00 0.000000000000000000e+00
1.800000000000000000e+03 7.200393818758876741e-02 0.000000000000000000e+00 1.000000000000000000e+00 0.000000000000000000e+00 0.000000000000000000e+00 0.000000000000000000e+00
1.825000000000000000e+03 7.300399288463865766e-02 0.000000000000000000e+00 1.000000000000000000e+00 0.000000000000000000e+00 0.000000000000000000e+00 0.000000000000000000e+00
1.850000000000000000e+03 7.400404758168854791e-02 2.275830678197542133e-04 9.997724169321802190e-01 0.000000000000000000e+00 0.000000000000000000e+00 0.000000000000000000e+00
1.875000000000000000e+03 7.500410227873821611e-02 0.000000000000000000e+00 1.000000000000000000e+00 0.000000000000000000e+00 0.000000000000000000e+00 0.000000000000000000e+00
1.900000000000000000e+03 7.600415697578810637e-02 0.000000000000000000e+00 1.000000000000000000e+00 0.000000000000000000e+00 0.000000000000000000e+00 0.000000000000000000e+00
1.925000000000000000e+03 7.700421167283799662e-02 0.000000000000000000e+00 1.000000000000000000e+00 0.000000000000000000e+00 0.000000000000000000e+00 0.000000000000000000e+00
1.950000000000000000e+03 7.800426636988788687e-02 0.000000000000000000e+00 1.000000000000000000e+00 0.000000000000000000e+00 0.000000000000000000e+00 0.000000000000000000e+00
1.975000000000000000e+03 7.900432106693755507e-02 0.000000000000000000e+00 1.000000000000000000e+00 0.000000000000000000e+00 0.000000000000000000e+00 0.000000000000000000e+00
2.000000000000000000e+03 8.000437576398744532e-02 1.137915339098771066e-04 9.998862084660901095e-01 0.000000000000000000e+00 0.000000000000000000e+00 0.000000000000000000e+00
2.025000000000000000e+03 8.100443046103733558e-02 0.000000000000000000e+00 1.000000000000000000e+00 0.000000000000000000e+00 0.000000000000000000e+00 0.000000000000000000e+00
2.050000000000000000e+03 8.200448515808722583e-02 0.000000000000000000e+00 1.000000000000000000e+00 0.000000000000000000e+00 0.000000000000000000e+00 0.000000000000000000e+00
2.075000000000000000e+03 8.300453985513711608e-02 0.000000000000000000e+00 1.000000000000000000e+00 0.000000000000000000e+00 0.000000000000000000e+00 0.000000000000000000e+00
2.100000000000000000e+03 8.400459455218678428e-02 1.024123805188893906e-03 9.989758761948110966e-01 0.000000000000000000e+00 0.000000000000000000e+00 0.000000000000000000e+00
2.125000000000000000e+03 8.500464924923667454e-02 4.551661356395084266e-04 9.995448338643604380e-01 0.000000000000000000e+00 0.000000000000000000e+00 0.000000000000000000e+00
2.150000000000000000e+03 8.600470394628656479e-02 7.965407373691396923e-04 9.992034592626308775e-01 0.000000000000000000e+00 0.000000000000000000e+00 0.000000000000000000e+00
2.175000000000000000e+03 8.700475864333645504e-02 5.689576695493854790e-04 9.994310423304506585e-01 0.000000000000000000e+00 0.000000000000000000e+00 0.000000000000000000e+00
2.200000000000000000e+03 8.800481334038634529e-02 6.827492034592626399e-04 9.993172507965407680e-01 0.000000000000000000e+00 0.000000000000000000e+00 0.000000000000000000e+00
2.225000000000000000e+03 8.900486803743601349e-02 7.965407373691396923e-04 9.990896677287209870e-01 0.000000000000000000e+00 1.137915339098771066e-04 0.000000000000000000e+00
2.250000000000000000e+03 9.000492273448590375e-02 0.000000000000000000e+00 1.000000000000000000e+00 0.000000000000000000e+00 0.000000000000000000e+00 0.000000000000000000e+00
2.275000000000000000e+03 9.100497743153579400e-02 9.103322712790168532e-04 9.990896677287209870e-01 0.000000000000000000e+00 0.000000000000000000e+00 0.000000000000000000e+00
2.300000000000000000e+03 9.200503212858568425e-02 1.251706873008648227e-03 9.987482931269913156e-01 0.000000000000000000e+00 0.000000000000000000e+00 0.000000000000000000e+00
2.325000000000000000e+03 9.300508682563557450e-02 2.275830678197542133e-04 9.997724169321802190e-01 0.000000000000000000e+00 0.000000000000000000e+00 0.000000000000000000e+00
2.350000000000000000e+03 9.400514152268524271e-02 1.137915339098770958e-03 9.986345015930814251e-01 0.000000000000000000e+00 2.275830678197542133e-04 0.000000000000000000e+00
2.375000000000000000e+03 9.500519621973513296e-02 3.413746017296313199e-04 9.996586253982703285e-01 0.000000000000000000e+00 0.000000000000000000e+00 0.000000000000000000e+00
2.400000000000000000e+03 9.600525091678502321e-02 6.827492034592626399e-04 9.993172507965407680e-01 0.000000000000000000e+00 0.000000000000000000e+00 0.000000000000000000e+00
2.425000000000000000e+03 9.700530561383491346e-02 1.593081474738279385e-03 9.984069185252617551e-01 0.000000000000000000e+00 0.000000000000000000e+00 0.000000000000000000e+00
2.450000000000000000e+03 9.800536031088458166e-02 1.934456076467910759e-03 9.980655439235320836e-01 0.000000000000000000e+00 0.000000000000000000e+00 0.000000000000000000e+00
2.475000000000000000e+03 9.900541500793447192e-02 7.965407373691396923e-04 9.992034592626308775e-01 0.000000000000000000e+00 0.000000000000000000e+00 0.000000000000000000e+00
2.500000000000000000e+03 1.000054697049843622e-01 1.706873008648156654e-03 9.980655439235320836e-01 0.000000000000000000e+00 2.275830678197542133e-04 0.000000000000000000e+00
2.525000000000000000e+03 1.010055244020342524e-01 1.024123805188893906e-03 9.989758761948110966e-01 0.000000000000000000e+00 0.000000000000000000e+00 0.000000000000000000e+00
2.550000000000000000e+03 1.020055790990841427e-01 1.934456076467910759e-03 9.980655439235320836e-01 0.000000000000000000e+00 0.000000000000000000e+00 0.000000000000000000e+00
2.575000000000000000e+03 1.030056337961338109e-01 1.820664542558033706e-03 9.980655439235320836e-01 0.000000000000000000e+00 1.137915339098771066e-04 0.000000000000000000e+00
2.600000000000000000e+03 1.040056884931837011e-01 4.210286754665453109e-03 9.956759217114247162e-01 0.000000000000000000e+00 1.137915339098771066e-04 0.000000000000000000e+00
2.625000000000000000e+03 1.050057431902335914e-01 3.527537551206190360e-03 9.963586709148839482e-01 0.000000000000000000e+00 1.137915339098771066e-04 0.000000000000000000e+00
2.650000000000000000e+03 1.060057978872834816e-01 3.641329085116067413e-03 9.961310878470641672e-01 0.000000000000000000e+00 2.275830678197542133e-04 0.000000000000000000e+00
2.675000000000000000e+03 1.070058525843333719e-01 3.868912152935821518e-03 9.959035047792443862e-01 0.000000000000000000e+00 2.275830678197542133e-04 0.000000000000000000e+00
2.700000000000000000e+03 1.080059072813830401e-01 4.551661356395083832e-03 9.949931725079653733e-01 0.000000000000000000e+00 4.551661356395084266e-04 0.000000000000000000e+00
2.725000000000000000e+03 1.090059619784329303e-01 5.006827492034592909e-03 9.948793809740554828e-01 0.000000000000000000e+00 1.137915339098771066e-04 0.000000000000000000e+00
2.750000000000000000e+03 1.100060166754828206e-01 8.648156577150659455e-03 9.911242603550295405e-01 0.000000000000000000e+00 2.275830678197542133e-04 0.000000000000000000e+00
2.775000000000000000e+03 1.110060713725327108e-01 8.079198907601274626e-03 9.918070095584888834e-01 0.000000000000000000e+00 1.137915339098771066e-04 0.000000000000000000e+00
2.800000000000000000e+03 1.120061260695826011e-01 5.120619025944469528e-03 9.946517979062358128e-01 0.000000000000000000e+00 2.275830678197542133e-04 0.000000000000000000e+00
2.825000000000000000e+03 1.130061807666322693e-01 1.365498406918525323e-02 9.857760582612653533e-01 0.000000000000000000e+00 5.689576695493854790e-04 0.000000000000000000e+00
2.850000000000000000e+03 1.140062354636821595e-01 1.228948566226672687e-02 9.866863905325443662e-01 0.000000000000000000e+00 1.024123805188893906e-03 0.000000000000000000e+00
2.875000000000000000e+03 1.150062901607320498e-01 1.479289940828402289e-02 9.840691852526172179e-01 0.000000000000000000e+00 1.137915339098770958e-03 0.000000000000000000e+00
2.900000000000000000e+03 1.160063448577819400e-01 1.536185707783340945e-02 9.835002275830677654e-01 0.000000000000000000e+00 1.137915339098770958e-03 0.000000000000000000e+00
2.925000000000000000e+03 1.170063995548318303e-01 2.173418297678652786e-02 9.759899863450158808e-01 0.000000000000000000e+00 2.275830678197541916e-03 0.000000000000000000e+00
2.950000000000000000e+03 1.180064542518814985e-01 2.662721893491124328e-02 9.701866181156122426e-01 0.000000000000000000e+00 3.186162949476558769e-03 0.000000000000000000e+00
2.975000000000000000e+03 1.190065089489313888e-01 4.312699135184342586e-02 9.466317705962676854e-01 0.000000000000000000e+00 1.024123805188893906e-02 0.000000000000000000e+00
3.000000000000000000e+03 1.200065636459812790e-01 6.053709604005461792e-02 9.205735093309057593e-01 0.000000000000000000e+00 1.888939462903959851e-02 0.000000000000000000e+00
3.025000000000000000e+03 1.210066183430311693e-01 7.532999544833864081e-02 8.700500682749203740e-01 0.000000000000000000e+00 5.461993627674101293e-02 0.000000000000000000e+00
3.050000000000000000e+03 1.220066730400808375e-01 1.192535275375512099e-01 7.484069185252617551e-01 0.000000000000000000e+00 1.323395539371870766e-01 0.000000000000000000e+00
3.075000000000000000e+03 1.230067277371307277e-01 1.929904415111515781e-01 5.488165680473372499e-01 0.000000000000000000e+00 2.581929904415111721e-01 0.000000000000000000e+00
3.100000000000000000e+03 1.240067824341806180e-01 2.882339553937187104e-01 3.224852071005916976e-01 0.000000000000000000e+00 3.892808375056895920e-01 0.000000000000000000e+00
3.125000000000000000e+03 1.250068371312305082e-01 3.428538916704597095e-01 1.909421939007737712e-01 0.000000000000000000e+00 4.662039144287665193e-01 0.000000000000000000e+00
3.150000000000000000e+03 1.260068918282803985e-01 3.824533454710969393e-01 1.261948111060537114e-01 3.413746017296313199e-04 4.910104688211197055e-01 0.000000000000000000e+00
3.175000000000000000e+03 1.270069465253300667e-01 3.751706873008648357e-01 1.423532089212562468e-01 7.965407373691396923e-04 4.816795630405097950e-01 0.000000000000000000e+00
3.200000000000000000e+03 1.280070012223799569e-01 3.590122894856622726e-01 1.754665452890304955e-01 3.413746017296313199e-04 4.651797906235776159e-01 0.000000000000000000e+00
3.225000000000000000e+03 1.290070559194298472e-01 3.720983158852981254e-01 1.787664997724169313e-01 3.413746017296313199e-04 4.487938097405553273e-01 0.000000000000000000e+00
3.250000000000000000e+03 1.300071106164797374e-01 3.948566226672735602e-01 1.703459262630860338e-01 1.251706873008648227e-03 4.335457441966317771e-01 0.000000000000000000e+00
3.275000000000000000e+03 1.310071653135296277e-01 4.017979062357760478e-01 1.637460172963131622e-01 3.072371415566681717e-03 4.313837050523440797e-01 0.000000000000000000e+00
3.300000000000000000e+03 1.320072200105792959e-01 3.941738734638142727e-01 1.610150204824760956e-01 5.575785161583977738e-03 4.392353208921256358e-01 0.000000000000000000e+00
3.325000000000000000e+03 1.330072747076291861e-01 3.711879836140191125e-01 1.529358215748748417e-01 1.149294492489758707e-02 4.643832498862084934e-01 0.000000000000000000e+00
3.350000000000000000e+03 1.340073294046790764e-01 3.693673190714610866e-01 1.284706417842512438e-01 1.615839781520254925e-02 4.860036413290851343e-01 0.000000000000000000e+00
3.375000000000000000e+03 1.350073841017289666e-01 3.694811106053709771e-01 1.013882567137004975e-01 2.309968138370505075e-02 5.060309512972235302e-01 0.000000000000000000e+00
3.400000000000000000e+03 1.360074387987788569e-01 3.676604460628129512e-01 9.342284934000910646e-02 2.890304961310878606e-02 5.100136549840691425e-01 0.000000000000000000e+00
3.425000000000000000e+03 1.370074934958285251e-01 3.536640873918980299e-01 1.032089212562585373e-01 3.868912152935821691e-02 5.044378698224851743e-01 0.000000000000000000e+00
3.450000000000000000e+03 1.380075481928784153e-01 3.419435593991806965e-01 1.121984524351388318e-01 5.496131087847064278e-02 4.908966772872098150e-01 0.000000000000000000e+00
3.475000000000000000e+03 1.390076028899283056e-01 3.581019572143832597e-01 1.200500682749203463e-01 7.601274465179790052e-02 4.458352298588985074e-01 0.000000000000000000e+00
3.500000000000000000e+03 1.400076575869781959e-01 3.843878015475648557e-01 1.299499317250796537e-01 8.807464724624487762e-02 3.975876194811105990e-01 0.000000000000000000e+00
3.525000000000000000e+03 1.410077122840278641e-01 3.865498406918525531e-01 1.486117432862995025e-01 1.016158397815202508e-01 3.632225762403277214e-01 0.000000000000000000e+00
3.550000000000000000e+03 1.420077669810777543e-01 4.005461993627674189e-01 1.654528903049612976e-01 1.197086936731907164e-01 3.142922166590805810e-01 0.000000000000000000e+00
3.575000000000000000e+03 1.430078216781276446e-01 3.977014110150204895e-01 1.802457897132453413e-01 1.378015475648611821e-01 2.842512517068729871e-01 0.000000000000000000e+00
3.600000000000000000e+03 1.440078763751775348e-01 4.086253982703687004e-01 1.860491579426490627e-01 1.430359581247155343e-01 2.622894856622667303e-01 0.000000000000000000e+00
3.625000000000000000e+03 1.450079310722274251e-01 4.044151115157032517e-01 2.003868912152935722e-01 1.555530268548019901e-01 2.396449704142011861e-01 0.000000000000000000e+00
3.650000000000000000e+03 1.460079857692770933e-01 4.086253982703687004e-01 2.043695949021392677e-01 1.643149749658625314e-01 2.226900318616295005e-01 0.000000000000000000e+00
3.675000000000000000e+03 1.470080404663269835e-01 4.070323167956304000e-01 2.100591715976331264e-01 1.744424214838415921e-01 2.084660901228948537e-01 0.000000000000000000e+00
3.700000000000000000e+03 1.480080951633768738e-01 4.055530268548019901e-01 2.108557123350022766e-01 1.825216203914428736e-01 2.010696404187528319e-01 0.000000000000000000e+00
3.725000000000000000e+03 1.490081498604267640e-01 4.113563950842057393e-01 2.113108784706417831e-01 1.891215293582157453e-01 1.882111970869367323e-01 0.000000000000000000e+00
3.750000000000000000e+03 1.500082045574766543e-01 3.971324533454710926e-01 2.148384160218479721e-01 1.935593991807009473e-01 1.944697314519799602e-01 0.000000000000000000e+00
3.775000000000000000e+03 1.510082592545263225e-01 3.998634501593081314e-01 2.181383705052344080e-01 1.860491579426490627e-01 1.959490213928083702e-01 0.000000000000000000e+00
3.800000000000000000e+03 1.520083139515762127e-01 4.104460628129267263e-01 2.121074192080109333e-01 1.883249886208466228e-01 1.891215293582157453e-01 0.000000000000000000e+00
3.825000000000000000e+03 1.530083686486261030e-01 4.073736913973600160e-01 2.173418297678652578e-01 1.826354119253527641e-01 1.926490669094219343e-01 0.000000000000000000e+00
3.850000000000000000e+03 1.540084233456759932e-01 3.971324533454710926e-01 2.249658625398270329e-01 1.824078288575330109e-01 1.954938552571688637e-01 0.000000000000000000e+00
3.875000000000000000e+03 1.550084780427258835e-01 3.997496586253982964e-01 2.287209831588529751e-01 1.808147473827947105e-01 1.907146108329540179e-01 0.000000000000000000e+00
3.900000000000000000e+03 1.560085327397755517e-01 4.115839781520254648e-01 2.377105143377332697e-01 1.785389167045971781e-01 1.721665908056440597e-01 0.000000000000000000e+00
3.925000000000000000e+03 1.570085874368254419e-01 4.064633591260810030e-01 2.456759217114246607e-01 1.822940373236231204e-01 1.655666818388711881e-01 0.000000000000000000e+00
3.950000000000000000e+03 1.580086421338753322e-01 4.078288575329995225e-01 2.472690031861629611e-01 1.830905780609922706e-01 1.618115612198452458e-01 0.000000000000000000e+00
3.975000000000000000e+03 1.590086968309252224e-01 4.098771051433773294e-01 2.521620391442876419e-01 1.880974055530268418e-01 1.498634501593081592e-01 0.000000000000000000e+00
4.000000000000000000e+03 1.600087515279751127e-01 4.105598543468366168e-01 2.520482476103778069e-01 1.941283568502503443e-01 1.432635411925352875e-01 0.000000000000000000e+00
4.025000000000000000e+03 1.610088062250247809e-01 4.140873918980427781e-01 2.542102867546654488e-01 1.945835229858898507e-01 1.371187983614019223e-01 0.000000000000000000e+00
4.050000000000000000e+03 1.620088609220746712e-01 4.093081474738279324e-01 2.608101957214383204e-01 1.894629039599453890e-01 1.404187528447883582e-01 0.000000000000000000e+00
4.075000000000000000e+03 1.630089156191245614e-01 4.178425125170687204e-01 2.604688211197087044e-01 1.904870277651342647e-01 1.312016385980883104e-01 0.000000000000000000e+00
4.100000000000000000e+03 1.640089703161744517e-01 4.219390077378242787e-01 2.598998634501593075e-01 1.908284023668639084e-01 1.273327264451524776e-01 0.000000000000000000e+00
4.125000000000000000e+03 1.650090250132241199e-01 4.268320436959490149e-01 2.587619481110605135e-01 1.920801092398725651e-01 1.223258989531178925e-01 0.000000000000000000e+00
4.150000000000000000e+03 1.660090797102740101e-01 4.272872098315885214e-01 2.602412380518889234e-01 2.000455166135639562e-01 1.124260355029585851e-01 0.000000000000000000e+00
4.175000000000000000e+03 1.670091344073239004e-01 4.259217114246700020e-01 2.596722803823395265e-01 2.075557578516158408e-01 1.068502503413746030e-01 0.000000000000000000e+00
4.200000000000000000e+03 1.680091891043737906e-01 4.287664997724169313e-01 2.583067819754210070e-01 2.131315430131998090e-01 9.979517523896222486e-02 0.000000000000000000e+00
4.225000000000000000e+03 1.690092438014236809e-01 4.351388256713700775e-01 2.568274920345926526e-01 2.119936276741010428e-01 9.604005461993628257e-02 0.000000000000000000e+00
4.250000000000000000e+03 1.700092984984733491e-01 4.283113336367774249e-01 2.649066909421938787e-01 2.162039144287664916e-01 9.057806099226217711e-02 0.000000000000000000e+00
4.275000000000000000e+03 1.710093531955232393e-01 4.230769230769230727e-01 2.671825216203914666e-01 2.195038689121529274e-01 9.023668639053254725e-02 0.000000000000000000e+00
4.300000000000000000e+03 1.720094078925731296e-01 4.233045061447428536e-01 2.678652708238506985e-01 2.119936276741010428e-01 9.683659535730541890e-02 0.000000000000000000e+00
4.325000000000000000e+03 1.730094625896230198e-01 4.291078743741465473e-01 2.705962676376877374e-01 2.082385070550751005e-01 9.205735093309057315e-02 0.000000000000000000e+00
4.350000000000000000e+03 1.740095172866729101e-01 4.263768775603095085e-01 2.734410559854346667e-01 2.027765134274009950e-01 9.740555302685480199e-02 0.000000000000000000e+00
4.375000000000000000e+03 1.750095719837225783e-01 4.260355029585798925e-01 2.741238051888939542e-01 2.041420118343195145e-01 9.569868001820663883e-02 0.000000000000000000e+00
4.400000000000000000e+03 1.760096266807724685e-01 4.208010923987255403e-01 2.766272189349112676e-01 2.036868456986800080e-01 9.888484296768319803e-02 0.000000000000000000e+00
4.425000000000000000e+03 1.770096813778223588e-01 4.187528447883477334e-01 2.777651342740100060e-01 2.088074647246244975e-01 9.467455621301774926e-02 0.000000000000000000e+00
4.450000000000000000e+03 1.780097360748722490e-01 4.242148384160218666e-01 2.760582612653618706e-01 2.080109239872553473e-01 9.171597633136094330e-02 0.000000000000000000e+00
4.475000000000000000e+03 1.790097907719221393e-01 4.208010923987255403e-01 2.812926718252162228e-01 2.108557123350022766e-01 8.705052344105598805e-02 0.000000000000000000e+00
4.500000000000000000e+03 1.800098454689718075e-01 4.200045516613564178e-01 2.817478379608557293e-01 2.156349567592171224e-01 8.261265361857077216e-02 0.000000000000000000e+00
4.525000000000000000e+03 1.810099001660216977e-01 4.176149294492489950e-01 2.840236686390532617e-01 2.134729176149294527e-01 8.488848429676831842e-02 0.000000000000000000e+00
4.550000000000000000e+03 1.820099548630715880e-01 4.233045061447428536e-01 2.834547109695038647e-01 2.101729631315430169e-01 8.306781975421029252e-02 0.000000000000000000e+00
4.575000000000000000e+03 1.830100095601214782e-01 4.258079198907601115e-01 2.836822940373236457e-01 2.105143377332726329e-01 7.999544833864360993e-02 0.000000000000000000e+00
4.600000000000000000e+03 1.840100642571711465e-01 4.296768320436959443e-01 2.860719162494310686e-01 2.064178425125170746e-01 7.783340919435594030e-02 0.000000000000000000e+00
4.625000000000000000e+03 1.850101189542210367e-01 4.310423304506144637e-01 2.876649977241693135e-01 2.044833864360491582e-01 7.680928538916705073e-02 0.000000000000000000e+00
4.650000000000000000e+03 1.860101736512709270e-01 4.288802913063268218e-01 2.925580336822940497e-01 2.050523441055985552e-01 7.350933090578061491e-02 0.000000000000000000e+00
4.675000000000000000e+03 1.870102283483208172e-01 4.380974055530268418e-01 2.902822030040965173e-01 2.018661811561219821e-01 6.975421028675465873e-02 0.000000000000000000e+00
4.700000000000000000e+03 1.880102830453707075e-01 4.274010013654984119e-01 2.955166135639508695e-01 2.020937642239417353e-01 7.498862084660901095e-02 0.000000000000000000e+00
4.725000000000000000e+03 1.890103377424203757e-01 4.258079198907601115e-01 2.964269458352298825e-01 2.044833864360491582e-01 7.328174783796086167e-02 0.000000000000000000e+00
4.750000000000000000e+03 1.900103924394702659e-01 4.299044151115157253e-01 2.936959490213927881e-01 2.047109695038689114e-01 7.168866636322257513e-02 0.000000000000000000e+00
4.775000000000000000e+03 1.910104471365201562e-01 4.301319981793354508e-01 2.933545744196631722e-01 2.033454710969503920e-01 7.316795630405098505e-02 0.000000000000000000e+00
4.800000000000000000e+03 1.920105018335700464e-01 4.341147018661811741e-01 2.958579881656804855e-01 2.044833864360491582e-01 6.554392353208920996e-02 0.000000000000000000e+00
4.825000000000000000e+03 1.930105565306199367e-01 4.377560309512972259e-01 2.984751934456076339e-01 2.009558488848429691e-01 6.281292671825215723e-02 0.000000000000000000e+00
4.850000000000000000e+03 1.940106112276696049e-01 4.384387801547565133e-01 2.991579426490669213e-01 2.030040964952207483e-01 5.939918070095585173e-02 0.000000000000000000e+00
4.875000000000000000e+03 1.950106659247194951e-01 4.342284934000910090e-01 3.025716886663632477e-01 2.102867546654528796e-01 5.291306326809285671e-02 0.000000000000000000e+00
4.900000000000000000e+03 1.960107206217693854e-01 4.349112426035502965e-01 3.049613108784706150e-01 2.083522985889849910e-01 5.177514792899408358e-02 0.000000000000000000e+00
4.925000000000000000e+03 1.970107753188192756e-01 4.357077833409194190e-01 3.054164770141101770e-01 2.030040964952207483e-01 5.587164314974965573e-02 0.000000000000000000e+00
4.950000000000000000e+03 1.980108300158691659e-01 4.345698680018206805e-01 3.058716431497496835e-01 2.055075102412380617e-01 5.405097860719162289e-02 0.000000000000000000e+00
4.975000000000000000e+03 1.990108847129188341e-01 4.336595357305416676e-01 3.030268548020027541e-01 2.068730086481565811e-01 5.644060081929904577e-02 0.000000000000000000e+00
5.000000000000000000e+03 2.000109394099687243e-01 4.440145653163404815e-01 2.944924897587619661e-01 2.060764679107874309e-01 5.541647701411014926e-02 0.000000000000000000e+00
5.025000000000000000e+03 2.010109941070186146e-01 4.474283113336367523e-01 2.934683659535730627e-01 2.033454710969503920e-01 5.575785161583977911e-02 0.000000000000000000e+00
5.050000000000000000e+03 2.020110488040685048e-01 4.408284023668638807e-01 2.932407828857532817e-01 2.119936276741010428e-01 5.393718707328174627e-02 0.000000000000000000e+00
5.075000000000000000e+03 2.030111035011183951e-01 4.357077833409194190e-01 2.979062357760582369e-01 2.099453800637232637e-01 5.644060081929904577e-02 0.000000000000000000e+00
5.100000000000000000e+03 2.040111581981680633e-01 4.606281292671824956e-01 2.901684114701866268e-01 1.989076012744651900e-01 5.029585798816568060e-02 0.000000000000000000e+00
5.125000000000000000e+03 2.050112128952179535e-01 4.445835229858898230e-01 2.954028220300409791e-01 2.010696404187528319e-01 5.894401456531633832e-02 0.000000000000000000e+00
5.150000000000000000e+03 2.060112675922678438e-01 4.510696404187528596e-01 2.969959035047792240e-01 1.975421028675466428e-01 5.439235320892125969e-02 0.000000000000000000e+00
5.175000000000000000e+03 2.070113222893177340e-01 4.502730996813836817e-01 3.021165225307237412e-01 1.929904415111515781e-01 5.461993627674101293e-02 0.000000000000000000e+00
5.200000000000000000e+03 2.080113769863674023e-01 4.429904415111515781e-01 3.089440145653163383e-01 1.884387801547564856e-01 5.962676376877560497e-02 0.000000000000000000e+00
5.225000000000000000e+03 2.090114316834172925e-01 4.498179335457441752e-01 3.121301775147928836e-01 1.849112426035502965e-01 5.314064633591260994e-02 0.000000000000000000e+00
5.250000000000000000e+03 2.100114863804671828e-01 4.443559399180700975e-01 3.150887573964497035e-01 1.868456986800182129e-01 5.370960400546199304e-02 0.000000000000000000e+00
5.275000000000000000e+03 2.110115410775170730e-01 4.439007737824305910e-01 3.152025489303595940e-01 1.845698680018206528e-01 5.632680928538916915e-02 0.000000000000000000e+00
5.300000000000000000e+03 2.120115957745669633e-01 4.408284023668638807e-01 3.199817933545744397e-01 1.893491124260354985e-01 4.984069185252617412e-02 0.000000000000000000e+00
5.325000000000000000e+03 2.130116504716166315e-01 4.473145197997269173e-01 3.186162949476559203e-01 1.870732817478379661e-01 4.699590350477924477e-02 0.000000000000000000e+00
5.350000000000000000e+03 2.140117051686665217e-01 4.431042330450614686e-01 3.171370050068275104e-01 1.910559854346836617e-01 4.870277651342740100e-02 0.000000000000000000e+00
5.375000000000000000e+03 2.150117598657164120e-01 4.483386436049158208e-01 3.139508420573509095e-01 1.941283568502503443e-01 4.358215748748293233e-02 0.000000000000000000e+00
5.400000000000000000e+03 2.160118145627663022e-01 4.512972234865725851e-01 3.166818388711880039e-01 1.935593991807009473e-01 3.846153846153846367e-02 0.000000000000000000e+00
5.425000000000000000e+03 2.170118692598161925e-01 4.573281747837960598e-01 3.154301319981793195e-01 1.916249431042330587e-01 3.561675011379153433e-02 0.000000000000000000e+00
5.450000000000000000e+03 2.180119239568658607e-01 4.439007737824305910e-01 3.223714155666818626e-01 1.906008192990441552e-01 4.312699135184342586e-02 0.000000000000000000e+00
5.475000000000000000e+03 2.190119786539157509e-01 4.484524351388256558e-01 3.215748748293126846e-01 1.895766954938552518e-01 4.039599453800637313e-02 0.000000000000000000e+00
5.500000000000000000e+03 2.200120333509656412e-01 4.482248520710059303e-01 3.189576695493855363e-01 1.948111060537096040e-01 3.800637232589895026e-02 0.000000000000000000e+00
5.525000000000000000e+03 2.210120880480155314e-01 4.511834319526626946e-01 3.187300864815657553e-01 1.912835685025034149e-01 3.880291306326809353e-02 0.000000000000000000e+00
5.550000000000000000e+03 2.220121427450654217e-01 4.468593536640874109e-01 3.224852071005916976e-01 1.890077378243058825e-01 4.164770141101502288e-02 0.000000000000000000e+00
5.575000000000000000e+03 2.230121974421150899e-01 4.487938097405553273e-01 3.215748748293126846e-01 1.879836140191169791e-01 4.164770141101502288e-02 0.000000000000000000e+00
5.600000000000000000e+03 2.240122521391649801e-01 4.487938097405553273e-01 3.198680018206645492e-01 1.888939462903959920e-01 4.244424214838415921e-02 0.000000000000000000e+00
5.625000000000000000e+03 2.250123068362148704e-01 4.481110605370960398e-01 3.183887118798361393e-01 1.900318616294947582e-01 4.346836595357305572e-02 0.000000000000000000e+00
5.650000000000000000e+03 2.260123615332647606e-01 4.497041420118343402e-01 3.202093764223941652e-01 1.874146563495675821e-01 4.267182521620391245e-02 0.000000000000000000e+00
5.675000000000000000e+03 2.270124162303144288e-01 4.494765589440145592e-01 3.221438324988620816e-01 1.904870277651342647e-01 3.789258079198907364e-02 0.000000000000000000e+00
