# itime ezz other fcc hcp bcc ico
0.000000000000000000e+00 0.000000000000000000e+00 0.000000000000000000e+00 1.000000000000000000e+00 0.000000000000000000e+00 0.000000000000000000e+00 0.000000000000000000e+00
2.500000000000000000e+01 9.999739605028867828e-04 0.000000000000000000e+00 1.000000000000000000e+00 0.000000000000000000e+00 0.000000000000000000e+00 0.000000000000000000e+00
5.000000000000000000e+01 1.999947921005551521e-03 0.000000000000000000e+00 1.000000000000000000e+00 0.000000000000000000e+00 0.000000000000000000e+00 0.000000000000000000e+00
7.500000000000000000e+01 2.999921881508438304e-03 0.000000000000000000e+00 1.000000000000000000e+00 0.000000000000000000e+00 0.000000000000000000e+00 0.000000000000000000e+00
1.000000000000000000e+02 3.999895842011325087e-03 0.000000000000000000e+00 1.000000000000000000e+00 0.000000000000000000e+00 0.000000000000000000e+00 0.000000000000000000e+00
1.250000000000000000e+02 4.999869802513989825e-03 0.000000000000000000e+00 1.000000000000000000e+00 0.000000000000000000e+00 0.000000000000000000e+00 0.000000000000000000e+00
1.500000000000000000e+02 5.999843763016876608e-03 0.000000000000000000e+00 1.000000000000000000e+00 0.000000000000000000e+00 0.000000000000000000e+00 0.000000000000000000e+00
1.750000000000000000e+02 6.999817723519763391e-03 0.000000000000000000e+00 1.000000000000000000e+00 0.000000000000000000e+00 0.000000000000000000e+00 0.000000000000000000e+00
2.000000000000000000e+02 7.999791684022428129e-03 0.000000000000000000e+00 1.000000000000000000e+00 0.000000000000000000e+00 0.000000000000000000e+00 0.000000000000000000e+00
2.250000000000000000e+02 8.999765644525314912e-03 0.000000000000000000e+00 1.000000000000000000e+00 0.000000000000000000e+00 0.000000000000000000e+00 0.000000000000000000e+00
2.500000000000000000e+02 9.999739605027979650e-03 0.000000000000000000e+00 1.000000000000000000e+00 0.000000000000000000e+00 0.000000000000000000e+00 0.000000000000000000e+00
2.750000000000000000e+02 1.099971356553086643e-02 0.000000000000000000e+00 1.000000000000000000e+00 0.000000000000000000e+00 0.000000000000000000e+00 0.000000000000000000e+00
3.000000000000000000e+02 1.199968752603375322e-02 0.000000000000000000e+00 1.000000000000000000e+00 0.000000000000000000e+00 0.000000000000000000e+00 0.000000000000000000e+00
3.250000000000000000e+02 1.299966148653641795e-02 0.000000000000000000e+00 1.000000000000000000e+00 0.000000000000000000e+00 0.000000000000000000e+00 0.000000000000000000e+00
3.500000000000000000e+02 1.399963544703930474e-02 0.000000000000000000e+00 1.000000000000000000e+00 0.000000000000000000e+00 0.000000000000000000e+00 0.000000000000000000e+00
3.750000000000000000e+02 1.499960940754219152e-02 0.000000000000000000e+00 1.000000000000000000e+00 0.000000000000000000e+00 0.000000000000000000e+00 0.000000000000000000e+00
4.000000000000000000e+02 1.599958336804485626e-02 0.000000000000000000e+00 1.000000000000000000e+00 0.000000000000000000e+00 0.000000000000000000e+00 0.000000000000000000e+00
4.250000000000000000e+02 1.699955732854774304e-02 0.000000000000000000e+00 1.000000000000000000e+00 0.000000000000000000e+00 0.000000000000000000e+00 0.000000000000000000e+00
4.500000000000000000e+02 1.799953128905062982e-02 0.000000000000000000e+00 1.000000000000000000e+00 0.000000000000000000e+00 0.000000000000000000e+00 0.000000000000000000e+00
4.750000000000000000e+02 1.899950524955329456e-02 0.000000000000000000e+00 1.000000000000000000e+00 0.000000000000000000e+00 0.000000000000000000e+00 0.000000000000000000e+00
5.000000000000000000e+02 1.999947921005618134e-02 0.000000000000000000e+00 1.000000000000000000e+00 0.000000000000000000e+00 0.000000000000000000e+00 0.000000000000000000e+00
5.250000000000000000e+02 2.099945317055906813e-02 0.000000000000000000e+00 1.000000000000000000e+00 0.000000000000000000e+00 0.000000000000000000e+00 0.000000000000000000e+00
5.500000000000000000e+02 2.199942713106173287e-02 0.000000000000000000e+00 1.000000000000000000e+00 0.000000000000000000e+00 0.000000000000000000e+00 0.000000000000000000e+00
5.750000000000000000e+02 2.299940109156461965e-02 0.000000000000000000e+00 1.000000000000000000e+00 0.000000000000000000e+00 0.000000000000000000e+00 0.000000000000000000e+00
6.000000000000000000e+02 2.399937505206750643e-02 0.000000000000000000e+00 1.000000000000000000e+00 0.000000000000000000e+00 0.000000000000000000e+00 0.000000000000000000e+00
6.250000000000000000e+02 2.499934901257017117e-02 0.000000000000000000e+00 1.000000000000000000e+00 0.000000000000000000e+00 0.000000000000000000e+00 0.000000000000000000e+00
6.500000000000000000e+02 2.599932297307305795e-02 0.000000000000000000e+00 1.000000000000000000e+00 0.000000000000000000e+00 0.000000000000000000e+00 0.000000000000000000e+00
6.750000000000000000e+02 2.699929693357572269e-02 0.000000000000000000e+00 1.000000000000000000e+00 0.000000000000000000e+00 0.000000000000000000e+00 0.000000000000000000e+00
7.000000000000000000e+02 2.799927089407860947e-02 0.000000000000000000e+00 1.000000000000000000e+00 0.000000000000000000e+00 0.000000000000000000e+00 0.000000000000000000e+00
7.250000000000000000e+02 2.899924485458149626e-02 0.000000000000000000e+00 1.000000000000000000e+00 0.000000000000000000e+00 0.000000000000000000e+00 0.000000000000000000e+00
7.500000000000000000e+02 2.999921881508416099e-02 0.000000000000000000e+00 1.000000000000000000e+00 0.000000000000000000e+00 0.000000000000000000e+00 0.000000000000000000e+00
7.750000000000000000e+02 3.099919277558704778e-02 0.000000000000000000e+00 1.000000000000000000e+00 0.000000000000000000e+00 0.000000000000000000e+00 0.000000000000000000e+00
8.000000000000000000e+02 3.199916673608993456e-02 0.000000000000000000e+00 1.000000000000000000e+00 0.000000000000000000e+00 0.000000000000000000e+00 0.000000000000000000e+00
8.250000000000000000e+02 3.299914069659259930e-02 0.000000000000000000e+00 1.000000000000000000e+00 0.000000000000000000e+00 0.000000000000000000e+00 0.000000000000000000e+00
8.500000000000000000e+02 3.399911465709548608e-02 0.000000000000000000e+00 1.000000000000000000e+00 0.000000000000000000e+00 0.000000000000000000e+00 0.000000000000000000e+00
8.750000000000000000e+02 3.499908861759837286e-02 0.000000000000000000e+00 1.000000000000000000e+00 0.000000000000000000e+00 0.000000000000000000e+00 0.000000000000000000e+00
9.000000000000000000e+02 3.599906257810103760e-02 0.000000000000000000e+00 1.000000000000000000e+00 0.000000000000000000e+00 0.000000000000000000e+00 0.000000000000000000e+00
9.250000000000000000e+02 3.699903653860392438e-02 0.000000000000000000e+00 1.000000000000000000e+00 0.000000000000000000e+00 0.000000000000000000e+00 0.000000000000000000e+00
9.500000000000000000e+02 3.799901049910681117e-02 0.000000000000000000e+00 1.000000000000000000e+00 0.000000000000000000e+00 0.000000000000000000e+00 0.000000000000000000e+00
9.750000000000000000e+02 3.899898445960947591e-02 1.137915339098771066e-04 9.998862084660901095e-01 0.000000000000000000e+00 0.000000000000000000e+00 0.000000000000000000e+00
1.000000000000000000e+03 3.999895842011236269e-02 0.000000000000000000e+00 1.000000000000000000e+00 0.000000000000000000e+00 0.000000000000000000e+00 0.000000000000000000e+00
1.025000000000000000e+03 4.099893238061502743e-02 0.000000000000000000e+00 1.000000000000000000e+00 0.000000000000000000e+00 0.000000000000000000e+00 0.000000000000000000e+00
1.050000000000000000e+03 4.199890634111791421e-02 0.000000000000000000e+00 1.000000000000000000e+00 0.000000000000000000e+00 0.000000000000000000e+00 0.000000000000000000e+00
1.075000000000000000e+03 4.299888030162080099e-02 0.000000000000000000e+00 1.000000000000000000e+00 0.000000000000000000e+00 0.000000000000000000e+00 0.000000000000000000e+00
1.100000000000000000e+03 4.399885426212346573e-02 0.000000000000000000e+00 1.000000000000000000e+00 0.000000000000000000e+00 0.000000000000000000e+00 0.000000000000000000e+00
1.125000000000000000e+03 4.499882822262635251e-02 0.000000000000000000e+00 1.000000000000000000e+00 0.000000000000000000e+00 0.000000000000000000e+00 0.000000000000000000e+00
1.150000000000000000e+03 4.599880218312923930e-02 0.000000000000000000e+00 1.000000000000000000e+00 0.000000000000000000e+00 0.000000000000000000e+00 0.000000000000000000e+00
1.175000000000000000e+03 4.699877614363190403e-02 0.000000000000000000e+00 1.000000000000000000e+00 0.000000000000000000e+00 0.000000000000000000e+00 0.000000000000000000e+00
1.200000000000000000e+03 4.799875010413479082e-02 0.000000000000000000e+00 1.000000000000000000e+00 0.000000000000000000e+00 0.000000000000000000e+00 0.000000000000000000e+00
1.225000000000000000e+03 4.899872406463767760e-02 0.000000000000000000e+00 1.000000000000000000e+00 0.000000000000000000e+00 0.000000000000000000e+00 0.000000000000000000e+00
1.250000000000000000e+03 4.999869802514034234e-02 0.000000000000000000e+00 1.000000000000000000e+00 0.000000000000000000e+00 0.000000000000000000e+00 0.000000000000000000e+00
1.275000000000000000e+03 5.099867198564322912e-02 0.000000000000000000e+00 1.000000000000000000e+00 0.000000000000000000e+00 0.000000000000000000e+00 0.000000000000000000e+00
1.300000000000000000e+03 5.199864594614611590e-02 0.000000000000000000e+00 1.000000000000000000e+00 0.000000000000000000e+00 0.000000000000000000e+00 0.000000000000000000e+00
1.325000000000000000e+03 5.299861990664878064e-02 0.000000000000000000e+00 1.000000000000000000e+00 0.000000000000000000e+00 0.000000000000000000e+00 0.000000000000000000e+00
1.350000000000000000e+03 5.399859386715166742e-02 0.000000000000000000e+00 1.000000000000000000e+00 0.000000000000000000e+00 0.000000000000000000e+00 0.000000000000000000e+00
1.375000000000000000e+03 5.499856782765455421e-02 0.000000000000000000e+00 1.000000000000000000e+00 0.000000000000000000e+00 0.000000000000000000e+00 0.000000000000000000e+00
1.400000000000000000e+03 5.599854178815721895e-02 0.000000000000000000e+00 1.000000000000000000e+00 0.000000000000000000e+00 0.000000000000000000e+00 0.000000000000000000e+00
1.425000000000000000e+03 5.699851574866010573e-02 0.000000000000000000e+00 1.000000000000000000e+00 0.000000000000000000e+00 0.000000000000000000e+00 0.000000000000000000e+00
1.450000000000000000e+03 5.799848970916277047e-02 0.000000000000000000e+00 1.000000000000000000e+00 0.000000000000000000e+00 0.000000000000000000e+00 0.000000000000000000e+00
1.475000000000000000e+03 5.899846366966565725e-02 0.000000000000000000e+00 1.000000000000000000e+00 0.000000000000000000e+00 0.000000000000000000e+00 0.000000000000000000e+00
1.500000000000000000e+03 5.999843763016854403e-02 0.000000000000000000e+00 1.000000000000000000e+00 0.000000000000000000e+00 0.000000000000000000e+00 0.000000000000000000e+00
1.525000000000000000e+03 6.099841159067120877e-02 0.000000000000000000e+00 1.000000000000000000e+00 0.000000000000000000e+00 0.000000000000000000e+00 0.000000000000000000e+00
1.550000000000000000e+03 6.199838555117409555e-02 0.000000000000000000e+00 1.000000000000000000e+00 0.000000000000000000e+00 0.000000000000000000e+00 0.000000000000000000e+00
1.575000000000000000e+03 6.299835951167698234e-02 0.000000000000000000e+00 1.000000000000000000e+00 0.000000000000000000e+00 0.000000000000000000e+00 0.000000000000000000e+00
1.600000000000000000e+03 6.399833347217964707e-02 0.000000000000000000e+00 1.000000000000000000e+00 0.000000000000000000e+00 0.000000000000000000e+00 0.000000000000000000e+00
1.625000000000000000e+03 6.499830743268253386e-02 4.551661356395084266e-04 9.995448338643604380e-01 0.000000000000000000e+00 0.000000000000000000e+00 0.000000000000000000e+00
1.650000000000000000e+03 6.599828139318542064e-02 1.137915339098771066e-04 9.998862084660901095e-01 0.000000000000000000e+00 0.000000000000000000e+00 0.000000000000000000e+00
1.675000000000000000e+03 6.699825535368808538e-02 4.551661356395084266e-04 9.995448338643604380e-01 0.000000000000000000e+00 0.000000000000000000e+00 0.000000000000000000e+00
1.700000000000000000e+03 6.799822931419097216e-02 0.000000000000000000e+00 1.000000000000000000e+00 0.000000000000000000e+00 0.000000000000000000e+00 0.000000000000000000e+00
1.725000000000000000e+03 6.899820327469385894e-02 0.000000000000000000e+00 1.000000000000000000e+00 0.000000000000000000e+00 0.000000000000000000e+00 0.000000000000000000e+00
1.750000000000000000e+03 6.999817723519652368e-02 0.000000000000000000e+00 1.000000000000000000e+00 0.000000000000000000e+00 0.000000000000000000e+00 0.000000000000000000e+00
1.775000000000000000e+03 7.099815119569941047e-02 0.000000000000000000e+00 1.000000000000000000e+00 0.000000000000000000e+00 0.000000000000000000e+00 0.000000000000000000e+00
1.800000000000000000e+03 7.199812515620229725e-02 1.137915339098771066e-04 9.998862084660901095e-01 0.000000000000000000e+00 0.000000000000000000e+00 0.000000000000000000e+00
1.825000000000000000e+03 7.299809911670496199e-02 9.103322712790168532e-04 9.990896677287209870e-01 0.000000000000000000e+00 0.000000000000000000e+00 0.000000000000000000e+00
1.850000000000000000e+03 7.399807307720784877e-02 0.000000000000000000e+00 1.000000000000000000e+00 0.000000000000000000e+00 0.000000000000000000e+00 0.000000000000000000e+00
1.875000000000000000e+03 7.499804703771051351e-02 0.000000000000000000e+00 1.000000000000000000e+00 0.000000000000000000e+00 0.000000000000000000e+00 0.000000000000000000e+00
1.900000000000000000e+03 7.599802099821340029e-02 0.000000000000000000e+00 1.000000000000000000e+00 0.000000000000000000e+00 0.000000000000000000e+00 0.000000000000000000e+00
1.925000000000000000e+03 7.699799495871628707e-02 0.000000000000000000e+00 1.000000000000000000e+00 0.000000000000000000e+00 0.000000000000000000e+00 0.000000000000000000e+00
1.950000000000000000e+03 7.799796891921895181e-02 1.024123805188893906e-03 9.989758761948110966e-01 0.000000000000000000e+00 0.000000000000000000e+00 0.000000000000000000e+00
1.975000000000000000e+03 7.899794287972183859e-02 0.000000000000000000e+00 1.000000000000000000e+00 0.000000000000000000e+00 0.000000000000000000e+00 0.000000000000000000e+00
2.000000000000000000e+03 7.999791684022472538e-02 2.275830678197542133e-04 9.997724169321802190e-01 0.000000000000000000e+00 0.000000000000000000e+00 0.000000000000000000e+00
2.025000000000000000e+03 8.099789080072739011e-02 2.275830678197542133e-04 9.997724169321802190e-01 0.000000000000000000e+00 0.000000000000000000e+00 0.000000000000000000e+00
2.050000000000000000e+03 8.199786476123027690e-02 5.689576695493854790e-04 9.994310423304506585e-01 0.000000000000000000e+00 0.000000000000000000e+00 0.000000000000000000e+00
2.075000000000000000e+03 8.299783872173316368e-02 9.103322712790168532e-04 9.990896677287209870e-01 0.000000000000000000e+00 0.000000000000000000e+00 0.000000000000000000e+00
2.100000000000000000e+03 8.399781268223582842e-02 2.275830678197542133e-04 9.995448338643604380e-01 0.000000000000000000e+00 2.275830678197542133e-04 0.000000000000000000e+00
2.125000000000000000e+03 8.499778664273871520e-02 1.137915339098771066e-04 9.998862084660901095e-01 0.000000000000000000e+00 0.000000000000000000e+00 0.000000000000000000e+00
2.150000000000000000e+03 8.599776060324160198e-02 5.689576695493854790e-04 9.994310423304506585e-01 0.000000000000000000e+00 0.000000000000000000e+00 0.000000000000000000e+00
2.175000000000000000e+03 8.699773456374426672e-02 0.000000000000000000e+00 1.000000000000000000e+00 0.000000000000000000e+00 0.000000000000000000e+00 0.000000000000000000e+00
2.200000000000000000e+03 8.799770852424715351e-02 5.689576695493854790e-04 9.994310423304506585e-01 0.000000000000000000e+00 0.000000000000000000e+00 0.000000000000000000e+00
2.225000000000000000e+03 8.899768248474981824e-02 3.413746017296313199e-04 9.996586253982703285e-01 0.000000000000000000e+00 0.000000000000000000e+00 0.000000000000000000e+00
2.250000000000000000e+03 8.999765644525270503e-02 3.413746017296313199e-04 9.995448338643604380e-01 0.000000000000000000e+00 1.137915339098771066e-04 0.000000000000000000e+00
2.275000000000000000e+03 9.099763040575559181e-02 0.000000000000000000e+00 1.000000000000000000e+00 0.000000000000000000e+00 0.000000000000000000e+00 0.000000000000000000e+00
2.300000000000000000e+03 9.199760436625825655e-02 6.827492034592626399e-04 9.993172507965407680e-01 0.000000000000000000e+00 0.000000000000000000e+00 0.000000000000000000e+00
2.325000000000000000e+03 9.299757832676114333e-02 2.162039144287664864e-03 9.977241693218024121e-01 0.000000000000000000e+00 1.137915339098771066e-04 0.000000000000000000e+00
2.350000000000000000e+03 9.399755228726403011e-02 1.365498406918525280e-03 9.984069185252617551e-01 0.000000000000000000e+00 2.275830678197542133e-04 0.000000000000000000e+00
2.375000000000000000e+03 9.499752624776669485e-02 1.251706873008648227e-03 9.986345015930814251e-01 0.000000000000000000e+00 1.137915339098771066e-04 0.000000000000000000e+00
2.400000000000000000e+03 9.599750020826958163e-02 2.048247610377787811e-03 9.979517523896221931e-01 0.000000000000000000e+00 0.000000000000000000e+00 0.000000000000000000e+00
2.425000000000000000e+03 9.699747416877246842e-02 1.479289940828402332e-03 9.985207100591716456e-01 0.000000000000000000e+00 0.000000000000000000e+00 0.000000000000000000e+00
2.450000000000000000e+03 9.799744812927513316e-02 1.593081474738279385e-03 9.982931269913518646e-01 0.000000000000000000e+00 1.137915339098771066e-04 0.000000000000000000e+00
2.475000000000000000e+03 9.899742208977801994e-02 2.275830678197541916e-03 9.977241693218024121e-01 0.000000000000000000e+00 0.000000000000000000e+00 0.000000000000000000e+00
2.500000000000000000e+03 9.999739605028090672e-02 1.706873008648156654e-03 9.982931269913518646e-01 0.000000000000000000e+00 0.000000000000000000e+00 0.000000000000000000e+00
2.525000000000000000e+03 1.009973700107835715e-01 3.072371415566681717e-03 9.967000455166135087e-01 0.000000000000000000e+00 2.275830678197542133e-04 0.000000000000000000e+00
2.550000000000000000e+03 1.019973439712864582e-01 2.503413746017296455e-03 9.972690031861629611e-01 0.000000000000000000e+00 2.275830678197542133e-04 0.000000000000000000e+00
2.575000000000000000e+03 1.029973179317893450e-01 3.072371415566681717e-03 9.968138370505233992e-01 0.000000000000000000e+00 1.137915339098771066e-04 0.000000000000000000e+00
2.600000000000000000e+03 1.039972918922920098e-01 4.551661356395083832e-03 9.952207555757851543e-01 0.000000000000000000e+00 2.275830678197542133e-04 0.000000000000000000e+00
2.625000000000000000e+03 1.049972658527948965e-01 6.486117432862995025e-03 9.935138825671370189e-01 0.000000000000000000e+00 0.000000000000000000e+00 0.000000000000000000e+00
2.650000000000000000e+03 1.059972398132975613e-01 6.599908966772872511e-03 9.931725079654073474e-01 0.000000000000000000e+00 2.275830678197542133e-04 0.000000000000000000e+00
2.675000000000000000e+03 1.069972137738004481e-01 4.210286754665453109e-03 9.953345471096950448e-01 0.000000000000000000e+00 4.551661356395084266e-04 0.000000000000000000e+00
2.700000000000000000e+03 1.079971877343033348e-01 7.055075102412380721e-03 9.929449248975875664e-01 0.000000000000000000e+00 0.000000000000000000e+00 0.000000000000000000e+00
2.725000000000000000e+03 1.089971616948059996e-01 7.168866636322257339e-03 9.919208010923987739e-01 0.000000000000000000e+00 9.103322712790168532e-04 0.000000000000000000e+00
2.750000000000000000e+03 1.099971356553088864e-01 9.330905780609922637e-03 9.898725534820209671e-01 0.000000000000000000e+00 7.965407373691396923e-04 0.000000000000000000e+00
2.775000000000000000e+03 1.109971096158117732e-01 1.399635867091488309e-02 9.848657259899863403e-01 0.000000000000000000e+00 1.137915339098770958e-03 0.000000000000000000e+00
2.800000000000000000e+03 1.119970835763144379e-01 1.206190259444697363e-02 9.871415566681839282e-01 0.000000000000000000e+00 7.965407373691396923e-04 0.000000000000000000e+00
2.825000000000000000e+03 1.129970575368173247e-01 1.149294492489758707e-02 9.877105143377332697e-01 0.000000000000000000e+00 7.965407373691396923e-04 0.000000000000000000e+00
2.850000000000000000e+03 1.139970314973202115e-01 1.763768775603095224e-02 9.798588984979517136e-01 0.000000000000000000e+00 2.503413746017296455e-03 0.000000000000000000e+00
2.875000000000000000e+03 1.149970054578228762e-01 2.048247610377787811e-02 9.775830678197542367e-01 0.000000000000000000e+00 1.934456076467910759e-03 0.000000000000000000e+00
2.900000000000000000e+03 1.159969794183257630e-01 1.820664542558033533e-02 9.789485662266727006e-01 0.000000000000000000e+00 2.844788347746927612e-03 0.000000000000000000e+00
2.925000000000000000e+03 1.169969533788286498e-01 2.412380518889394726e-02 9.699590350477924616e-01 0.000000000000000000e+00 5.917159763313609329e-03 0.000000000000000000e+00
2.950000000000000000e+03 1.179969273393313145e-01 5.257168866636321991e-02 9.313837050523441352e-01 0.000000000000000000e+00 1.604460628129267263e-02 0.000000000000000000e+00
2.975000000000000000e+03 1.189969012998342013e-01 6.964041875284478211e-02 8.911015020482475624e-01 0.000000000000000000e+00 3.925807919890760000e-02 0.000000000000000000e+00
3.000000000000000000e+03 1.199968752603370881e-01 1.161811561219845274e-01 7.841374601729631522e-01 0.000000000000000000e+00 9.968138370505234824e-02 0.000000000000000000e+00
3.025000000000000000e+03 1.209968492208397528e-01 1.875284478834774726e-01 6.159535730541647602e-01 0.000000000000000000e+00 1.965179790623577671e-01 0.000000000000000000e+00
3.050000000000000000e+03 1.219968231813426396e-01 2.677514792899408080e-01 4.019116977696859383e-01 0.000000000000000000e+00 3.303368229403732537e-01 0.000000000000000000e+00
3.075000000000000000e+03 1.229967971418453043e-01 3.431952662721893255e-01 2.413518434228493492e-01 2.275830678197542133e-04 4.152253072371415721e-01 0.000000000000000000e+00
3.100000000000000000e+03 1.239967711023481911e-01 3.800637232589895165e-01 1.545289030496131144e-01 1.137915339098771066e-04 4.652935821574875064e-01 0.000000000000000000e+00
3.125000000000000000e+03 1.249967450628510779e-01 3.714155666818388934e-01 1.370050068274920319e-01 0.000000000000000000e+00 4.915794264906691025e-01 0.000000000000000000e+00
3.150000000000000000e+03 1.259967190233537426e-01 3.480883022303140617e-01 1.416704597177969871e-01 4.551661356395084266e-04 5.097860719162494725e-01 0.000000000000000000e+00
3.175000000000000000e+03 1.269966929838566294e-01 3.430814747382794905e-01 1.537323623122439642e-01 2.275830678197542133e-04 5.029585798816568198e-01 0.000000000000000000e+00
3.200000000000000000e+03 1.279966669443595162e-01 3.582157487482931502e-01 1.647701411015020379e-01 4.551661356395084266e-04 4.765589440145653333e-01 0.000000000000000000e+00
3.225000000000000000e+03 1.289966409048621809e-01 3.538916704597178109e-01 1.822940373236231204e-01 6.827492034592626399e-04 4.631315430131998090e-01 0.000000000000000000e+00
3.250000000000000000e+03 1.299966148653650677e-01 3.486572598998634587e-01 1.898042785616750050e-01 3.982703686845699004e-03 4.575557578516158408e-01 0.000000000000000000e+00
3.275000000000000000e+03 1.309965888258679545e-01 3.329540282203004020e-01 1.847974510696404060e-01 7.055075102412380721e-03 4.751934456076468138e-01 0.000000000000000000e+00
3.300000000000000000e+03 1.319965627863706192e-01 3.555985434683659463e-01 1.548702776513427304e-01 1.217569412835685025e-02 4.773554847519344557e-01 0.000000000000000000e+00
3.325000000000000000e+03 1.329965367468735060e-01 3.651570323167956378e-01 1.453117888029130667e-01 2.332726445152480746e-02 4.662039144287665193e-01 0.000000000000000000e+00
3.350000000000000000e+03 1.339965107073763928e-01 3.599226217569412856e-01 1.527082385070550885e-01 3.152025489303595523e-02 4.558488848429677054e-01 0.000000000000000000e+00
3.375000000000000000e+03 1.349964846678790575e-01 3.544606281292672079e-01 1.560081929904415243e-01 3.447883477469276120e-02 4.550523441055985274e-01 0.000000000000000000e+00
3.400000000000000000e+03 1.359964586283819443e-01 3.615157032316795860e-01 1.631770596267637652e-01 3.880291306326809353e-02 4.365043240782885969e-01 0.000000000000000000e+00
3.425000000000000000e+03 1.369964325888846091e-01 3.612881201638598050e-01 1.828629949931725174e-01 4.927173418297678409e-02 4.065771506599908935e-01 0.000000000000000000e+00
3.450000000000000000e+03 1.379964065493874958e-01 3.609467455621301890e-01 2.025489303595812418e-01 6.577150659990896320e-02 3.707328174783796060e-01 0.000000000000000000e+00
3.475000000000000000e+03 1.389963805098903826e-01 3.507055075102412656e-01 2.324761037778789174e-01 9.205735093309057315e-02 3.247610377787892855e-01 0.000000000000000000e+00
3.500000000000000000e+03 1.399963544703930474e-01 3.571916249431042467e-01 2.387346381429221731e-01 1.206190259444697294e-01 2.834547109695038647e-01 0.000000000000000000e+00
3.525000000000000000e+03 1.409963284308959341e-01 3.701638598088302090e-01 2.493172507965407403e-01 1.366636322257624159e-01 2.438552571688666348e-01 0.000000000000000000e+00
3.550000000000000000e+03 1.419963023913988209e-01 3.764223941738734647e-01 2.611515703231679364e-01 1.444014565316340537e-01 2.180245789713245452e-01 0.000000000000000000e+00
3.575000000000000000e+03 1.429962763519014857e-01 3.779016841147018746e-01 2.785616750113791285e-01 1.621529358215748617e-01 1.813837050523441075e-01 0.000000000000000000e+00
3.600000000000000000e+03 1.439962503124043725e-01 3.765361857077833552e-01 3.034820209376422606e-01 1.779699590350477811e-01 1.420118343195266308e-01 0.000000000000000000e+00
3.625000000000000000e+03 1.449962242729072592e-01 3.757396449704141772e-01 3.192990441511151523e-01 1.921939007737824279e-01 1.127674101046882149e-01 0.000000000000000000e+00
3.650000000000000000e+03 1.459961982334099240e-01 3.800637232589895165e-01 3.389849795175238767e-01 1.949248975876194945e-01 8.602639963586708460e-02 0.000000000000000000e+00
3.675000000000000000e+03 1.469961721939128108e-01 3.907601274465180019e-01 3.524123805188894010e-01 1.944697314519799602e-01 6.235776058261265076e-02 0.000000000000000000e+00
3.700000000000000000e+03 1.479961461544156975e-01 3.667501137915338827e-01 3.632225762403277214e-01 2.119936276741010428e-01 5.803368229403732537e-02 0.000000000000000000e+00
3.725000000000000000e+03 1.489961201149183623e-01 3.617432862994993115e-01 3.766499772416932457e-01 2.115384615384615363e-01 5.006827492034592736e-02 0.000000000000000000e+00
3.750000000000000000e+03 1.499960940754212491e-01 3.507055075102412656e-01 3.856395084205734847e-01 2.149522075557578626e-01 4.870277651342740100e-02 0.000000000000000000e+00
3.775000000000000000e+03 1.509960680359241358e-01 3.422849340009103125e-01 3.955393718707327921e-01 2.119936276741010428e-01 5.018206645425580398e-02 0.000000000000000000e+00
3.800000000000000000e+03 1.519960419964268006e-01 3.390987710514337672e-01 3.962221210741920796e-01 2.122212107419207960e-01 5.245789713245334329e-02 0.000000000000000000e+00
3.825000000000000000e+03 1.529960159569296874e-01 3.394401456531633832e-01 3.980427856167501055e-01 2.053937187073281712e-01 5.712335002275830548e-02 0.000000000000000000e+00
3.850000000000000000e+03 1.539959899174323521e-01 3.372781065088757413e-01 4.020254893035958288e-01 2.078971324533454845e-01 5.279927173418298009e-02 0.000000000000000000e+00
3.875000000000000000e+03 1.549959638779352389e-01 3.385298133818843702e-01 4.085116067364588099e-01 2.053937187073281712e-01 4.756486117432862787e-02 0.000000000000000000e+00
3.900000000000000000e+03 1.559959378384381257e-01 3.229403732362312041e-01 4.227355484751934567e-01 2.100591715976331264e-01 4.426490669094219205e-02 0.000000000000000000e+00
3.925000000000000000e+03 1.569959117989407904e-01 3.154301319981793195e-01 4.319526627218934767e-01 2.148384160218479721e-01 3.777878925807919702e-02 0.000000000000000000e+00
3.950000000000000000e+03 1.579958857594436772e-01 3.021165225307237412e-01 4.460628129267182329e-01 2.184797451069640517e-01 3.334091943559399501e-02 0.000000000000000000e+00
3.975000000000000000e+03 1.589958597199465640e-01 2.944924897587619661e-01 4.596040054619936477e-01 2.199590350477924339e-01 2.594446973145198010e-02 0.000000000000000000e+00
4.000000000000000000e+03 1.599958336804492287e-01 2.936959490213927881e-01 4.713245334547109811e-01 2.151797906235776159e-01 1.979972690031861493e-02 0.000000000000000000e+00
4.025000000000000000e+03 1.609958076409521155e-01 2.849340009103322746e-01 4.775830678197542367e-01 2.159763313609467383e-01 2.150659990896677115e-02 0.000000000000000000e+00
4.050000000000000000e+03 1.619957816014550023e-01 2.794720072826581969e-01 4.846381429221666148e-01 2.118798361401911801e-01 2.401001365498407064e-02 0.000000000000000000e+00
4.075000000000000000e+03 1.629957555619576670e-01 2.825443786982248517e-01 4.865725989986344757e-01 2.115384615384615363e-01 1.934456076467910846e-02 0.000000000000000000e+00
4.100000000000000000e+03 1.639957295224605538e-01 2.784478834774692935e-01 4.898725534820209115e-01 2.119936276741010428e-01 1.968593536640873831e-02 0.000000000000000000e+00
4.125000000000000000e+03 1.649957034829634406e-01 2.700273099681383959e-01 4.986345015930814806e-01 2.135867091488393155e-01 1.775147928994082885e-02 0.000000000000000000e+00
4.150000000000000000e+03 1.659956774434661053e-01 2.625170687300864558e-01 5.025034137460172579e-01 2.162039144287664916e-01 1.877560309512972189e-02 0.000000000000000000e+00
4.175000000000000000e+03 1.669956514039689921e-01 2.569412835685024876e-01 5.073964497041419941e-01 2.204142011834319403e-01 1.524806554392353283e-02 0.000000000000000000e+00
4.200000000000000000e+03 1.679956253644718789e-01 2.535275375512062168e-01 5.111515703231679364e-01 2.188211197086936677e-01 1.649977241693217911e-02 0.000000000000000000e+00
4.225000000000000000e+03 1.689955993249745436e-01 2.546654528903049552e-01 5.155894401456531106e-01 2.132453345471096995e-01 1.649977241693217911e-02 0.000000000000000000e+00
4.250000000000000000e+03 1.699955732854774304e-01 2.521620391442876419e-01 5.220755575785162028e-01 2.096040054619936199e-01 1.615839781520254925e-02 0.000000000000000000e+00
4.275000000000000000e+03 1.709955472459800951e-01 2.495448338643604935e-01 5.302685480200273194e-01 2.063040509786071841e-01 1.388256713700500647e-02 0.000000000000000000e+00
4.300000000000000000e+03 1.719955212064829819e-01 2.389622212107419263e-01 5.381201638598088755e-01 2.077833409194355940e-01 1.513427401001365448e-02 0.000000000000000000e+00
4.325000000000000000e+03 1.729954951669858687e-01 2.385070550751024199e-01 5.461993627674101015e-01 2.022075557578516258e-01 1.308602639963586667e-02 0.000000000000000000e+00
4.350000000000000000e+03 1.739954691274885334e-01 2.317933545744196577e-01 5.553026854802002310e-01 2.023213472917614886e-01 1.058261265361857065e-02 0.000000000000000000e+00
4.375000000000000000e+03 1.749954430879914202e-01 2.298588984979517413e-01 5.638370505234410190e-01 1.920801092398725651e-01 1.422394173873463806e-02 0.000000000000000000e+00
4.400000000000000000e+03 1.759954170484943070e-01 2.185935366408739144e-01 5.784023668639053373e-01 1.908284023668639084e-01 1.217569412835685025e-02 0.000000000000000000e+00
4.425000000000000000e+03 1.769953910089969717e-01 2.032316795630405015e-01 5.966090122894857073e-01 1.878698224852070886e-01 1.228948566226672687e-02 0.000000000000000000e+00
4.450000000000000000e+03 1.779953649694998585e-01 2.049385525716886647e-01 6.016158397815202230e-01 1.851388256713700498e-01 8.306781975421027864e-03 0.000000000000000000e+00
4.475000000000000000e+03 1.789953389300027453e-01 1.949248975876194945e-01 6.150432407828857473e-01 1.803595812471552040e-01 9.672280382339554228e-03 0.000000000000000000e+00
4.500000000000000000e+03 1.799953128905054101e-01 1.832043695949021334e-01 6.284706417842512716e-01 1.805871643149749572e-01 7.737824305871643035e-03 0.000000000000000000e+00
4.525000000000000000e+03 1.809952868510082968e-01 1.715976331360946627e-01 6.417842512517069054e-01 1.791078743741465751e-01 7.510241238051888930e-03 0.000000000000000000e+00
4.550000000000000000e+03 1.819952608115111836e-01 1.690942193900773771e-01 6.483841602184797770e-01 1.739872553482020856e-01 8.534365043240782836e-03 0.000000000000000000e+00
4.575000000000000000e+03 1.829952347720138484e-01 1.702321347291761433e-01 6.507737824305871444e-01 1.723941738734638129e-01 6.599908966772872511e-03 0.000000000000000000e+00
4.600000000000000000e+03 1.839952087325167351e-01 1.667045971779699542e-01 6.581702321347291385e-01 1.672735548475193512e-01 7.851615839781519654e-03 0.000000000000000000e+00
4.625000000000000000e+03 1.849951826930193999e-01 1.646563495675921751e-01 6.602184797451069453e-01 1.669321802457897075e-01 8.192990441511151245e-03 0.000000000000000000e+00
4.650000000000000000e+03 1.859951566535222867e-01 1.572598998634501533e-01 6.681838871187983919e-01 1.667045971779699542e-01 7.851615839781519654e-03 0.000000000000000000e+00
4.675000000000000000e+03 1.869951306140251734e-01 1.536185707783341015e-01 6.742148384160218111e-01 1.636322257624032717e-01 8.534365043240782836e-03 0.000000000000000000e+00
4.700000000000000000e+03 1.879951045745278382e-01 1.496358670914884059e-01 6.803595812471552318e-01 1.624943104233045055e-01 7.510241238051888930e-03 0.000000000000000000e+00
4.725000000000000000e+03 1.889950785350307250e-01 1.479289940828402428e-01 6.852526172052799680e-01 1.580564406008193035e-01 8.761948111060537808e-03 0.000000000000000000e+00
4.750000000000000000e+03 1.899950524955336117e-01 1.415566681838871244e-01 6.906008192990441552e-01 1.579426490669094130e-01 9.899863450159307465e-03 0.000000000000000000e+00
4.775000000000000000e+03 1.909950264560362765e-01 1.424670004551661373e-01 6.887801547564861293e-01 1.590805644060081792e-01 9.672280382339554228e-03 0.000000000000000000e+00
4.800000000000000000e+03 1.919950004165391633e-01 1.399635867091488517e-01 6.887801547564861293e-01 1.635184342284934089e-01 7.737824305871643035e-03 0.000000000000000000e+00
4.825000000000000000e+03 1.929949743770420501e-01 1.426945835229858905e-01 6.890077378243059103e-01 1.618115612198452458e-01 6.486117432862995025e-03 0.000000000000000000e+00
4.850000000000000000e+03 1.939949483375447148e-01 1.358670914883932657e-01 6.923076923076922906e-01 1.643149749658625314e-01 7.510241238051888930e-03 0.000000000000000000e+00
4.875000000000000000e+03 1.949949222980476016e-01 1.345015930814747462e-01 6.904870277651342647e-01 1.686390532544378706e-01 6.372325898953117539e-03 0.000000000000000000e+00
4.900000000000000000e+03 1.959948962585504884e-01 1.315430131998179264e-01 6.915111515703231682e-01 1.711424670004551563e-01 5.803368229403732710e-03 0.000000000000000000e+00
4.925000000000000000e+03 1.969948702190531531e-01 1.309740555302685572e-01 6.890077378243059103e-01 1.725079654073737034e-01 7.510241238051888930e-03 0.000000000000000000e+00
4.950000000000000000e+03 1.979948441795560399e-01 1.256258534365043145e-01 6.929904415111515226e-01 1.760355029585798925e-01 5.348202093764223633e-03 0.000000000000000000e+00
4.975000000000000000e+03 1.989948181400589267e-01 1.230086481565771522e-01 6.901456531634045932e-01 1.808147473827947105e-01 6.030951297223486815e-03 0.000000000000000000e+00
5.000000000000000000e+03 1.999947921005615914e-01 1.228948566226672756e-01 6.885525716886663483e-01 1.816112881201638607e-01 6.941283568502503235e-03 0.000000000000000000e+00
5.025000000000000000e+03 2.009947660610644782e-01 1.213017751479289891e-01 6.904870277651342647e-01 1.824078288575330109e-01 5.803368229403732710e-03 0.000000000000000000e+00
5.050000000000000000e+03 2.019947400215671429e-01 1.210741920801092358e-01 6.885525716886663483e-01 1.846836595357305433e-01 5.689576695493855224e-03 0.000000000000000000e+00
5.075000000000000000e+03 2.029947139820700297e-01 1.207328174783796060e-01 6.877560309512972259e-01 1.841147018661811463e-01 7.396449704142011444e-03 0.000000000000000000e+00
5.100000000000000000e+03 2.039946879425729165e-01 1.225534820209376458e-01 6.851388256713700775e-01 1.868456986800182129e-01 5.461993627674101119e-03 0.000000000000000000e+00
5.125000000000000000e+03 2.049946619030755812e-01 1.211879836140191125e-01 6.867319071461083224e-01 1.866181156121984597e-01 5.461993627674101119e-03 0.000000000000000000e+00
5.150000000000000000e+03 2.059946358635784680e-01 1.219845243513882627e-01 6.870732817478379939e-01 1.861629494765589532e-01 4.779244424214838804e-03 0.000000000000000000e+00
5.175000000000000000e+03 2.069946098240813548e-01 1.189121529358215801e-01 6.877560309512972259e-01 1.882111970869367323e-01 5.120619025944469528e-03 0.000000000000000000e+00
5.200000000000000000e+03 2.079945837845840195e-01 1.242603550295857950e-01 6.834319526627219421e-01 1.865043240782885692e-01 5.803368229403732710e-03 0.000000000000000000e+00
5.225000000000000000e+03 2.089945577450869063e-01 1.210741920801092358e-01 6.849112426035502965e-01 1.883249886208466228e-01 5.689576695493855224e-03 0.000000000000000000e+00
5.250000000000000000e+03 2.099945317055897931e-01 1.226672735548475224e-01 6.833181611288120516e-01 1.899180700955848955e-01 4.096495220755575623e-03 0.000000000000000000e+00
5.275000000000000000e+03 2.109945056660924578e-01 1.224396904870277691e-01 6.817250796540736957e-01 1.898042785616750050e-01 6.030951297223486815e-03 0.000000000000000000e+00
5.300000000000000000e+03 2.119944796265953446e-01 1.215293582157487423e-01 6.827492034592625991e-01 1.901456531634046487e-01 5.575785161583977738e-03 0.000000000000000000e+00
5.325000000000000000e+03 2.129944535870982314e-01 1.264223941738734647e-01 6.794492489758762188e-01 1.883249886208466228e-01 5.803368229403732710e-03 0.000000000000000000e+00
5.350000000000000000e+03 2.139944275476008961e-01 1.304050978607191602e-01 6.736458807464724696e-01 1.896904870277651423e-01 6.258534365043240920e-03 0.000000000000000000e+00
5.375000000000000000e+03 2.149944015081037829e-01 1.304050978607191602e-01 6.710286754665453213e-01 1.929904415111515781e-01 5.575785161583977738e-03 0.000000000000000000e+00
5.400000000000000000e+03 2.159943754686066697e-01 1.277878925807919841e-01 6.667045971779699265e-01 1.990213928083750528e-01 6.486117432862995025e-03 0.000000000000000000e+00
5.425000000000000000e+03 2.169943494291093344e-01 1.296085571233500100e-01 6.602184797451069453e-01 2.032316795630405015e-01 6.941283568502503235e-03 0.000000000000000000e+00
5.450000000000000000e+03 2.179943233896122212e-01 1.282430587164314906e-01 6.577150659990896875e-01 2.058488848429676776e-01 8.192990441511151245e-03 0.000000000000000000e+00
5.475000000000000000e+03 2.189942973501148860e-01 1.228948566226672756e-01 6.596495220755576039e-01 2.086936731907146070e-01 8.761948111060537808e-03 0.000000000000000000e+00
5.500000000000000000e+03 2.199942713106177727e-01 1.225534820209376458e-01 6.578288575329995780e-01 2.113108784706417831e-01 8.306781975421027864e-03 0.000000000000000000e+00
5.525000000000000000e+03 2.209942452711206595e-01 1.220983158852981393e-01 6.552116522530723186e-01 2.146108329540282189e-01 8.079198907601274626e-03 0.000000000000000000e+00
5.550000000000000000e+03 2.219942192316233243e-01 1.219845243513882627e-01 6.537323623122439642e-01 2.140418752844788219e-01 1.024123805188893906e-02 0.000000000000000000e+00
5.575000000000000000e+03 2.229941931921262110e-01 1.243741465634956717e-01 6.529358215748748417e-01 2.144970414201183562e-01 8.192990441511151245e-03 0.000000000000000000e+00
5.600000000000000000e+03 2.239941671526290978e-01 1.241465634956759184e-01 6.527082385070550608e-01 2.146108329540282189e-01 8.534365043240782836e-03 0.000000000000000000e+00
5.625000000000000000e+03 2.249941411131317626e-01 1.234638142922166587e-01 6.507737824305871444e-01 2.157487482931269851e-01 1.001365498406918582e-02 0.000000000000000000e+00
5.650000000000000000e+03 2.259941150736346493e-01 1.281292671825216278e-01 6.496358670914883504e-01 2.123350022758306865e-01 9.899863450159307465e-03 0.000000000000000000e+00
5.675000000000000000e+03 2.269940890341375361e-01 1.263086026399635742e-01 6.503186162949476934e-01 2.144970414201183562e-01 8.875739644970414427e-03 0.000000000000000000e+00
