# itime ezz other fcc hcp bcc ico
0.000000000000000000e+00 0.000000000000000000e+00 0.000000000000000000e+00 1.000000000000000000e+00 0.000000000000000000e+00 0.000000000000000000e+00 0.000000000000000000e+00
2.500000000000000000e+02 9.999991236290473040e-03 0.000000000000000000e+00 1.000000000000000000e+00 0.000000000000000000e+00 0.000000000000000000e+00 0.000000000000000000e+00
5.000000000000000000e+02 1.999998247258094608e-02 0.000000000000000000e+00 1.000000000000000000e+00 0.000000000000000000e+00 0.000000000000000000e+00 0.000000000000000000e+00
7.500000000000000000e+02 2.999997370887141912e-02 0.000000000000000000e+00 1.000000000000000000e+00 0.000000000000000000e+00 0.000000000000000000e+00 0.000000000000000000e+00
1.000000000000000000e+03 3.999996494516211420e-02 0.000000000000000000e+00 1.000000000000000000e+00 0.000000000000000000e+00 0.000000000000000000e+00 0.000000000000000000e+00
1.250000000000000000e+03 4.999995618145258724e-02 0.000000000000000000e+00 1.000000000000000000e+00 0.000000000000000000e+00 0.000000000000000000e+00 0.000000000000000000e+00
1.500000000000000000e+03 5.999994741774306029e-02 0.000000000000000000e+00 1.000000000000000000e+00 0.000000000000000000e+00 0.000000000000000000e+00 0.000000000000000000e+00
1.750000000000000000e+03 6.999993865403353333e-02 0.000000000000000000e+00 1.000000000000000000e+00 0.000000000000000000e+00 0.000000000000000000e+00 0.000000000000000000e+00
2.000000000000000000e+03 7.999992989032400637e-02 2.275830678197542133e-04 9.997724169321802190e-01 0.000000000000000000e+00 0.000000000000000000e+00 0.000000000000000000e+00
2.250000000000000000e+03 8.999992112661447941e-02 3.413746017296313199e-04 9.995448338643604380e-01 0.000000000000000000e+00 1.137915339098771066e-04 0.000000000000000000e+00
2.500000000000000000e+03 9.999991236290517449e-02 1.706873008648156654e-03 9.982931269913518646e-01 0.000000000000000000e+00 0.000000000000000000e+00 0.000000000000000000e+00
2.750000000000000000e+03 1.099999035991956475e-01 9.330905780609922637e-03 9.898725534820209671e-01 0.000000000000000000e+00 7.965407373691396923e-04 0.000000000000000000e+00
3.000000000000000000e+03 1.199998948354861206e-01 1.161811561219845274e-01 7.841374601729631522e-01 0.000000000000000000e+00 9.968138370505234824e-02 0.000000000000000000e+00
3.250000000000000000e+03 1.299998860717765936e-01 3.486572598998634587e-01 1.898042785616750050e-01 3.982703686845699004e-03 4.575557578516158408e-01 0.000000000000000000e+00
3.500000000000000000e+03 1.399998773080670667e-01 3.571916249431042467e-01 2.387346381429221731e-01 1.206190259444697294e-01 2.834547109695038647e-01 0.000000000000000000e+00
3.750000000000000000e+03 1.499998685443575397e-01 3.507055075102412656e-01 3.856395084205734847e-01 2.149522075557578626e-01 4.870277651342740100e-02 0.000000000000000000e+00
4.000000000000000000e+03 1.599998597806480127e-01 2.936959490213927881e-01 4.713245334547109811e-01 2.151797906235776159e-01 1.979972690031861493e-02 0.000000000000000000e+00
4.250000000000000000e+03 1.699998510169387078e-01 2.521620391442876419e-01 5.220755575785162028e-01 2.096040054619936199e-01 1.615839781520254925e-02 0.000000000000000000e+00
4.500000000000000000e+03 1.799998422532291809e-01 1.832043695949021334e-01 6.284706417842512716e-01 1.805871643149749572e-01 7.737824305871643035e-03 0.000000000000000000e+00
4.750000000000000000e+03 1.899998334895196539e-01 1.415566681838871244e-01 6.906008192990441552e-01 1.579426490669094130e-01 9.899863450159307465e-03 0.000000000000000000e+00
5.000000000000000000e+03 1.999998247258101269e-01 1.228948566226672756e-01 6.885525716886663483e-01 1.816112881201638607e-01 6.941283568502503235e-03 0.000000000000000000e+00
5.250000000000000000e+03 2.099998159621006000e-01 1.226672735548475224e-01 6.833181611288120516e-01 1.899180700955848955e-01 4.096495220755575623e-03 0.000000000000000000e+00
5.500000000000000000e+03 2.199998071983910730e-01 1.225534820209376458e-01 6.578288575329995780e-01 2.113108784706417831e-01 8.306781975421027864e-03 0.000000000000000000e+00
5.750000000000000000e+03 2.299997984346815461e-01 1.217569412835685094e-01 6.563495675921711126e-01 2.117660446062812896e-01 1.012744651797906244e-02 0.000000000000000000e+00
6.000000000000000000e+03 2.399997896709722411e-01 1.223258989531178925e-01 6.578288575329995780e-01 2.117660446062812896e-01 8.079198907601274626e-03 0.000000000000000000e+00
6.250000000000000000e+03 2.499997809072627142e-01 1.380291306326809353e-01 6.326809285389166648e-01 2.208693673190714746e-01 8.420573509330906217e-03 0.000000000000000000e+00
6.500000000000000000e+03 2.599997721435531872e-01 1.529358215748748417e-01 6.249431042330451103e-01 2.130177514792899462e-01 9.103322712790167665e-03 0.000000000000000000e+00
6.750000000000000000e+03 2.699997633798436603e-01 1.672735548475193512e-01 6.117432862994993670e-01 2.152935821574874786e-01 5.689576695493855224e-03 0.000000000000000000e+00
7.000000000000000000e+03 2.799997546161341333e-01 1.703459262630860338e-01 6.099226217569412301e-01 2.118798361401911801e-01 7.851615839781519654e-03 0.000000000000000000e+00
7.250000000000000000e+03 2.899997458524246063e-01 1.758079198907601393e-01 5.831816112881201830e-01 2.331588529813381772e-01 7.851615839781519654e-03 0.000000000000000000e+00
7.500000000000000000e+03 2.999997370887153014e-01 1.854802002730996935e-01 5.607646791078744197e-01 2.418070095584888557e-01 1.194811106053709528e-02 0.000000000000000000e+00
7.750000000000000000e+03 3.099997283250057745e-01 1.902594446973145115e-01 5.534820209376422051e-01 2.492034592626308498e-01 7.055075102412380721e-03 0.000000000000000000e+00
8.000000000000000000e+03 3.199997195612962475e-01 2.216659080564405970e-01 5.219617660446063123e-01 2.426035502958579781e-01 1.376877560309512985e-02 0.000000000000000000e+00
8.250000000000000000e+03 3.299997107975867205e-01 2.165452890304961353e-01 5.315202548930360038e-01 2.437414656349567721e-01 8.192990441511151245e-03 0.000000000000000000e+00
8.500000000000000000e+03 3.399997020338771936e-01 2.230314064633591165e-01 5.325443786982249073e-01 2.339553937187073274e-01 1.046882111970869403e-02 0.000000000000000000e+00
8.750000000000000000e+03 3.499996932701676666e-01 2.223486572598998567e-01 5.408511606736459143e-01 2.242831133363677731e-01 1.251706873008648184e-02 0.000000000000000000e+00
9.000000000000000000e+03 3.599996845064581397e-01 2.131315430131998090e-01 5.563268092853891345e-01 2.231451979972690070e-01 7.396449704142011444e-03 0.000000000000000000e+00
9.250000000000000000e+03 3.699996757427488348e-01 2.222348657259899940e-01 5.458579881656804300e-01 2.243969048702776636e-01 7.510241238051888930e-03 0.000000000000000000e+00
9.500000000000000000e+03 3.799996669790393078e-01 2.231451979972690070e-01 5.666818388711879484e-01 2.041420118343195145e-01 6.030951297223486815e-03 0.000000000000000000e+00
9.750000000000000000e+03 3.899996582153297808e-01 2.321347291761493015e-01 5.727127901684114786e-01 1.871870732817478289e-01 7.965407373691398007e-03 0.000000000000000000e+00
1.000000000000000000e+04 3.999996494516202539e-01 2.168866636322257513e-01 6.058261265361857273e-01 1.689804278561675144e-01 8.306781975421027864e-03 0.000000000000000000e+00
1.025000000000000000e+04 4.099996406879107269e-01 2.225762403277196100e-01 5.892125625853436022e-01 1.813837050523441075e-01 6.827492034592626616e-03 0.000000000000000000e+00
1.050000000000000000e+04 4.199996319242012000e-01 2.172280382339553950e-01 6.044606281292671524e-01 1.702321347291761433e-01 8.079198907601274626e-03 0.000000000000000000e+00
1.075000000000000000e+04 4.299996231604918950e-01 2.149522075557578626e-01 6.124260355029585989e-01 1.675011379153391045e-01 5.120619025944469528e-03 0.000000000000000000e+00
1.100000000000000000e+04 4.399996143967823681e-01 2.055075102412380617e-01 6.120846609012289274e-01 1.776285844333181652e-01 4.779244424214838804e-03 0.000000000000000000e+00
1.125000000000000000e+04 4.499996056330728411e-01 2.091488393263541135e-01 6.354119253527537037e-01 1.486117432862995025e-01 6.827492034592626616e-03 0.000000000000000000e+00
1.150000000000000000e+04 4.599995968693633142e-01 2.257624032771961831e-01 6.255120619025944517e-01 1.412152935821574806e-01 7.510241238051888930e-03 0.000000000000000000e+00
1.175000000000000000e+04 4.699995881056537872e-01 2.138142922166590687e-01 6.267637687756031362e-01 1.539599453800637174e-01 5.461993627674101119e-03 0.000000000000000000e+00
1.200000000000000000e+04 4.799995793419442602e-01 2.033454710969503920e-01 6.379153390987710726e-01 1.530496131087847045e-01 5.689576695493855224e-03 0.000000000000000000e+00
1.225000000000000000e+04 4.899995705782347333e-01 2.107419208010923861e-01 6.189121529358215801e-01 1.638598088302230249e-01 6.486117432862995025e-03 0.000000000000000000e+00
1.250000000000000000e+04 4.999995618145254284e-01 2.085798816568047442e-01 5.970641784251251583e-01 1.878698224852070886e-01 6.486117432862995025e-03 0.000000000000000000e+00
1.275000000000000000e+04 5.099995530508159014e-01 1.972007282658170269e-01 6.081019572143832042e-01 1.878698224852070886e-01 6.827492034592626616e-03 0.000000000000000000e+00
1.300000000000000000e+04 5.199995442871063744e-01 1.912835685025034149e-01 6.281292671825216001e-01 1.781975421028675344e-01 2.389622212107419402e-03 0.000000000000000000e+00
1.325000000000000000e+04 5.299995355233968475e-01 1.858215748748293095e-01 6.362084660901229372e-01 1.750113791533909890e-01 2.958579881656804664e-03 0.000000000000000000e+00
1.350000000000000000e+04 5.399995267596873205e-01 1.788802913063268218e-01 6.425807919890760278e-01 1.744424214838415921e-01 4.096495220755575623e-03 0.000000000000000000e+00
1.375000000000000000e+04 5.499995179959777936e-01 1.751251706873008518e-01 6.593081474738279324e-01 1.621529358215748617e-01 3.413746017296313308e-03 0.000000000000000000e+00
1.400000000000000000e+04 5.599995092322684886e-01 1.807009558488848477e-01 6.502048247610378029e-01 1.656804733727810786e-01 3.413746017296313308e-03 0.000000000000000000e+00
1.425000000000000000e+04 5.699995004685589617e-01 1.891215293582157453e-01 6.418980427856167958e-01 1.640873918980427781e-01 4.893035958124715423e-03 0.000000000000000000e+00
1.450000000000000000e+04 5.799994917048494347e-01 1.928766499772416876e-01 6.265361857077833552e-01 1.726217569412835662e-01 7.965407373691398007e-03 0.000000000000000000e+00
1.475000000000000000e+04 5.899994829411399078e-01 2.073281747837960876e-01 5.984296768320437332e-01 1.840009103322712836e-01 1.024123805188893906e-02 0.000000000000000000e+00
1.500000000000000000e+04 5.999994741774303808e-01 2.239417387346381294e-01 5.733955393718707105e-01 1.961766044606281234e-01 6.486117432862995025e-03 0.000000000000000000e+00
1.525000000000000000e+04 6.099994654137208538e-01 2.295175238962221254e-01 6.247155211652253293e-01 1.370050068274920319e-01 8.761948111060537808e-03 0.000000000000000000e+00
1.550000000000000000e+04 6.199994566500113269e-01 2.242831133363677731e-01 6.400773782430587699e-01 1.268775603095129711e-01 8.761948111060537808e-03 0.000000000000000000e+00
1.575000000000000000e+04 6.299994478863020220e-01 2.182521620391442985e-01 6.358670914883932657e-01 1.391670459717797015e-01 6.713700500682749130e-03 0.000000000000000000e+00
1.600000000000000000e+04 6.399994391225924950e-01 2.064178425125170746e-01 6.352981338188439242e-01 1.541875284478834707e-01 4.096495220755575623e-03 0.000000000000000000e+00
1.625000000000000000e+04 6.499994303588829681e-01 2.053937187073281712e-01 6.390532544378698665e-01 1.504324078288575284e-01 5.120619025944469528e-03 0.000000000000000000e+00
1.650000000000000000e+04 6.599994215951734411e-01 2.114246700045516736e-01 6.362084660901229372e-01 1.477014110150204895e-01 4.665452890304961318e-03 0.000000000000000000e+00
1.675000000000000000e+04 6.699994128314639141e-01 2.105143377332726329e-01 6.440600819299043822e-01 1.393946290395994547e-01 6.030951297223486815e-03 0.000000000000000000e+00
1.700000000000000000e+04 6.799994040677543872e-01 2.187073281747838049e-01 6.228948566226673034e-01 1.517979062357760478e-01 6.599908966772872511e-03 0.000000000000000000e+00
1.725000000000000000e+04 6.899993953040448602e-01 2.330450614474283144e-01 5.959262630860263643e-01 1.634046426945835184e-01 7.624032771961766417e-03 0.000000000000000000e+00
1.750000000000000000e+04 6.999993865403355553e-01 2.416932180245789652e-01 5.911470186618115186e-01 1.574874829312699065e-01 9.672280382339554228e-03 0.000000000000000000e+00
1.775000000000000000e+04 7.099993777766260283e-01 2.294037323623122349e-01 6.106053709604005730e-01 1.497496586253982687e-01 1.024123805188893906e-02 0.000000000000000000e+00
1.800000000000000000e+04 7.199993690129165014e-01 2.335002275830678209e-01 5.980883022303140617e-01 1.612426035502958488e-01 7.168866636322257339e-03 0.000000000000000000e+00
1.825000000000000000e+04 7.299993602492069744e-01 2.298588984979517413e-01 5.934228493400091065e-01 1.694355939918070209e-01 7.282658170232134826e-03 0.000000000000000000e+00
1.850000000000000000e+04 7.399993514854974475e-01 2.191624943104233114e-01 6.015020482476103325e-01 1.736458807464724696e-01 5.689576695493855224e-03 0.000000000000000000e+00
1.875000000000000000e+04 7.499993427217879205e-01 2.245106964041875264e-01 6.010468821119708815e-01 1.670459717796995980e-01 7.396449704142011444e-03 0.000000000000000000e+00
1.900000000000000000e+04 7.599993339580786156e-01 2.297451069640418786e-01 5.991124260355029651e-01 1.623805188893946427e-01 8.761948111060537808e-03 0.000000000000000000e+00
1.925000000000000000e+04 7.699993251943690886e-01 2.316795630405097950e-01 6.015020482476103325e-01 1.568047337278106468e-01 1.001365498406918582e-02 0.000000000000000000e+00
1.950000000000000000e+04 7.799993164306595617e-01 2.403277196176604458e-01 5.895539371870732737e-01 1.604460628129267263e-01 9.672280382339554228e-03 0.000000000000000000e+00
1.975000000000000000e+04 7.899993076669500347e-01 2.447655894401456478e-01 5.794264906690942407e-01 1.644287664997724219e-01 1.137915339098771045e-02 0.000000000000000000e+00
2.000000000000000000e+04 7.999992989032405077e-01 2.511379153390987939e-01 5.753299954483386269e-01 1.634046426945835184e-01 1.012744651797906244e-02 0.000000000000000000e+00
2.025000000000000000e+04 8.099992901395309808e-01 2.545516613563950648e-01 5.589440145653163938e-01 1.760355029585798925e-01 1.046882111970869403e-02 0.000000000000000000e+00
2.050000000000000000e+04 8.199992813758214538e-01 2.677514792899408080e-01 5.422166590805643782e-01 1.796768320436959443e-01 1.035502958579881741e-02 0.000000000000000000e+00
2.075000000000000000e+04 8.299992726121121489e-01 2.428311333636777314e-01 5.815885298133819381e-01 1.679563040509786109e-01 7.624032771961766417e-03 0.000000000000000000e+00
2.100000000000000000e+04 8.399992638484026219e-01 2.210969503868912278e-01 6.145880746472462963e-01 1.588529813381884259e-01 5.461993627674101119e-03 0.000000000000000000e+00
2.125000000000000000e+04 8.499992550846930950e-01 2.100591715976331264e-01 6.274465179790623681e-01 1.581702321347291662e-01 4.324078288575329727e-03 0.000000000000000000e+00
2.150000000000000000e+04 8.599992463209835680e-01 2.155211652253072319e-01 6.162949476558944317e-01 1.651115157032316816e-01 3.072371415566681717e-03 0.000000000000000000e+00
2.175000000000000000e+04 8.699992375572740411e-01 2.129039599453800558e-01 6.140191169776968438e-01 1.708010923987255403e-01 2.275830678197541916e-03 0.000000000000000000e+00
2.200000000000000000e+04 8.799992287935645141e-01 2.157487482931269851e-01 6.107191624943104635e-01 1.704597177969958965e-01 3.072371415566681717e-03 0.000000000000000000e+00
2.225000000000000000e+04 8.899992200298552092e-01 2.165452890304961353e-01 6.020710059171597850e-01 1.750113791533909890e-01 6.372325898953117539e-03 0.000000000000000000e+00
2.250000000000000000e+04 8.999992112661456822e-01 2.253072371415566766e-01 5.971779699590350488e-01 1.709148839326354030e-01 6.599908966772872511e-03 0.000000000000000000e+00
2.275000000000000000e+04 9.099992025024361553e-01 2.309968138370505353e-01 5.852298588984979899e-01 1.772872098315885214e-01 6.486117432862995025e-03 0.000000000000000000e+00
2.300000000000000000e+04 9.199991937387266283e-01 2.429449248975876219e-01 5.694128356850249872e-01 1.834319526627218866e-01 4.210286754665453109e-03 0.000000000000000000e+00
2.325000000000000000e+04 9.299991849750171014e-01 2.459035047792444140e-01 5.867091488393263443e-01 1.611288120163859861e-01 6.258534365043240920e-03 0.000000000000000000e+00
2.350000000000000000e+04 9.399991762113075744e-01 2.278106508875739622e-01 6.208466090122894965e-01 1.473600364132908458e-01 3.982703686845699004e-03 0.000000000000000000e+00
2.375000000000000000e+04 9.499991674475980474e-01 2.195038689121529274e-01 6.215293582157487284e-01 1.561219845243513871e-01 2.844788347746927612e-03 0.000000000000000000e+00
2.400000000000000000e+04 9.599991586838887425e-01 2.213245334547109811e-01 6.175466545289030051e-01 1.586253982703686727e-01 2.503413746017296455e-03 0.000000000000000000e+00
2.425000000000000000e+04 9.699991499201792156e-01 2.273554847519344557e-01 6.136777423759672834e-01 1.558944014565316338e-01 3.072371415566681717e-03 0.000000000000000000e+00
2.450000000000000000e+04 9.799991411564696886e-01 2.222348657259899940e-01 6.200500682749203740e-01 1.548702776513427304e-01 2.844788347746927612e-03 0.000000000000000000e+00
2.475000000000000000e+04 9.899991323927601616e-01 2.369139736003641195e-01 6.028675466545289074e-01 1.537323623122439642e-01 6.486117432862995025e-03 0.000000000000000000e+00
2.500000000000000000e+04 9.999991236290506347e-01 2.416932180245789652e-01 5.963814292216659263e-01 1.552116522530723741e-01 6.713700500682749130e-03 0.000000000000000000e+00
