# itime ezz other fcc hcp bcc ico
0.000000000000000000e+00 0.000000000000000000e+00 7.965407373691396923e-04 9.992034592626308775e-01 0.000000000000000000e+00 0.000000000000000000e+00 0.000000000000000000e+00
2.500000000000000000e+02 9.999961128639434094e-04 9.103322712790168532e-04 9.990896677287209870e-01 0.000000000000000000e+00 0.000000000000000000e+00 0.000000000000000000e+00
5.000000000000000000e+02 1.999992225728108863e-03 4.551661356395084266e-04 9.995448338643604380e-01 0.000000000000000000e+00 0.000000000000000000e+00 0.000000000000000000e+00
7.500000000000000000e+02 2.999988338592052273e-03 1.137915339098771066e-04 9.998862084660901095e-01 0.000000000000000000e+00 0.000000000000000000e+00 0.000000000000000000e+00
1.000000000000000000e+03 3.999984451456217727e-03 1.365498406918525280e-03 9.986345015930814251e-01 0.000000000000000000e+00 0.000000000000000000e+00 0.000000000000000000e+00
1.250000000000000000e+03 4.999980564320161136e-03 1.365498406918525280e-03 9.986345015930814251e-01 0.000000000000000000e+00 0.000000000000000000e+00 0.000000000000000000e+00
1.500000000000000000e+03 5.999976677184104545e-03 1.137915339098771066e-04 9.998862084660901095e-01 0.000000000000000000e+00 0.000000000000000000e+00 0.000000000000000000e+00
1.750000000000000000e+03 6.999972790048269999e-03 1.365498406918525280e-03 9.986345015930814251e-01 0.000000000000000000e+00 0.000000000000000000e+00 0.000000000000000000e+00
2.000000000000000000e+03 7.999968902912213409e-03 5.689576695493854790e-04 9.994310423304506585e-01 0.000000000000000000e+00 0.000000000000000000e+00 0.000000000000000000e+00
2.250000000000000000e+03 8.999965015776378863e-03 1.137915339098770958e-03 9.988620846609012061e-01 0.000000000000000000e+00 0.000000000000000000e+00 0.000000000000000000e+00
2.500000000000000000e+03 9.999961128640322272e-03 9.103322712790168532e-04 9.990896677287209870e-01 0.000000000000000000e+00 0.000000000000000000e+00 0.000000000000000000e+00
2.750000000000000000e+03 1.099995724150426568e-02 6.827492034592626399e-04 9.993172507965407680e-01 0.000000000000000000e+00 0.000000000000000000e+00 0.000000000000000000e+00
3.000000000000000000e+03 1.199995335436843114e-02 1.479289940828402332e-03 9.985207100591716456e-01 0.000000000000000000e+00 0.000000000000000000e+00 0.000000000000000000e+00
3.250000000000000000e+03 1.299994946723237454e-02 2.162039144287664864e-03 9.978379608557123026e-01 0.000000000000000000e+00 0.000000000000000000e+00 0.000000000000000000e+00
3.500000000000000000e+03 1.399994558009631795e-02 2.389622212107419402e-03 9.976103777878926326e-01 0.000000000000000000e+00 0.000000000000000000e+00 0.000000000000000000e+00
3.750000000000000000e+03 1.499994169296048341e-02 1.251706873008648227e-03 9.987482931269913156e-01 0.000000000000000000e+00 0.000000000000000000e+00 0.000000000000000000e+00
4.000000000000000000e+03 1.599993780582442682e-02 2.275830678197541916e-03 9.977241693218024121e-01 0.000000000000000000e+00 0.000000000000000000e+00 0.000000000000000000e+00
4.250000000000000000e+03 1.699993391868859227e-02 2.275830678197541916e-03 9.977241693218024121e-01 0.000000000000000000e+00 0.000000000000000000e+00 0.000000000000000000e+00
4.500000000000000000e+03 1.799993003155253568e-02 3.186162949476558769e-03 9.965862539827037292e-01 0.000000000000000000e+00 2.275830678197542133e-04 0.000000000000000000e+00
4.750000000000000000e+03 1.899992614441647909e-02 2.048247610377787811e-03 9.978379608557123026e-01 0.000000000000000000e+00 1.137915339098771066e-04 0.000000000000000000e+00
5.000000000000000000e+03 1.999992225728064454e-02 1.479289940828402332e-03 9.985207100591716456e-01 0.000000000000000000e+00 0.000000000000000000e+00 0.000000000000000000e+00
5.250000000000000000e+03 2.099991837014458795e-02 2.389622212107419402e-03 9.976103777878926326e-01 0.000000000000000000e+00 0.000000000000000000e+00 0.000000000000000000e+00
5.500000000000000000e+03 2.199991448300875341e-02 1.593081474738279385e-03 9.984069185252617551e-01 0.000000000000000000e+00 0.000000000000000000e+00 0.000000000000000000e+00
5.750000000000000000e+03 2.299991059587269682e-02 1.251706873008648227e-03 9.987482931269913156e-01 0.000000000000000000e+00 0.000000000000000000e+00 0.000000000000000000e+00
6.000000000000000000e+03 2.399990670873664023e-02 2.275830678197541916e-03 9.977241693218024121e-01 0.000000000000000000e+00 0.000000000000000000e+00 0.000000000000000000e+00
6.250000000000000000e+03 2.499990282160080568e-02 4.437869822485207214e-03 9.955621301775148257e-01 0.000000000000000000e+00 0.000000000000000000e+00 0.000000000000000000e+00
6.500000000000000000e+03 2.599989893446474909e-02 2.275830678197541916e-03 9.976103777878926326e-01 0.000000000000000000e+00 1.137915339098771066e-04 0.000000000000000000e+00
6.750000000000000000e+03 2.699989504732891454e-02 3.413746017296313308e-03 9.962448793809740577e-01 0.000000000000000000e+00 3.413746017296313199e-04 0.000000000000000000e+00
7.000000000000000000e+03 2.799989116019285795e-02 3.527537551206190360e-03 9.964724624487938387e-01 0.000000000000000000e+00 0.000000000000000000e+00 0.000000000000000000e+00
7.250000000000000000e+03 2.899988727305680136e-02 5.461993627674101119e-03 9.945380063723259223e-01 0.000000000000000000e+00 0.000000000000000000e+00 0.000000000000000000e+00
7.500000000000000000e+03 2.999988338592096682e-02 2.048247610377787811e-03 9.979517523896221931e-01 0.000000000000000000e+00 0.000000000000000000e+00 0.000000000000000000e+00
7.750000000000000000e+03 3.099987949878491023e-02 4.096495220755575623e-03 9.957897132453344957e-01 0.000000000000000000e+00 1.137915339098771066e-04 0.000000000000000000e+00
8.000000000000000000e+03 3.199987561164885363e-02 3.072371415566681717e-03 9.968138370505233992e-01 0.000000000000000000e+00 1.137915339098771066e-04 0.000000000000000000e+00
8.250000000000000000e+03 3.299987172451301909e-02 4.779244424214838804e-03 9.951069640418752638e-01 0.000000000000000000e+00 1.137915339098771066e-04 0.000000000000000000e+00
8.500000000000000000e+03 3.399986783737696250e-02 4.096495220755575623e-03 9.959035047792443862e-01 0.000000000000000000e+00 0.000000000000000000e+00 0.000000000000000000e+00
8.750000000000000000e+03 3.499986395024112795e-02 3.868912152935821518e-03 9.959035047792443862e-01 0.000000000000000000e+00 2.275830678197542133e-04 0.000000000000000000e+00
9.000000000000000000e+03 3.599986006310507136e-02 4.779244424214838804e-03 9.949931725079653733e-01 0.000000000000000000e+00 2.275830678197542133e-04 0.000000000000000000e+00
9.250000000000000000e+03 3.699985617596901477e-02 8.875739644970414427e-03 9.910104688211197610e-01 0.000000000000000000e+00 1.137915339098771066e-04 0.000000000000000000e+00
9.500000000000000000e+03 3.799985228883318022e-02 1.058261265361857065e-02 9.894173873463814051e-01 0.000000000000000000e+00 0.000000000000000000e+00 0.000000000000000000e+00
9.750000000000000000e+03 3.899984840169712363e-02 5.689576695493855224e-03 9.940828402366863603e-01 0.000000000000000000e+00 2.275830678197542133e-04 0.000000000000000000e+00
1.000000000000000000e+04 3.999984451456128909e-02 8.761948111060537808e-03 9.908966772872098705e-01 0.000000000000000000e+00 3.413746017296313199e-04 0.000000000000000000e+00
1.025000000000000000e+04 4.099984062742523250e-02 7.624032771961766417e-03 9.921483841602184439e-01 0.000000000000000000e+00 2.275830678197542133e-04 0.000000000000000000e+00
1.050000000000000000e+04 4.199983674028917591e-02 6.144742831133363434e-03 9.938552571688666903e-01 0.000000000000000000e+00 0.000000000000000000e+00 0.000000000000000000e+00
1.075000000000000000e+04 4.299983285315334136e-02 1.137915339098771045e-02 9.882794720072826111e-01 0.000000000000000000e+00 3.413746017296313199e-04 0.000000000000000000e+00
1.100000000000000000e+04 4.399982896601728477e-02 1.285844333181611343e-02 9.870277651342740377e-01 0.000000000000000000e+00 1.137915339098771066e-04 0.000000000000000000e+00
1.125000000000000000e+04 4.499982507888145022e-02 9.786071916249430847e-03 9.895311788802912956e-01 0.000000000000000000e+00 6.827492034592626399e-04 0.000000000000000000e+00
1.150000000000000000e+04 4.599982119174539363e-02 1.194811106053709528e-02 9.879380974055530507e-01 0.000000000000000000e+00 1.137915339098771066e-04 0.000000000000000000e+00
1.175000000000000000e+04 4.699981730460933704e-02 1.240327719617660522e-02 9.871415566681839282e-01 0.000000000000000000e+00 4.551661356395084266e-04 0.000000000000000000e+00
1.200000000000000000e+04 4.799981341747350250e-02 1.046882111970869403e-02 9.894173873463814051e-01 0.000000000000000000e+00 1.137915339098771066e-04 0.000000000000000000e+00
1.225000000000000000e+04 4.899980953033744591e-02 1.251706873008648184e-02 9.872553482020938187e-01 0.000000000000000000e+00 2.275830678197542133e-04 0.000000000000000000e+00
1.250000000000000000e+04 4.999980564320161136e-02 1.490669094219390124e-02 9.846381429221665593e-01 0.000000000000000000e+00 4.551661356395084266e-04 0.000000000000000000e+00
1.275000000000000000e+04 5.099980175606555477e-02 1.354119253527537488e-02 9.858898497951752438e-01 0.000000000000000000e+00 5.689576695493854790e-04 0.000000000000000000e+00
1.300000000000000000e+04 5.199979786892949818e-02 1.240327719617660522e-02 9.870277651342740377e-01 0.000000000000000000e+00 5.689576695493854790e-04 0.000000000000000000e+00
1.325000000000000000e+04 5.299979398179366363e-02 2.321347291761493084e-02 9.761037778789257713e-01 0.000000000000000000e+00 6.827492034592626399e-04 0.000000000000000000e+00
1.350000000000000000e+04 5.399979009465760704e-02 2.127901684114701791e-02 9.778106508875740177e-01 0.000000000000000000e+00 9.103322712790168532e-04 0.000000000000000000e+00
1.375000000000000000e+04 5.499978620752155045e-02 1.991351843422849502e-02 9.795175238962221531e-01 0.000000000000000000e+00 5.689576695493854790e-04 0.000000000000000000e+00
1.400000000000000000e+04 5.599978232038571591e-02 1.934456076467910846e-02 9.797451069640418231e-01 0.000000000000000000e+00 9.103322712790168532e-04 0.000000000000000000e+00
1.425000000000000000e+04 5.699977843324965932e-02 1.843422849340009204e-02 9.800864815657714946e-01 0.000000000000000000e+00 1.479289940828402332e-03 0.000000000000000000e+00
1.450000000000000000e+04 5.799977454611382477e-02 2.059626763768775473e-02 9.784934000910332497e-01 0.000000000000000000e+00 9.103322712790168532e-04 0.000000000000000000e+00
1.475000000000000000e+04 5.899977065897776818e-02 2.674101046882111990e-02 9.723486572598998290e-01 0.000000000000000000e+00 9.103322712790168532e-04 0.000000000000000000e+00
1.500000000000000000e+04 5.999976677184171159e-02 2.571688666363222686e-02 9.732589895311788419e-01 0.000000000000000000e+00 1.024123805188893906e-03 0.000000000000000000e+00
1.525000000000000000e+04 6.099976288470587704e-02 2.514792899408284030e-02 9.730314064633591720e-01 0.000000000000000000e+00 1.820664542558033706e-03 0.000000000000000000e+00
1.550000000000000000e+04 6.199975899756982045e-02 2.389622212107419055e-02 9.741693218024578549e-01 0.000000000000000000e+00 1.934456076467910759e-03 0.000000000000000000e+00
1.575000000000000000e+04 6.299975511043398591e-02 3.345471096950387163e-02 9.646108329540282744e-01 0.000000000000000000e+00 1.934456076467910759e-03 0.000000000000000000e+00
1.600000000000000000e+04 6.399975122329792931e-02 3.550295857988165771e-02 9.621074192080109055e-01 0.000000000000000000e+00 2.389622212107419402e-03 0.000000000000000000e+00
1.625000000000000000e+04 6.499974733616187272e-02 2.628584433318160996e-02 9.721210741920801590e-01 0.000000000000000000e+00 1.593081474738279385e-03 0.000000000000000000e+00
1.650000000000000000e+04 6.599974344902603818e-02 4.085116067364587961e-02 9.567592171142467183e-01 0.000000000000000000e+00 2.389622212107419402e-03 0.000000000000000000e+00
1.675000000000000000e+04 6.699973956188998159e-02 3.664087391898043083e-02 9.621074192080109055e-01 0.000000000000000000e+00 1.251706873008648227e-03 0.000000000000000000e+00
1.700000000000000000e+04 6.799973567475414704e-02 4.722348657259899801e-02 9.499317250796540657e-01 0.000000000000000000e+00 2.844788347746927612e-03 0.000000000000000000e+00
1.725000000000000000e+04 6.899973178761809045e-02 5.587164314974965573e-02 9.393491124260354708e-01 0.000000000000000000e+00 4.779244424214838804e-03 0.000000000000000000e+00
1.750000000000000000e+04 6.999972790048203386e-02 4.642694583522986168e-02 9.505006827492034072e-01 0.000000000000000000e+00 3.072371415566681717e-03 0.000000000000000000e+00
1.775000000000000000e+04 7.099972401334619931e-02 5.826126536185707860e-02 9.388939462903960198e-01 0.000000000000000000e+00 2.844788347746927612e-03 0.000000000000000000e+00
1.800000000000000000e+04 7.199972012621014272e-02 6.076467910787437116e-02 9.330905780609922706e-01 0.000000000000000000e+00 6.144742831133363434e-03 0.000000000000000000e+00
1.825000000000000000e+04 7.299971623907408613e-02 5.109239872553481693e-02 9.437869822485207560e-01 0.000000000000000000e+00 5.120619025944469528e-03 0.000000000000000000e+00
1.850000000000000000e+04 7.399971235193825159e-02 6.770596267637687959e-02 9.279699590350477534e-01 0.000000000000000000e+00 4.324078288575329727e-03 0.000000000000000000e+00
1.875000000000000000e+04 7.499970846480219500e-02 6.804733727810650945e-02 9.228493400091033472e-01 0.000000000000000000e+00 9.103322712790167665e-03 0.000000000000000000e+00
1.900000000000000000e+04 7.599970457766636045e-02 8.170232134729175921e-02 9.121529358215748617e-01 0.000000000000000000e+00 6.144742831133363434e-03 0.000000000000000000e+00
1.925000000000000000e+04 7.699970069053030386e-02 8.841602184797450747e-02 9.045289030496130867e-01 0.000000000000000000e+00 7.055075102412380721e-03 0.000000000000000000e+00
1.950000000000000000e+04 7.799969680339424727e-02 9.217114246700044977e-02 8.917842512517069054e-01 0.000000000000000000e+00 1.604460628129267263e-02 0.000000000000000000e+00
1.975000000000000000e+04 7.899969291625841272e-02 1.042330450614474269e-01 8.819981793354574329e-01 1.137915339098771066e-04 1.365498406918525323e-02 0.000000000000000000e+00
2.000000000000000000e+04 7.999968902912235613e-02 9.797451069640418508e-02 8.903049613108784399e-01 0.000000000000000000e+00 1.172052799271734204e-02 0.000000000000000000e+00
2.025000000000000000e+04 8.099968514198652159e-02 1.321119708693673234e-01 8.477469276285843902e-01 0.000000000000000000e+00 2.014110150204824826e-02 0.000000000000000000e+00
2.050000000000000000e+04 8.199968125485046500e-02 1.417842512517068776e-01 8.237369139736003820e-01 3.413746017296313199e-04 3.413746017296313134e-02 0.000000000000000000e+00
2.075000000000000000e+04 8.299967736771440840e-02 1.714838416021848000e-01 7.725307237141556538e-01 1.593081474738279385e-03 5.439235320892125969e-02 0.000000000000000000e+00
2.100000000000000000e+04 8.399967348057857386e-02 1.797906235776058348e-01 7.406690942193900895e-01 6.941283568502503235e-03 7.259899863450158808e-02 0.000000000000000000e+00
2.125000000000000000e+04 8.499966959344251727e-02 2.016385980883022289e-01 6.785389167045972059e-01 1.422394173873463806e-02 1.055985434683659602e-01 0.000000000000000000e+00
2.150000000000000000e+04 8.599966570630668272e-02 2.179107874374146547e-01 6.129949931725079404e-01 4.745106964041875125e-02 1.216431497496586189e-01 0.000000000000000000e+00
2.175000000000000000e+04 8.699966181917062613e-02 1.696631770596267741e-01 6.533909877105142927e-01 1.239189804278561652e-01 5.302685480200273332e-02 0.000000000000000000e+00
2.200000000000000000e+04 8.799965793203456954e-02 1.185707783340919502e-01 6.986800182066453813e-01 1.590805644060081792e-01 2.366863905325443732e-02 0.000000000000000000e+00
2.225000000000000000e+04 8.899965404489873499e-02 1.029813381884387841e-01 6.629494765589439842e-01 2.146108329540282189e-01 1.945835229858898507e-02 0.000000000000000000e+00
2.250000000000000000e+04 8.999965015776267840e-02 8.375056895766955223e-02 6.800182066454255603e-01 2.300864815657714946e-01 6.144742831133363434e-03 0.000000000000000000e+00
2.275000000000000000e+04 9.099964627062684386e-02 8.079198907601274626e-02 7.289485662266727006e-01 1.853664087391898030e-01 4.893035958124715423e-03 0.000000000000000000e+00
2.300000000000000000e+04 9.199964238349078727e-02 2.605826126536185672e-02 8.291989076012744597e-01 1.441738734638143005e-01 5.689576695493854790e-04 0.000000000000000000e+00
2.325000000000000000e+04 9.299963849635473068e-02 1.536185707783340945e-02 8.364815657715065633e-01 1.481565771506599960e-01 0.000000000000000000e+00 0.000000000000000000e+00
2.350000000000000000e+04 9.399963460921889613e-02 1.558944014565316269e-02 8.365953573054164538e-01 1.475876194811105990e-01 2.275830678197542133e-04 0.000000000000000000e+00
2.375000000000000000e+04 9.499963072208283954e-02 1.433773327264451468e-02 8.390987710514338227e-01 1.464497041420118328e-01 1.137915339098771066e-04 0.000000000000000000e+00
2.400000000000000000e+04 9.599962683494678295e-02 1.684114701866181243e-02 8.352298588984979899e-01 1.477014110150204895e-01 2.275830678197542133e-04 0.000000000000000000e+00
2.425000000000000000e+04 9.699962294781094840e-02 1.661356395084205573e-02 8.361401911697770029e-01 1.467910787437414766e-01 4.551661356395084266e-04 0.000000000000000000e+00
2.450000000000000000e+04 9.799961906067489181e-02 1.695493855257168905e-02 8.352298588984979899e-01 1.475876194811105990e-01 2.275830678197542133e-04 0.000000000000000000e+00
2.475000000000000000e+04 9.899961517353905727e-02 1.695493855257168905e-02 8.344333181611288675e-01 1.484979517523896120e-01 1.137915339098771066e-04 0.000000000000000000e+00
2.500000000000000000e+04 9.999961128640300068e-02 1.854802002730996865e-02 8.343195266272189770e-01 1.466772872098315861e-01 4.551661356395084266e-04 0.000000000000000000e+00
2.525000000000000000e+04 1.009996073992669441e-01 1.524806554392353283e-02 8.364815657715065633e-01 1.480427856167501055e-01 2.275830678197542133e-04 0.000000000000000000e+00
2.550000000000000000e+04 1.019996035121311095e-01 2.105143377332726468e-02 8.318161128812016081e-01 1.467910787437414766e-01 3.413746017296313199e-04 0.000000000000000000e+00
2.575000000000000000e+04 1.029995996249950529e-01 1.558944014565316269e-02 8.362539827036868934e-01 1.479289940828402428e-01 2.275830678197542133e-04 0.000000000000000000e+00
2.600000000000000000e+04 1.039995957378592184e-01 1.979972690031861493e-02 8.321574874829312796e-01 1.474738279472007363e-01 5.689576695493854790e-04 0.000000000000000000e+00
2.625000000000000000e+04 1.049995918507231618e-01 1.775147928994082885e-02 8.346609012289485374e-01 1.471324533454710926e-01 4.551661356395084266e-04 0.000000000000000000e+00
2.650000000000000000e+04 1.059995879635871052e-01 1.979972690031861493e-02 8.334091943559399640e-01 1.464497041420118328e-01 3.413746017296313199e-04 0.000000000000000000e+00
2.675000000000000000e+04 1.069995840764512707e-01 2.218934911242603433e-02 8.309057806099225951e-01 1.465634956759217233e-01 3.413746017296313199e-04 0.000000000000000000e+00
2.700000000000000000e+04 1.079995801893152141e-01 1.832043695949021542e-02 8.337505689576695245e-01 1.474738279472007363e-01 4.551661356395084266e-04 0.000000000000000000e+00
2.725000000000000000e+04 1.089995763021793795e-01 2.867546654528902936e-02 8.247610377787892855e-01 1.458807464724624359e-01 6.827492034592626399e-04 0.000000000000000000e+00
2.750000000000000000e+04 1.099995724150433229e-01 2.218934911242603433e-02 8.303368229403732537e-01 1.470186618115612298e-01 4.551661356395084266e-04 0.000000000000000000e+00
2.775000000000000000e+04 1.109995685279072664e-01 2.537551206190259354e-02 8.284023668639053373e-01 1.458807464724624359e-01 3.413746017296313199e-04 0.000000000000000000e+00
2.800000000000000000e+04 1.119995646407714318e-01 3.072371415566681890e-02 8.225989986345015881e-01 1.459945380063723264e-01 6.827492034592626399e-04 0.000000000000000000e+00
2.825000000000000000e+04 1.129995607536353752e-01 2.594446973145198010e-02 8.270368684569867623e-01 1.458807464724624359e-01 1.137915339098770958e-03 0.000000000000000000e+00
2.850000000000000000e+04 1.139995568664993186e-01 3.208921256258534527e-02 8.206645425580336717e-01 1.458807464724624359e-01 1.365498406918525280e-03 0.000000000000000000e+00
2.875000000000000000e+04 1.149995529793634841e-01 3.208921256258534527e-02 8.208921256258534527e-01 1.459945380063723264e-01 1.024123805188893906e-03 0.000000000000000000e+00
2.900000000000000000e+04 1.159995490922274275e-01 3.311333636777423484e-02 8.197542102867546587e-01 1.463359126081019701e-01 7.965407373691396923e-04 0.000000000000000000e+00
2.925000000000000000e+04 1.169995452050915929e-01 3.470641784251251444e-02 8.172507965407374009e-01 1.465634956759217233e-01 1.479289940828402332e-03 0.000000000000000000e+00
2.950000000000000000e+04 1.179995413179555364e-01 3.436504324078288458e-02 8.180473372781065233e-01 1.464497041420118328e-01 1.137915339098770958e-03 0.000000000000000000e+00
2.975000000000000000e+04 1.189995374308194798e-01 3.652708238507055422e-02 8.163404642694583879e-01 1.462221210741920796e-01 9.103322712790168532e-04 0.000000000000000000e+00
3.000000000000000000e+04 1.199995335436836452e-01 3.311333636777423484e-02 8.203231679563040002e-01 1.451979972690031762e-01 1.365498406918525280e-03 0.000000000000000000e+00
3.025000000000000000e+04 1.209995296565475886e-01 4.517523896222121194e-02 8.081474738279471604e-01 1.454255803368229294e-01 1.251706873008648227e-03 0.000000000000000000e+00
3.050000000000000000e+04 1.219995257694117541e-01 4.745106964041875125e-02 8.064406008192990249e-01 1.440600819299044100e-01 2.048247610377787811e-03 0.000000000000000000e+00
3.075000000000000000e+04 1.229995218822756975e-01 4.358215748748293233e-02 8.100819299044150767e-01 1.449704142011834229e-01 1.365498406918525280e-03 0.000000000000000000e+00
3.100000000000000000e+04 1.239995179951396409e-01 4.767865270823850449e-02 8.045061447428311086e-01 1.462221210741920796e-01 1.593081474738279385e-03 0.000000000000000000e+00
3.125000000000000000e+04 1.249995141080038064e-01 4.426490669094219205e-02 8.088302230314065033e-01 1.448566226672735602e-01 2.048247610377787811e-03 0.000000000000000000e+00
3.150000000000000000e+04 1.259995102208677498e-01 5.302685480200273332e-02 7.990441511151570309e-01 1.457669549385525731e-01 2.162039144287664864e-03 0.000000000000000000e+00
3.175000000000000000e+04 1.269995063337319152e-01 5.109239872553481693e-02 8.009786071916249472e-01 1.449704142011834229e-01 2.958579881656804664e-03 0.000000000000000000e+00
3.200000000000000000e+04 1.279995024465958586e-01 6.520254893035958010e-02 7.867546654528903005e-01 1.447428311333636697e-01 3.299954483386436255e-03 0.000000000000000000e+00
3.225000000000000000e+04 1.289994985594598020e-01 7.214383249886208160e-02 7.773099681383704995e-01 1.466772872098315861e-01 3.868912152935821518e-03 0.000000000000000000e+00
3.250000000000000000e+04 1.299994946723239675e-01 7.339553937187073829e-02 7.789030496131087444e-01 1.432635411925352875e-01 4.437869822485207214e-03 0.000000000000000000e+00
3.275000000000000000e+04 1.309994907851879109e-01 6.929904415111515226e-02 7.815202548930360038e-01 1.448566226672735602e-01 4.324078288575329727e-03 0.000000000000000000e+00
3.300000000000000000e+04 1.319994868980520764e-01 8.340919435593992237e-02 7.672963131543013571e-01 1.436049157942649035e-01 5.689576695493855224e-03 0.000000000000000000e+00
3.325000000000000000e+04 1.329994830109160198e-01 9.069185252617205373e-02 7.577378243058716656e-01 1.439462903959945472e-01 7.624032771961766417e-03 0.000000000000000000e+00
3.350000000000000000e+04 1.339994791237799632e-01 1.148156577150659940e-01 7.302002730996813851e-01 1.428083750568957533e-01 1.217569412835685025e-02 0.000000000000000000e+00
3.375000000000000000e+04 1.349994752366441286e-01 1.208466090122894826e-01 7.292899408284023721e-01 1.424670004551661373e-01 7.396449704142011444e-03 0.000000000000000000e+00
3.400000000000000000e+04 1.359994713495080720e-01 1.286982248520709970e-01 6.948111060537096595e-01 1.585116067364588099e-01 1.797906235776058209e-02 0.000000000000000000e+00
3.425000000000000000e+04 1.369994674623720154e-01 1.560081929904415243e-01 6.037778789258079204e-01 2.064178425125170746e-01 3.379608557123350149e-02 0.000000000000000000e+00
3.450000000000000000e+04 1.379994635752361809e-01 1.186845698680018268e-01 5.823850705507510606e-01 2.738962221210741732e-01 2.503413746017296368e-02 0.000000000000000000e+00
3.475000000000000000e+04 1.389994596881001243e-01 1.248293126991351781e-01 4.868001820664542567e-01 3.519572143832498945e-01 3.641329085116067066e-02 0.000000000000000000e+00
3.500000000000000000e+04 1.399994558009642898e-01 1.206190259444697294e-01 4.412835685025033872e-01 3.984979517523896120e-01 3.959945380063722986e-02 0.000000000000000000e+00
3.525000000000000000e+04 1.409994519138282332e-01 1.167501137915339104e-01 4.246700045516613731e-01 4.046426945835229771e-01 5.393718707328174627e-02 0.000000000000000000e+00
3.550000000000000000e+04 1.419994480266921766e-01 1.290395994538006408e-01 4.233045061447428536e-01 4.079426490669094130e-01 3.971324533454710648e-02 0.000000000000000000e+00
3.575000000000000000e+04 1.429994441395563420e-01 1.373463814292216756e-01 4.102184797451069453e-01 4.017979062357760478e-01 5.063723258989531045e-02 0.000000000000000000e+00
3.600000000000000000e+04 1.439994402524202854e-01 1.315430131998179264e-01 4.203459262630860338e-01 4.069185252617205095e-01 4.119253527537550946e-02 0.000000000000000000e+00
3.625000000000000000e+04 1.449994363652844509e-01 1.276741010468821214e-01 4.164770141101502010e-01 4.035047792444242387e-01 5.234410559854346667e-02 0.000000000000000000e+00
3.650000000000000000e+04 1.459994324781483943e-01 1.423532089212562468e-01 4.088529813381884259e-01 3.949704142011834507e-01 5.382339553937186966e-02 0.000000000000000000e+00
3.675000000000000000e+04 1.469994285910123377e-01 1.316568047337278169e-01 4.131770596267637652e-01 3.999772416932180219e-01 5.518889394629039602e-02 0.000000000000000000e+00
3.700000000000000000e+04 1.479994247038765032e-01 1.429221665908056438e-01 4.045289030496130867e-01 3.979289940828402150e-01 5.461993627674101293e-02 0.000000000000000000e+00
3.725000000000000000e+04 1.489994208167404466e-01 1.348429676832043622e-01 4.103322712790168358e-01 4.012289485662266508e-01 5.359581247155211642e-02 0.000000000000000000e+00
3.750000000000000000e+04 1.499994169296046120e-01 1.412152935821574806e-01 4.004324078288575284e-01 4.016841147018661573e-01 5.666818388711879900e-02 0.000000000000000000e+00
3.775000000000000000e+04 1.509994130424685554e-01 1.455393718707328199e-01 4.065771506599908935e-01 4.008875739644970349e-01 4.699590350477924477e-02 0.000000000000000000e+00
3.800000000000000000e+04 1.519994091553324989e-01 1.393946290395994547e-01 4.016841147018661573e-01 4.000910332271279124e-01 5.883022303140646170e-02 0.000000000000000000e+00
3.825000000000000000e+04 1.529994052681966643e-01 1.340464269458352398e-01 4.128356850250341492e-01 4.013427401001365413e-01 5.177514792899408358e-02 0.000000000000000000e+00
3.850000000000000000e+04 1.539994013810606077e-01 1.514565316340464318e-01 3.991807009558488994e-01 4.002048247610378029e-01 4.915794264906690747e-02 0.000000000000000000e+00
3.875000000000000000e+04 1.549993974939247732e-01 1.546426945835229771e-01 3.959945380063722986e-01 4.035047792444242387e-01 4.585798816568047165e-02 0.000000000000000000e+00
3.900000000000000000e+04 1.559993936067887166e-01 1.573736913973600438e-01 3.986117432862995025e-01 4.027082385070550608e-01 4.130632680928538608e-02 0.000000000000000000e+00
3.925000000000000000e+04 1.569993897196526600e-01 1.552116522530723741e-01 3.896222121074192080e-01 4.031634046426945672e-01 5.200273099681383682e-02 0.000000000000000000e+00
3.950000000000000000e+04 1.579993858325168254e-01 1.548702776513427304e-01 3.978152025489303800e-01 3.995220755575785154e-01 4.779244424214838111e-02 0.000000000000000000e+00
3.975000000000000000e+04 1.589993819453807689e-01 1.560081929904415243e-01 3.920118343195266308e-01 4.053254437869822646e-01 4.665452890304961492e-02 0.000000000000000000e+00
4.000000000000000000e+04 1.599993780582447123e-01 1.659080564406008318e-01 3.855257168866636497e-01 3.994082840236686249e-01 4.915794264906690747e-02 0.000000000000000000e+00
4.025000000000000000e+04 1.609993741711088777e-01 1.649977241693217911e-01 3.855257168866636497e-01 3.995220755575785154e-01 4.995448338643605074e-02 0.000000000000000000e+00
4.050000000000000000e+04 1.619993702839728211e-01 1.694355939918070209e-01 3.874601729631315661e-01 3.942876649977241632e-01 4.881656804733727761e-02 0.000000000000000000e+00
4.075000000000000000e+04 1.629993663968369866e-01 1.679563040509786109e-01 3.872325898953117851e-01 3.966772872098315861e-01 4.813381884387801790e-02 0.000000000000000000e+00
4.100000000000000000e+04 1.639993625097009300e-01 1.802457897132453413e-01 3.763086026399635742e-01 3.924670004551661373e-01 5.097860719162494031e-02 0.000000000000000000e+00
4.125000000000000000e+04 1.649993586225648734e-01 1.672735548475193512e-01 3.785844333181611066e-01 3.991807009558488994e-01 5.496131087847064278e-02 0.000000000000000000e+00
4.150000000000000000e+04 1.659993547354290389e-01 1.677287209831588577e-01 3.813154301319982009e-01 3.946290395994537792e-01 5.632680928538916915e-02 0.000000000000000000e+00
4.175000000000000000e+04 1.669993508482929823e-01 1.843422849340008995e-01 3.757396449704141772e-01 3.984979517523896120e-01 4.142011834319526964e-02 0.000000000000000000e+00
4.200000000000000000e+04 1.679993469611571477e-01 1.767182521620391522e-01 3.815430131998179264e-01 3.934911242603550408e-01 4.824761037778789452e-02 0.000000000000000000e+00
4.225000000000000000e+04 1.689993430740210911e-01 1.789940828402366846e-01 3.747155211652253293e-01 3.933773327264451503e-01 5.291306326809285671e-02 0.000000000000000000e+00
4.250000000000000000e+04 1.699993391868850345e-01 1.920801092398725651e-01 3.612881201638598050e-01 3.873463814292216756e-01 5.928538916704597511e-02 0.000000000000000000e+00
4.275000000000000000e+04 1.709993352997492000e-01 1.783113336367774249e-01 3.697086936731907025e-01 3.938324988620846567e-01 5.814747382794720199e-02 0.000000000000000000e+00
4.300000000000000000e+04 1.719993314126131434e-01 1.835457441966317771e-01 3.755120619025944517e-01 3.917842512517068498e-01 4.915794264906690747e-02 0.000000000000000000e+00
4.325000000000000000e+04 1.729993275254773089e-01 1.921939007737824279e-01 3.601502048247610110e-01 3.921256258534365213e-01 5.553026854802002588e-02 0.000000000000000000e+00
4.350000000000000000e+04 1.739993236383412523e-01 2.038006372325898985e-01 3.542330450614474269e-01 3.881429221665907980e-01 5.382339553937186966e-02 0.000000000000000000e+00
4.375000000000000000e+04 1.749993197512051957e-01 1.999317250796540657e-01 3.516158397815202785e-01 3.907601274465180019e-01 5.769230769230769551e-02 0.000000000000000000e+00
4.400000000000000000e+04 1.759993158640693611e-01 2.156349567592171224e-01 3.453573054164770229e-01 3.832498862084661173e-01 5.575785161583977911e-02 0.000000000000000000e+00
4.425000000000000000e+04 1.769993119769333045e-01 2.204142011834319403e-01 3.398953117888028896e-01 3.826809285389167203e-01 5.700955848884842886e-02 0.000000000000000000e+00
4.450000000000000000e+04 1.779993080897972479e-01 2.275830678197542090e-01 3.363677742375967283e-01 3.849567592171142527e-01 5.109239872553481693e-02 0.000000000000000000e+00
4.475000000000000000e+04 1.789993042026614134e-01 2.340691852526172179e-01 3.243058716431497235e-01 3.829085116067364458e-01 5.871643149749658508e-02 0.000000000000000000e+00
4.500000000000000000e+04 1.799993003155253568e-01 2.331588529813381772e-01 3.230541647701410946e-01 3.862084660901228816e-01 5.757851615839781195e-02 0.000000000000000000e+00
4.525000000000000000e+04 1.809992964283895223e-01 2.254210286754665393e-01 3.243058716431497235e-01 3.833636777423759523e-01 6.690942193900774326e-02 0.000000000000000000e+00
4.550000000000000000e+04 1.819992925412534657e-01 2.490896677287209870e-01 3.126991351843422806e-01 3.759672280382339582e-01 6.224396904870277414e-02 0.000000000000000000e+00
4.575000000000000000e+04 1.829992886541174091e-01 2.448793809740555383e-01 3.095129722348657353e-01 3.717569412835685094e-01 7.385070550751024476e-02 0.000000000000000000e+00
4.600000000000000000e+04 1.839992847669815745e-01 2.488620846609012338e-01 2.982476103777879084e-01 3.843878015475648557e-01 6.850250341374601593e-02 0.000000000000000000e+00
4.625000000000000000e+04 1.849992808798455179e-01 2.484069185252617273e-01 2.762858443331815961e-01 4.039599453800637452e-01 7.134729176149294527e-02 0.000000000000000000e+00
4.650000000000000000e+04 1.859992769927096834e-01 2.494310423304506030e-01 2.723031406463359283e-01 4.016841147018661573e-01 7.658170232134729749e-02 0.000000000000000000e+00
4.675000000000000000e+04 1.869992731055736268e-01 2.490896677287209870e-01 2.647928994082840437e-01 4.085116067364588099e-01 7.760582612653618706e-02 0.000000000000000000e+00
4.700000000000000000e+04 1.879992692184375702e-01 2.532999544833864358e-01 2.679790623577605890e-01 4.025944469731451703e-01 7.612653618570777714e-02 0.000000000000000000e+00
4.725000000000000000e+04 1.889992653313017357e-01 2.718479745106964218e-01 2.644515248065543722e-01 3.969048702776513671e-01 6.679563040509786664e-02 0.000000000000000000e+00
4.750000000000000000e+04 1.899992614441656791e-01 2.727583067819754348e-01 2.627446517979062368e-01 3.947428311333636697e-01 6.975421028675465873e-02 0.000000000000000000e+00
4.775000000000000000e+04 1.909992575570298445e-01 2.860719162494310686e-01 2.580791989076012816e-01 3.863222576240327721e-01 6.952662721893490549e-02 0.000000000000000000e+00
4.800000000000000000e+04 1.919992536698937879e-01 2.878925807919890945e-01 2.596722803823395265e-01 3.815430131998179264e-01 7.089212562585343880e-02 0.000000000000000000e+00
4.825000000000000000e+04 1.929992497827577314e-01 2.990441511151570309e-01 2.495448338643604935e-01 3.814292216659080359e-01 6.998179335457442585e-02 0.000000000000000000e+00
4.850000000000000000e+04 1.939992458956218968e-01 3.144060081929904160e-01 2.361174328629949970e-01 3.634501593081474469e-01 8.602639963586708460e-02 0.000000000000000000e+00
4.875000000000000000e+04 1.949992420084858402e-01 3.212335002275830687e-01 2.296313154301319881e-01 3.608329540282202985e-01 8.830223031406463086e-02 0.000000000000000000e+00
4.900000000000000000e+04 1.959992381213500057e-01 3.249886208466090110e-01 2.218934911242603503e-01 3.619708693673190925e-01 9.114701866181156020e-02 0.000000000000000000e+00
4.925000000000000000e+04 1.969992342342139491e-01 3.124715521165225551e-01 2.088074647246244975e-01 3.798361401911697910e-01 9.888484296768319803e-02 0.000000000000000000e+00
4.950000000000000000e+04 1.979992303470778925e-01 3.171370050068275104e-01 2.039144287664997612e-01 4.043013199817933612e-01 7.464724624487938109e-02 0.000000000000000000e+00
4.975000000000000000e+04 1.989992264599420579e-01 3.236231224396904915e-01 1.873008648156577194e-01 4.036185707783340737e-01 8.545744196631770151e-02 0.000000000000000000e+00
5.000000000000000000e+04 1.999992225728060014e-01 3.236231224396904915e-01 1.826354119253527641e-01 4.105598543468366168e-01 8.318161128812016913e-02 0.000000000000000000e+00
5.025000000000000000e+04 2.009992186856699448e-01 3.239644970414201075e-01 1.771734182976786587e-01 4.134046426945835462e-01 8.545744196631770151e-02 0.000000000000000000e+00
5.050000000000000000e+04 2.019992147985341102e-01 3.224852071005916976e-01 1.766044606281292617e-01 4.099908966772872199e-01 9.091943559399180697e-02 0.000000000000000000e+00
5.075000000000000000e+04 2.029992109113980536e-01 3.230541647701410946e-01 1.729631315430132099e-01 4.123805188893946427e-01 9.160218479745106668e-02 0.000000000000000000e+00
5.100000000000000000e+04 2.039992070242622191e-01 3.200955848884842747e-01 1.652253072371415443e-01 4.192080109239872399e-01 9.547109695038688559e-02 0.000000000000000000e+00
5.125000000000000000e+04 2.049992031371261625e-01 3.360263996358671124e-01 1.586253982703686727e-01 4.157942649066909691e-01 8.955393718707328754e-02 0.000000000000000000e+00
5.150000000000000000e+04 2.059991992499901059e-01 3.346609012289485929e-01 1.502048247610377751e-01 4.161356395084205850e-01 9.899863450159307465e-02 0.000000000000000000e+00
5.175000000000000000e+04 2.069991953628542714e-01 3.378470641784251383e-01 1.434911242603550408e-01 4.186390532544378429e-01 1.000227583067819781e-01 0.000000000000000000e+00
5.200000000000000000e+04 2.079991914757182148e-01 3.372781065088757413e-01 1.258534365043240677e-01 4.200045516613564178e-01 1.168639053254437871e-01 0.000000000000000000e+00
5.225000000000000000e+04 2.089991875885823802e-01 3.387573964497041512e-01 1.187983614019117035e-01 4.151115157032316816e-01 1.273327264451524776e-01 0.000000000000000000e+00
5.250000000000000000e+04 2.099991837014463236e-01 3.326126536185707860e-01 1.132225762403277214e-01 4.258079198907601115e-01 1.283568502503413811e-01 0.000000000000000000e+00
5.275000000000000000e+04 2.109991798143102670e-01 3.406918525261720676e-01 1.128812016385980915e-01 4.297906235776058348e-01 1.166363222576240338e-01 0.000000000000000000e+00
5.300000000000000000e+04 2.119991759271744325e-01 3.359126081019572219e-01 1.157259899863450209e-01 4.406008192990441552e-01 1.077605826126536159e-01 0.000000000000000000e+00
5.325000000000000000e+04 2.129991720400383759e-01 3.401228948566226706e-01 1.107191624943104219e-01 4.395766954938552518e-01 1.095812471552116557e-01 0.000000000000000000e+00
5.350000000000000000e+04 2.139991681529025414e-01 3.418297678652708060e-01 1.101502048247610388e-01 4.434456076467910846e-01 1.045744196631770567e-01 0.000000000000000000e+00
5.375000000000000000e+04 2.149991642657664848e-01 3.212335002275830687e-01 1.114019116977696816e-01 4.467455621301775204e-01 1.206190259444697294e-01 0.000000000000000000e+00
5.400000000000000000e+04 2.159991603786304282e-01 3.131543013199817871e-01 1.081019572143832458e-01 4.508420573509330787e-01 1.279016841147018746e-01 0.000000000000000000e+00
5.425000000000000000e+04 2.169991564914945936e-01 3.219162494310423561e-01 1.065088757396449731e-01 4.406008192990441552e-01 1.309740555302685572e-01 0.000000000000000000e+00
5.450000000000000000e+04 2.179991526043585370e-01 3.114474283113336517e-01 1.065088757396449731e-01 4.391215293582157453e-01 1.429221665908056438e-01 0.000000000000000000e+00
5.475000000000000000e+04 2.189991487172224804e-01 3.194128356850250428e-01 1.029813381884387841e-01 4.435593991807009751e-01 1.340464269458352398e-01 0.000000000000000000e+00
5.500000000000000000e+04 2.199991448300866459e-01 3.072371415566682029e-01 1.051433773327264398e-01 4.467455621301775204e-01 1.408739189804278646e-01 0.000000000000000000e+00
5.525000000000000000e+04 2.209991409429505893e-01 3.109922621756941452e-01 1.030951297223486607e-01 4.425352753755120716e-01 1.433773327264451503e-01 0.000000000000000000e+00
5.550000000000000000e+04 2.219991370558147548e-01 3.060992262175694090e-01 1.062812926718252199e-01 4.633591260810195900e-01 1.242603550295857950e-01 0.000000000000000000e+00
5.575000000000000000e+04 2.229991331686786982e-01 2.888029130632681074e-01 1.108329540282202985e-01 4.705279927173418031e-01 1.298361401911697632e-01 0.000000000000000000e+00
5.600000000000000000e+04 2.239991292815426416e-01 3.080336822940373254e-01 1.079881656804733692e-01 4.591488393263541412e-01 1.248293126991351781e-01 0.000000000000000000e+00
5.625000000000000000e+04 2.249991253944068070e-01 3.029130632680928636e-01 1.091260810195721492e-01 4.728038233955393910e-01 1.151570323167956239e-01 0.000000000000000000e+00
5.650000000000000000e+04 2.259991215072707504e-01 3.030268548020027541e-01 1.084433318161128756e-01 4.707555757851615841e-01 1.177742375967228000e-01 0.000000000000000000e+00
5.675000000000000000e+04 2.269991176201349159e-01 3.065543923532089154e-01 1.142467000455166110e-01 4.685935366408739422e-01 1.106053709604005453e-01 0.000000000000000000e+00
