# itime ezz other fcc hcp bcc ico
0.000000000000000000e+00 0.000000000000000000e+00 0.000000000000000000e+00 1.000000000000000000e+00 0.000000000000000000e+00 0.000000000000000000e+00 0.000000000000000000e+00
3.000000000000000000e+00 1.200017857195589954e-03 0.000000000000000000e+00 1.000000000000000000e+00 0.000000000000000000e+00 0.000000000000000000e+00 0.000000000000000000e+00
6.000000000000000000e+00 2.400035714391401953e-03 0.000000000000000000e+00 1.000000000000000000e+00 0.000000000000000000e+00 0.000000000000000000e+00 0.000000000000000000e+00
9.000000000000000000e+00 3.600053571586991907e-03 0.000000000000000000e+00 1.000000000000000000e+00 0.000000000000000000e+00 0.000000000000000000e+00 0.000000000000000000e+00
1.200000000000000000e+01 4.800071428782581862e-03 0.000000000000000000e+00 1.000000000000000000e+00 0.000000000000000000e+00 0.000000000000000000e+00 0.000000000000000000e+00
1.500000000000000000e+01 6.000089285978171816e-03 0.000000000000000000e+00 1.000000000000000000e+00 0.000000000000000000e+00 0.000000000000000000e+00 0.000000000000000000e+00
1.800000000000000000e+01 7.200107143173983815e-03 0.000000000000000000e+00 1.000000000000000000e+00 0.000000000000000000e+00 0.000000000000000000e+00 0.000000000000000000e+00
2.100000000000000000e+01 8.400125000369573769e-03 0.000000000000000000e+00 1.000000000000000000e+00 0.000000000000000000e+00 0.000000000000000000e+00 0.000000000000000000e+00
2.400000000000000000e+01 9.600142857565163723e-03 0.000000000000000000e+00 1.000000000000000000e+00 0.000000000000000000e+00 0.000000000000000000e+00 0.000000000000000000e+00
2.700000000000000000e+01 1.080016071476097572e-02 0.000000000000000000e+00 1.000000000000000000e+00 0.000000000000000000e+00 0.000000000000000000e+00 0.000000000000000000e+00
3.000000000000000000e+01 1.200017857195656568e-02 0.000000000000000000e+00 1.000000000000000000e+00 0.000000000000000000e+00 0.000000000000000000e+00 0.000000000000000000e+00
3.300000000000000000e+01 1.320019642915215563e-02 0.000000000000000000e+00 1.000000000000000000e+00 0.000000000000000000e+00 0.000000000000000000e+00 0.000000000000000000e+00
3.600000000000000000e+01 1.440021428634796763e-02 0.000000000000000000e+00 1.000000000000000000e+00 0.000000000000000000e+00 0.000000000000000000e+00 0.000000000000000000e+00
3.900000000000000000e+01 1.560023214354355758e-02 0.000000000000000000e+00 1.000000000000000000e+00 0.000000000000000000e+00 0.000000000000000000e+00 0.000000000000000000e+00
4.200000000000000000e+01 1.680025000073914754e-02 0.000000000000000000e+00 1.000000000000000000e+00 0.000000000000000000e+00 0.000000000000000000e+00 0.000000000000000000e+00
4.500000000000000000e+01 1.800026785793473749e-02 0.000000000000000000e+00 1.000000000000000000e+00 0.000000000000000000e+00 0.000000000000000000e+00 0.000000000000000000e+00
4.800000000000000000e+01 1.920028571513054949e-02 0.000000000000000000e+00 1.000000000000000000e+00 0.000000000000000000e+00 0.000000000000000000e+00 0.000000000000000000e+00
5.100000000000000000e+01 2.040030357232613945e-02 0.000000000000000000e+00 1.000000000000000000e+00 0.000000000000000000e+00 0.000000000000000000e+00 0.000000000000000000e+00
5.400000000000000000e+01 2.160032142952172940e-02 0.000000000000000000e+00 1.000000000000000000e+00 0.000000000000000000e+00 0.000000000000000000e+00 0.000000000000000000e+00
5.700000000000000000e+01 2.280033928671754140e-02 0.000000000000000000e+00 1.000000000000000000e+00 0.000000000000000000e+00 0.000000000000000000e+00 0.000000000000000000e+00
6.000000000000000000e+01 2.400035714391313135e-02 0.000000000000000000e+00 1.000000000000000000e+00 0.000000000000000000e+00 0.000000000000000000e+00 0.000000000000000000e+00
6.300000000000000000e+01 2.520037500110872131e-02 0.000000000000000000e+00 1.000000000000000000e+00 0.000000000000000000e+00 0.000000000000000000e+00 0.000000000000000000e+00
6.600000000000000000e+01 2.640039285830453331e-02 0.000000000000000000e+00 1.000000000000000000e+00 0.000000000000000000e+00 0.000000000000000000e+00 0.000000000000000000e+00
6.900000000000000000e+01 2.760041071550012326e-02 0.000000000000000000e+00 1.000000000000000000e+00 0.000000000000000000e+00 0.000000000000000000e+00 0.000000000000000000e+00
7.200000000000000000e+01 2.880042857269571321e-02 0.000000000000000000e+00 1.000000000000000000e+00 0.000000000000000000e+00 0.000000000000000000e+00 0.000000000000000000e+00
7.500000000000000000e+01 3.000044642989130317e-02 0.000000000000000000e+00 1.000000000000000000e+00 0.000000000000000000e+00 0.000000000000000000e+00 0.000000000000000000e+00
7.800000000000000000e+01 3.120046428708711517e-02 0.000000000000000000e+00 1.000000000000000000e+00 0.000000000000000000e+00 0.000000000000000000e+00 0.000000000000000000e+00
8.100000000000000000e+01 3.240048214428270512e-02 0.000000000000000000e+00 1.000000000000000000e+00 0.000000000000000000e+00 0.000000000000000000e+00 0.000000000000000000e+00
8.400000000000000000e+01 3.360050000147829508e-02 0.000000000000000000e+00 1.000000000000000000e+00 0.000000000000000000e+00 0.000000000000000000e+00 0.000000000000000000e+00
8.700000000000000000e+01 3.480051785867410707e-02 0.000000000000000000e+00 1.000000000000000000e+00 0.000000000000000000e+00 0.000000000000000000e+00 0.000000000000000000e+00
9.000000000000000000e+01 3.600053571586969703e-02 0.000000000000000000e+00 1.000000000000000000e+00 0.000000000000000000e+00 0.000000000000000000e+00 0.000000000000000000e+00
9.300000000000000000e+01 3.720055357306528698e-02 0.000000000000000000e+00 1.000000000000000000e+00 0.000000000000000000e+00 0.000000000000000000e+00 0.000000000000000000e+00
9.600000000000000000e+01 3.840057143026109898e-02 0.000000000000000000e+00 1.000000000000000000e+00 0.000000000000000000e+00 0.000000000000000000e+00 0.000000000000000000e+00
9.900000000000000000e+01 3.960058928745668894e-02 0.000000000000000000e+00 1.000000000000000000e+00 0.000000000000000000e+00 0.000000000000000000e+00 0.000000000000000000e+00
1.020000000000000000e+02 4.080060714465227889e-02 0.000000000000000000e+00 1.000000000000000000e+00 0.000000000000000000e+00 0.000000000000000000e+00 0.000000000000000000e+00
1.050000000000000000e+02 4.200062500184786884e-02 0.000000000000000000e+00 1.000000000000000000e+00 0.000000000000000000e+00 0.000000000000000000e+00 0.000000000000000000e+00
1.080000000000000000e+02 4.320064285904368084e-02 0.000000000000000000e+00 1.000000000000000000e+00 0.000000000000000000e+00 0.000000000000000000e+00 0.000000000000000000e+00
1.110000000000000000e+02 4.440066071623927080e-02 0.000000000000000000e+00 1.000000000000000000e+00 0.000000000000000000e+00 0.000000000000000000e+00 0.000000000000000000e+00
1.140000000000000000e+02 4.560067857343486075e-02 0.000000000000000000e+00 1.000000000000000000e+00 0.000000000000000000e+00 0.000000000000000000e+00 0.000000000000000000e+00
1.170000000000000000e+02 4.680069643063067275e-02 0.000000000000000000e+00 1.000000000000000000e+00 0.000000000000000000e+00 0.000000000000000000e+00 0.000000000000000000e+00
1.200000000000000000e+02 4.800071428782626271e-02 0.000000000000000000e+00 1.000000000000000000e+00 0.000000000000000000e+00 0.000000000000000000e+00 0.000000000000000000e+00
1.230000000000000000e+02 4.920073214502185266e-02 0.000000000000000000e+00 1.000000000000000000e+00 0.000000000000000000e+00 0.000000000000000000e+00 0.000000000000000000e+00
1.260000000000000000e+02 5.040075000221766466e-02 0.000000000000000000e+00 1.000000000000000000e+00 0.000000000000000000e+00 0.000000000000000000e+00 0.000000000000000000e+00
1.290000000000000000e+02 5.160076785941325461e-02 0.000000000000000000e+00 1.000000000000000000e+00 0.000000000000000000e+00 0.000000000000000000e+00 0.000000000000000000e+00
1.320000000000000000e+02 5.280078571660884457e-02 0.000000000000000000e+00 1.000000000000000000e+00 0.000000000000000000e+00 0.000000000000000000e+00 0.000000000000000000e+00
1.350000000000000000e+02 5.400080357380443452e-02 0.000000000000000000e+00 1.000000000000000000e+00 0.000000000000000000e+00 0.000000000000000000e+00 0.000000000000000000e+00
1.380000000000000000e+02 5.520082143100024652e-02 0.000000000000000000e+00 1.000000000000000000e+00 0.000000000000000000e+00 0.000000000000000000e+00 0.000000000000000000e+00
1.410000000000000000e+02 5.640083928819583647e-02 0.000000000000000000e+00 1.000000000000000000e+00 0.000000000000000000e+00 0.000000000000000000e+00 0.000000000000000000e+00
1.440000000000000000e+02 5.760085714539142643e-02 0.000000000000000000e+00 1.000000000000000000e+00 0.000000000000000000e+00 0.000000000000000000e+00 0.000000000000000000e+00
1.470000000000000000e+02 5.880087500258723843e-02 0.000000000000000000e+00 1.000000000000000000e+00 0.000000000000000000e+00 0.000000000000000000e+00 0.000000000000000000e+00
1.500000000000000000e+02 6.000089285978282838e-02 0.000000000000000000e+00 1.000000000000000000e+00 0.000000000000000000e+00 0.000000000000000000e+00 0.000000000000000000e+00
1.530000000000000000e+02 6.120091071697841834e-02 0.000000000000000000e+00 1.000000000000000000e+00 0.000000000000000000e+00 0.000000000000000000e+00 0.000000000000000000e+00
1.560000000000000000e+02 6.240092857417423033e-02 0.000000000000000000e+00 1.000000000000000000e+00 0.000000000000000000e+00 0.000000000000000000e+00 0.000000000000000000e+00
1.590000000000000000e+02 6.360094643136982029e-02 0.000000000000000000e+00 1.000000000000000000e+00 0.000000000000000000e+00 0.000000000000000000e+00 0.000000000000000000e+00
1.620000000000000000e+02 6.480096428856541024e-02 0.000000000000000000e+00 1.000000000000000000e+00 0.000000000000000000e+00 0.000000000000000000e+00 0.000000000000000000e+00
1.650000000000000000e+02 6.600098214576100020e-02 0.000000000000000000e+00 1.000000000000000000e+00 0.000000000000000000e+00 0.000000000000000000e+00 0.000000000000000000e+00
1.680000000000000000e+02 6.720100000295681220e-02 0.000000000000000000e+00 1.000000000000000000e+00 0.000000000000000000e+00 0.000000000000000000e+00 0.000000000000000000e+00
1.710000000000000000e+02 6.840101786015240215e-02 0.000000000000000000e+00 1.000000000000000000e+00 0.000000000000000000e+00 0.000000000000000000e+00 0.000000000000000000e+00
1.740000000000000000e+02 6.960103571734799210e-02 0.000000000000000000e+00 1.000000000000000000e+00 0.000000000000000000e+00 0.000000000000000000e+00 0.000000000000000000e+00
1.770000000000000000e+02 7.080105357454380410e-02 0.000000000000000000e+00 1.000000000000000000e+00 0.000000000000000000e+00 0.000000000000000000e+00 0.000000000000000000e+00
1.800000000000000000e+02 7.200107143173939406e-02 0.000000000000000000e+00 1.000000000000000000e+00 0.000000000000000000e+00 0.000000000000000000e+00 0.000000000000000000e+00
1.830000000000000000e+02 7.320108928893498401e-02 0.000000000000000000e+00 1.000000000000000000e+00 0.000000000000000000e+00 0.000000000000000000e+00 0.000000000000000000e+00
1.860000000000000000e+02 7.440110714613057397e-02 0.000000000000000000e+00 1.000000000000000000e+00 0.000000000000000000e+00 0.000000000000000000e+00 0.000000000000000000e+00
1.890000000000000000e+02 7.560112500332638596e-02 1.137915339098771066e-04 9.998862084660901095e-01 0.000000000000000000e+00 0.000000000000000000e+00 0.000000000000000000e+00
1.920000000000000000e+02 7.680114286052197592e-02 1.137915339098771066e-04 9.998862084660901095e-01 0.000000000000000000e+00 0.000000000000000000e+00 0.000000000000000000e+00
1.950000000000000000e+02 7.800116071771756587e-02 0.000000000000000000e+00 1.000000000000000000e+00 0.000000000000000000e+00 0.000000000000000000e+00 0.000000000000000000e+00
1.980000000000000000e+02 7.920117857491337787e-02 0.000000000000000000e+00 1.000000000000000000e+00 0.000000000000000000e+00 0.000000000000000000e+00 0.000000000000000000e+00
2.010000000000000000e+02 8.040119643210896783e-02 0.000000000000000000e+00 1.000000000000000000e+00 0.000000000000000000e+00 0.000000000000000000e+00 0.000000000000000000e+00
2.040000000000000000e+02 8.160121428930455778e-02 0.000000000000000000e+00 1.000000000000000000e+00 0.000000000000000000e+00 0.000000000000000000e+00 0.000000000000000000e+00
2.070000000000000000e+02 8.280123214650036978e-02 0.000000000000000000e+00 1.000000000000000000e+00 0.000000000000000000e+00 0.000000000000000000e+00 0.000000000000000000e+00
2.100000000000000000e+02 8.400125000369595973e-02 0.000000000000000000e+00 1.000000000000000000e+00 0.000000000000000000e+00 0.000000000000000000e+00 0.000000000000000000e+00
2.130000000000000000e+02 8.520126786089154969e-02 1.137915339098771066e-04 9.998862084660901095e-01 0.000000000000000000e+00 0.000000000000000000e+00 0.000000000000000000e+00
2.160000000000000000e+02 8.640128571808713964e-02 1.137915339098771066e-04 9.998862084660901095e-01 0.000000000000000000e+00 0.000000000000000000e+00 0.000000000000000000e+00
2.190000000000000000e+02 8.760130357528295164e-02 0.000000000000000000e+00 1.000000000000000000e+00 0.000000000000000000e+00 0.000000000000000000e+00 0.000000000000000000e+00
2.220000000000000000e+02 8.880132143247854160e-02 0.000000000000000000e+00 1.000000000000000000e+00 0.000000000000000000e+00 0.000000000000000000e+00 0.000000000000000000e+00
2.250000000000000000e+02 9.000133928967413155e-02 0.000000000000000000e+00 1.000000000000000000e+00 0.000000000000000000e+00 0.000000000000000000e+00 0.000000000000000000e+00
2.280000000000000000e+02 9.120135714686994355e-02 0.000000000000000000e+00 1.000000000000000000e+00 0.000000000000000000e+00 0.000000000000000000e+00 0.000000000000000000e+00
2.310000000000000000e+02 9.240137500406553350e-02 0.000000000000000000e+00 1.000000000000000000e+00 0.000000000000000000e+00 0.000000000000000000e+00 0.000000000000000000e+00
2.340000000000000000e+02 9.360139286126112346e-02 1.137915339098771066e-04 9.998862084660901095e-01 0.000000000000000000e+00 0.000000000000000000e+00 0.000000000000000000e+00
2.370000000000000000e+02 9.480141071845693546e-02 6.827492034592626399e-04 9.993172507965407680e-01 0.000000000000000000e+00 0.000000000000000000e+00 0.000000000000000000e+00
2.400000000000000000e+02 9.600142857565252541e-02 1.479289940828402332e-03 9.985207100591716456e-01 0.000000000000000000e+00 0.000000000000000000e+00 0.000000000000000000e+00
2.430000000000000000e+02 9.720144643284811536e-02 7.965407373691396923e-04 9.989758761948110966e-01 0.000000000000000000e+00 2.275830678197542133e-04 0.000000000000000000e+00
2.460000000000000000e+02 9.840146429004370532e-02 7.965407373691396923e-04 9.992034592626308775e-01 0.000000000000000000e+00 0.000000000000000000e+00 0.000000000000000000e+00
2.490000000000000000e+02 9.960148214723951732e-02 1.137915339098771066e-04 9.998862084660901095e-01 0.000000000000000000e+00 0.000000000000000000e+00 0.000000000000000000e+00
2.520000000000000000e+02 1.008015000044351073e-01 1.137915339098771066e-04 9.998862084660901095e-01 0.000000000000000000e+00 0.000000000000000000e+00 0.000000000000000000e+00
2.550000000000000000e+02 1.020015178616306972e-01 5.689576695493854790e-04 9.994310423304506585e-01 0.000000000000000000e+00 0.000000000000000000e+00 0.000000000000000000e+00
2.580000000000000000e+02 1.032015357188265092e-01 7.965407373691396923e-04 9.990896677287209870e-01 0.000000000000000000e+00 1.137915339098771066e-04 0.000000000000000000e+00
2.610000000000000000e+02 1.044015535760220992e-01 2.275830678197542133e-04 9.997724169321802190e-01 0.000000000000000000e+00 0.000000000000000000e+00 0.000000000000000000e+00
2.640000000000000000e+02 1.056015714332176891e-01 0.000000000000000000e+00 1.000000000000000000e+00 0.000000000000000000e+00 0.000000000000000000e+00 0.000000000000000000e+00
2.670000000000000000e+02 1.068015892904135011e-01 7.965407373691396923e-04 9.992034592626308775e-01 0.000000000000000000e+00 0.000000000000000000e+00 0.000000000000000000e+00
2.700000000000000000e+02 1.080016071476090911e-01 2.275830678197541916e-03 9.977241693218024121e-01 0.000000000000000000e+00 0.000000000000000000e+00 0.000000000000000000e+00
2.730000000000000000e+02 1.092016250048046810e-01 2.048247610377787811e-03 9.978379608557123026e-01 0.000000000000000000e+00 1.137915339098771066e-04 0.000000000000000000e+00
2.760000000000000000e+02 1.104016428620002710e-01 2.162039144287664864e-03 9.978379608557123026e-01 0.000000000000000000e+00 0.000000000000000000e+00 0.000000000000000000e+00
2.790000000000000000e+02 1.116016607191960830e-01 2.275830678197541916e-03 9.976103777878926326e-01 0.000000000000000000e+00 1.137915339098771066e-04 0.000000000000000000e+00
2.820000000000000000e+02 1.128016785763916729e-01 3.982703686845699004e-03 9.960172963131542767e-01 0.000000000000000000e+00 0.000000000000000000e+00 0.000000000000000000e+00
2.850000000000000000e+02 1.140016964335872629e-01 3.299954483386436255e-03 9.965862539827037292e-01 0.000000000000000000e+00 1.137915339098771066e-04 0.000000000000000000e+00
2.880000000000000000e+02 1.152017142907830749e-01 4.210286754665453109e-03 9.957897132453344957e-01 0.000000000000000000e+00 0.000000000000000000e+00 0.000000000000000000e+00
2.910000000000000000e+02 1.164017321479786649e-01 7.282658170232134826e-03 9.927173418297678964e-01 0.000000000000000000e+00 0.000000000000000000e+00 0.000000000000000000e+00
2.940000000000000000e+02 1.176017500051742548e-01 7.168866636322257339e-03 9.927173418297678964e-01 0.000000000000000000e+00 1.137915339098771066e-04 0.000000000000000000e+00
2.970000000000000000e+02 1.188017678623700668e-01 6.030951297223486815e-03 9.938552571688666903e-01 0.000000000000000000e+00 1.137915339098771066e-04 0.000000000000000000e+00
3.000000000000000000e+02 1.200017857195656568e-01 6.030951297223486815e-03 9.939690487027764698e-01 0.000000000000000000e+00 0.000000000000000000e+00 0.000000000000000000e+00
3.030000000000000000e+02 1.212018035767612467e-01 5.120619025944469528e-03 9.948793809740554828e-01 0.000000000000000000e+00 0.000000000000000000e+00 0.000000000000000000e+00
3.060000000000000000e+02 1.224018214339568367e-01 7.282658170232134826e-03 9.926035502958580059e-01 0.000000000000000000e+00 1.137915339098771066e-04 0.000000000000000000e+00
3.090000000000000000e+02 1.236018392911526487e-01 8.420573509330906217e-03 9.911242603550295405e-01 0.000000000000000000e+00 4.551661356395084266e-04 0.000000000000000000e+00
3.120000000000000000e+02 1.248018571483482386e-01 7.851615839781519654e-03 9.916932180245789930e-01 0.000000000000000000e+00 4.551661356395084266e-04 0.000000000000000000e+00
3.150000000000000000e+02 1.260018750055438286e-01 7.851615839781519654e-03 9.920345926263085534e-01 0.000000000000000000e+00 1.137915339098771066e-04 0.000000000000000000e+00
3.180000000000000000e+02 1.272018928627396406e-01 1.137915339098771045e-02 9.885070550751023921e-01 0.000000000000000000e+00 1.137915339098771066e-04 0.000000000000000000e+00
3.210000000000000000e+02 1.284019107199352305e-01 1.354119253527537488e-02 9.864588074647245852e-01 0.000000000000000000e+00 0.000000000000000000e+00 0.000000000000000000e+00
3.240000000000000000e+02 1.296019285771308205e-01 1.638598088302230249e-02 9.832726445152480954e-01 0.000000000000000000e+00 3.413746017296313199e-04 0.000000000000000000e+00
3.270000000000000000e+02 1.308019464343264104e-01 1.888939462903959851e-02 9.807692307692307265e-01 0.000000000000000000e+00 3.413746017296313199e-04 0.000000000000000000e+00
3.300000000000000000e+02 1.320019642915222224e-01 2.014110150204824826e-02 9.796313154301320436e-01 0.000000000000000000e+00 2.275830678197542133e-04 0.000000000000000000e+00
3.330000000000000000e+02 1.332019821487178124e-01 2.139280837505689453e-02 9.780382339553936877e-01 0.000000000000000000e+00 5.689576695493854790e-04 0.000000000000000000e+00
3.360000000000000000e+02 1.344020000059134023e-01 2.605826126536185672e-02 9.726900318616295005e-01 0.000000000000000000e+00 1.251706873008648227e-03 0.000000000000000000e+00
3.390000000000000000e+02 1.356020178631092143e-01 3.243058716431497512e-02 9.665452890304960798e-01 0.000000000000000000e+00 1.024123805188893906e-03 0.000000000000000000e+00
3.420000000000000000e+02 1.368020357203048043e-01 3.527537551206190447e-02 9.633591260810195900e-01 0.000000000000000000e+00 1.365498406918525280e-03 0.000000000000000000e+00
3.450000000000000000e+02 1.380020535775003943e-01 3.959945380063722986e-02 9.589212562585344157e-01 0.000000000000000000e+00 1.479289940828402332e-03 0.000000000000000000e+00
3.480000000000000000e+02 1.392020714346962063e-01 4.665452890304961492e-02 9.519799726900318726e-01 0.000000000000000000e+00 1.365498406918525280e-03 0.000000000000000000e+00
3.510000000000000000e+02 1.404020892918917962e-01 5.200273099681383682e-02 9.458352298588984519e-01 0.000000000000000000e+00 2.162039144287664864e-03 0.000000000000000000e+00
3.540000000000000000e+02 1.416021071490873862e-01 6.076467910787437116e-02 9.363905325443786509e-01 0.000000000000000000e+00 2.844788347746927612e-03 0.000000000000000000e+00
3.570000000000000000e+02 1.428021250062829761e-01 6.702321347291761988e-02 9.285389167045972059e-01 0.000000000000000000e+00 4.437869822485207214e-03 0.000000000000000000e+00
3.600000000000000000e+02 1.440021428634787881e-01 8.181611288120163583e-02 9.129494765589439842e-01 0.000000000000000000e+00 5.234410559854347014e-03 0.000000000000000000e+00
3.630000000000000000e+02 1.452021607206743781e-01 9.274010013654984674e-02 9.014565316340463763e-01 0.000000000000000000e+00 5.803368229403732710e-03 0.000000000000000000e+00
3.660000000000000000e+02 1.464021785778699680e-01 1.101502048247610388e-01 8.816568047337277614e-01 0.000000000000000000e+00 8.192990441511151245e-03 0.000000000000000000e+00
3.690000000000000000e+02 1.476021964350657800e-01 1.330223031406463363e-01 8.563950842057350687e-01 0.000000000000000000e+00 1.058261265361857065e-02 0.000000000000000000e+00
3.720000000000000000e+02 1.488022142922613700e-01 1.568047337278106468e-01 8.309057806099225951e-01 0.000000000000000000e+00 1.228948566226672687e-02 0.000000000000000000e+00
3.750000000000000000e+02 1.500022321494569599e-01 1.833181611288120239e-01 8.001820664542558248e-01 0.000000000000000000e+00 1.649977241693217911e-02 0.000000000000000000e+00
3.780000000000000000e+02 1.512022500066527719e-01 2.154073736913973691e-01 7.625170687300865113e-01 0.000000000000000000e+00 2.207555757851615771e-02 0.000000000000000000e+00
3.810000000000000000e+02 1.524022678638483619e-01 2.496586253982703563e-01 7.233727810650887324e-01 0.000000000000000000e+00 2.696859353664087314e-02 0.000000000000000000e+00
3.840000000000000000e+02 1.536022857210439518e-01 2.860719162494310686e-01 6.803595812471552318e-01 0.000000000000000000e+00 3.356850250341374825e-02 0.000000000000000000e+00
3.870000000000000000e+02 1.548023035782395418e-01 3.257851615839781334e-01 6.330223031406463363e-01 0.000000000000000000e+00 4.119253527537550946e-02 0.000000000000000000e+00
3.900000000000000000e+02 1.560023214354353538e-01 3.678880291306326766e-01 5.803368229403732537e-01 0.000000000000000000e+00 5.177514792899408358e-02 0.000000000000000000e+00
3.930000000000000000e+02 1.572023392926309437e-01 4.069185252617205095e-01 5.290168411470186349e-01 2.275830678197542133e-04 6.383705052344106068e-02 0.000000000000000000e+00
3.960000000000000000e+02 1.584023571498265337e-01 4.494765589440145592e-01 4.757624032771961553e-01 1.137915339098771066e-04 7.464724624487938109e-02 0.000000000000000000e+00
3.990000000000000000e+02 1.596023750070223457e-01 4.951069640418752638e-01 4.171597633136094885e-01 2.275830678197542133e-04 8.750568957669549452e-02 0.000000000000000000e+00
4.020000000000000000e+02 1.608023928642179357e-01 5.358443331816112876e-01 3.631087847064178309e-01 2.275830678197542133e-04 1.008192990441511144e-01 0.000000000000000000e+00
4.050000000000000000e+02 1.620024107214135256e-01 5.752162039144287364e-01 3.084888484296768318e-01 4.551661356395084266e-04 1.158397815202548975e-01 0.000000000000000000e+00
4.080000000000000000e+02 1.632024285786093376e-01 6.152708238507055283e-01 2.542102867546654488e-01 6.827492034592626399e-04 1.298361401911697632e-01 0.000000000000000000e+00
4.110000000000000000e+02 1.644024464358049276e-01 6.558944014565316616e-01 1.993627674101046965e-01 6.827492034592626399e-04 1.440600819299044100e-01 0.000000000000000000e+00
4.140000000000000000e+02 1.656024642930005175e-01 6.809285389167045732e-01 1.605598543468365891e-01 1.137915339098770958e-03 1.573736913973600438e-01 0.000000000000000000e+00
4.170000000000000000e+02 1.668024821501961075e-01 7.015248065543923106e-01 1.265361857077833274e-01 1.706873008648156654e-03 1.702321347291761433e-01 0.000000000000000000e+00
4.200000000000000000e+02 1.680025000073919195e-01 7.210969503868912556e-01 9.854346836595356818e-02 1.820664542558033706e-03 1.785389167045971781e-01 0.000000000000000000e+00
4.230000000000000000e+02 1.692025178645875094e-01 7.321347291761493015e-01 7.532999544833864081e-02 2.503413746017296455e-03 1.900318616294947582e-01 0.000000000000000000e+00
4.260000000000000000e+02 1.704025357217830994e-01 7.391898042785616241e-01 5.860263996358670846e-02 2.389622212107419402e-03 1.998179335457442030e-01 0.000000000000000000e+00
4.290000000000000000e+02 1.716025535789789114e-01 7.517068730086481354e-01 4.198907601274465273e-02 2.958579881656804664e-03 2.033454710969503920e-01 0.000000000000000000e+00
4.320000000000000000e+02 1.728025714361745013e-01 7.556895766954938587e-01 3.197542102867546865e-02 3.072371415566681717e-03 2.092626308602640040e-01 0.000000000000000000e+00
4.350000000000000000e+02 1.740025892933700913e-01 7.571688666363222131e-01 2.594446973145198010e-02 4.096495220755575623e-03 2.127901684114701930e-01 0.000000000000000000e+00
4.380000000000000000e+02 1.752026071505659033e-01 7.600136549840691425e-01 2.355484751934456070e-02 5.006827492034592909e-03 2.114246700045516736e-01 0.000000000000000000e+00
4.410000000000000000e+02 1.764026250077614932e-01 7.628584433318160718e-01 2.082385070550751144e-02 5.575785161583977738e-03 2.107419208010923861e-01 0.000000000000000000e+00
4.440000000000000000e+02 1.776026428649570832e-01 7.678652708238506985e-01 1.923076923076923184e-02 6.486117432862995025e-03 2.064178425125170746e-01 0.000000000000000000e+00
4.470000000000000000e+02 1.788026607221526731e-01 7.674101046882112476e-01 1.843422849340009204e-02 7.055075102412380721e-03 2.071005917159763343e-01 0.000000000000000000e+00
4.500000000000000000e+02 1.800026785793484851e-01 7.685480200273099305e-01 1.775147928994082885e-02 8.079198907601274626e-03 2.056213017751479244e-01 0.000000000000000000e+00
4.530000000000000000e+02 1.812026964365440751e-01 7.683204369594902605e-01 1.820664542558033533e-02 8.306781975421027864e-03 2.051661356395084179e-01 0.000000000000000000e+00
4.560000000000000000e+02 1.824027142937396651e-01 7.679790623577605890e-01 1.820664542558033533e-02 9.899863450159307465e-03 2.039144287664997612e-01 0.000000000000000000e+00
4.590000000000000000e+02 1.836027321509354771e-01 7.712790168411469693e-01 1.649977241693217911e-02 1.081019572143832562e-02 2.014110150204824756e-01 0.000000000000000000e+00
4.620000000000000000e+02 1.848027500081310670e-01 7.717341829767865313e-01 1.797906235776058209e-02 1.228948566226672687e-02 1.979972690031861493e-01 0.000000000000000000e+00
4.650000000000000000e+02 1.860027678653266570e-01 7.709376422394174089e-01 1.991351843422849502e-02 1.274465179790623508e-02 1.964041875284478766e-01 0.000000000000000000e+00
4.680000000000000000e+02 1.872027857225224690e-01 7.697997269003186149e-01 2.207555757851615771e-02 1.388256713700500647e-02 1.942421483841602070e-01 0.000000000000000000e+00
4.710000000000000000e+02 1.884028035797180589e-01 7.611515703231679364e-01 2.366863905325443732e-02 1.615839781520254925e-02 1.990213928083750528e-01 0.000000000000000000e+00
4.740000000000000000e+02 1.896028214369136489e-01 7.629722348657259623e-01 2.412380518889394726e-02 1.888939462903959851e-02 1.940145653163404538e-01 0.000000000000000000e+00
4.770000000000000000e+02 1.908028392941092388e-01 7.626308602639964018e-01 2.730996813837050646e-02 2.025489303595812488e-02 1.898042785616750050e-01 0.000000000000000000e+00
4.800000000000000000e+02 1.920028571513050508e-01 7.699135184342285054e-01 2.639963586709149004e-02 2.093764223941738806e-02 1.827492034592626269e-01 0.000000000000000000e+00
4.830000000000000000e+02 1.932028750085006408e-01 7.709376422394174089e-01 2.742375967228038308e-02 2.321347291761493084e-02 1.784251251706872876e-01 0.000000000000000000e+00
4.860000000000000000e+02 1.944028928656962307e-01 7.710514337733272994e-01 2.799271734182976618e-02 2.435138825671370050e-02 1.766044606281292617e-01 0.000000000000000000e+00
4.890000000000000000e+02 1.956029107228920427e-01 7.721893491124259823e-01 2.765134274010013632e-02 2.605826126536185672e-02 1.741010468821119761e-01 0.000000000000000000e+00
4.920000000000000000e+02 1.968029285800876327e-01 7.784478834774692935e-01 2.651342740100136666e-02 2.685480200273099652e-02 1.681838871187983642e-01 0.000000000000000000e+00
4.950000000000000000e+02 1.980029464372832226e-01 7.824305871643150168e-01 2.753755120619025970e-02 2.844788347746927612e-02 1.615839781520254925e-01 0.000000000000000000e+00
4.980000000000000000e+02 1.992029642944788126e-01 7.840236686390532617e-01 2.878925807919890598e-02 2.958579881656804578e-02 1.576012744651797970e-01 0.000000000000000000e+00
5.010000000000000000e+02 2.004029821516746246e-01 7.870960400546199720e-01 2.890304961310878606e-02 3.243058716431497512e-02 1.515703231679562946e-01 0.000000000000000000e+00
5.040000000000000000e+02 2.016030000088702145e-01 7.890304961310878884e-01 2.992717341829767910e-02 3.356850250341374825e-02 1.474738279472007363e-01 0.000000000000000000e+00
5.070000000000000000e+02 2.028030178660658045e-01 7.919890760127445972e-01 3.117888029130632538e-02 3.425125170687300796e-02 1.425807919890760000e-01 0.000000000000000000e+00
5.100000000000000000e+02 2.040030357232616165e-01 7.947200728265817471e-01 3.083750568957669552e-02 3.641329085116067066e-02 1.380291306326809353e-01 0.000000000000000000e+00
5.130000000000000000e+02 2.052030535804572065e-01 8.017751479289940697e-01 3.072371415566681890e-02 3.664087391898043083e-02 1.308602639963586667e-01 0.000000000000000000e+00
5.160000000000000000e+02 2.064030714376527964e-01 8.021165225307237412e-01 3.129267182521620200e-02 3.868912152935821691e-02 1.279016841147018746e-01 0.000000000000000000e+00
5.190000000000000000e+02 2.076030892948486084e-01 8.091715976331360638e-01 2.924442421483841592e-02 3.823395539371871044e-02 1.233500227583067821e-01 0.000000000000000000e+00
5.220000000000000000e+02 2.088031071520441984e-01 8.111060537096039802e-01 2.981338188438780248e-02 3.675466545289030745e-02 1.223258989531178925e-01 0.000000000000000000e+00
5.250000000000000000e+02 2.100031250092397883e-01 8.136094674556213491e-01 2.844788347746927612e-02 3.937187073281747662e-02 1.185707783340919502e-01 0.000000000000000000e+00
5.280000000000000000e+02 2.112031428664353783e-01 8.159990896677287164e-01 2.935821574874829254e-02 4.062357760582612637e-02 1.140191169776968577e-01 0.000000000000000000e+00
5.310000000000000000e+02 2.124031607236311903e-01 8.190714610832954268e-01 2.958579881656804578e-02 4.073736913973600299e-02 1.106053709604005453e-01 0.000000000000000000e+00
5.340000000000000000e+02 2.136031785808267802e-01 8.198680018206645492e-01 3.117888029130632538e-02 4.278561675011378906e-02 1.061675011379153433e-01 0.000000000000000000e+00
5.370000000000000000e+02 2.148031964380223702e-01 8.202093764223942207e-01 3.390987710514337811e-02 4.517523896222121194e-02 1.007055075102412378e-01 0.000000000000000000e+00
5.400000000000000000e+02 2.160032142952181822e-01 8.240782885753299425e-01 3.277196176604460498e-02 4.460628129267182190e-02 9.854346836595356818e-02 0.000000000000000000e+00
5.430000000000000000e+02 2.172032321524137721e-01 8.219162494310423561e-01 3.436504324078288458e-02 4.506144742831133532e-02 9.865725989986344480e-02 0.000000000000000000e+00
5.460000000000000000e+02 2.184032500096093621e-01 8.281747837960855563e-01 3.243058716431497512e-02 4.483386436049158208e-02 9.456076467910787264e-02 0.000000000000000000e+00
5.490000000000000000e+02 2.196032678668051741e-01 8.278334091943558848e-01 3.493400091033227461e-02 4.824761037778789452e-02 8.898497951752389057e-02 0.000000000000000000e+00
5.520000000000000000e+02 2.208032857240007640e-01 8.277196176604461053e-01 3.482020937642239106e-02 4.836140191169777114e-02 8.909877105143376719e-02 0.000000000000000000e+00
5.550000000000000000e+02 2.220033035811963540e-01 8.258989531178880794e-01 3.618570778334091742e-02 4.938552571688666071e-02 8.852981338188438409e-02 0.000000000000000000e+00
5.580000000000000000e+02 2.232033214383919439e-01 8.256713700500682984e-01 3.641329085116067066e-02 5.075102412380518707e-02 8.716431497496586467e-02 0.000000000000000000e+00
5.610000000000000000e+02 2.244033392955877559e-01 8.294264906690942407e-01 3.720983158852981393e-02 4.995448338643605074e-02 8.340919435593992237e-02 0.000000000000000000e+00
5.640000000000000000e+02 2.256033571527833459e-01 8.276058261265362148e-01 3.777878925807919702e-02 4.984069185252617412e-02 8.477469276285844180e-02 0.000000000000000000e+00
5.670000000000000000e+02 2.268033750099789359e-01 8.281747837960855563e-01 3.823395539371871044e-02 5.211652253072371344e-02 8.147473827947200598e-02 0.000000000000000000e+00
5.700000000000000000e+02 2.280033928671747478e-01 8.280609922621756658e-01 3.914428766499772339e-02 5.245789713245334329e-02 8.033682294037323979e-02 0.000000000000000000e+00
5.730000000000000000e+02 2.292034107243703378e-01 8.339781520254893055e-01 3.891670459717797015e-02 5.257168866636321991e-02 7.453345471096950448e-02 0.000000000000000000e+00
5.760000000000000000e+02 2.304034285815659278e-01 8.328402366863905115e-01 4.016841147018661989e-02 5.416477014110149951e-02 7.282658170232134132e-02 0.000000000000000000e+00
5.790000000000000000e+02 2.316034464387617398e-01 8.321574874829312796e-01 4.164770141101502288e-02 5.450614474283113631e-02 7.168866636322257513e-02 0.000000000000000000e+00
5.820000000000000000e+02 2.328034642959573297e-01 8.343195266272189770e-01 4.153390987710514626e-02 5.484751934456076616e-02 6.929904415111515226e-02 0.000000000000000000e+00
5.850000000000000000e+02 2.340034821531529197e-01 8.363677742375966728e-01 4.050978607191624975e-02 5.518889394629039602e-02 6.793354574419663283e-02 0.000000000000000000e+00
5.880000000000000000e+02 2.352035000103485096e-01 8.375056895766954668e-01 4.130632680928538608e-02 5.587164314974965573e-02 6.531634046426945672e-02 0.000000000000000000e+00
5.910000000000000000e+02 2.364035178675443216e-01 8.386436049157942607e-01 4.164770141101502288e-02 5.575785161583977911e-02 6.395084205735093730e-02 0.000000000000000000e+00
5.940000000000000000e+02 2.376035357247399116e-01 8.397815202548930547e-01 4.142011834319526964e-02 5.609922621756941591e-02 6.269913518434228061e-02 0.000000000000000000e+00
5.970000000000000000e+02 2.388035535819355015e-01 8.392125625853436022e-01 4.335457441966317910e-02 5.735093309057805872e-02 6.008192990441511144e-02 0.000000000000000000e+00
6.000000000000000000e+02 2.400035714391313135e-01 8.403504779244423961e-01 4.380974055530268557e-02 5.700955848884842886e-02 5.883022303140646170e-02 0.000000000000000000e+00
6.030000000000000000e+02 2.412035892963269035e-01 8.397815202548930547e-01 4.346836595357305572e-02 5.826126536185707860e-02 5.848884842967683184e-02 0.000000000000000000e+00
6.060000000000000000e+02 2.424036071535224934e-01 8.377332726445152478e-01 4.494765589440145870e-02 5.871643149749658508e-02 5.848884842967683184e-02 1.137915339098771066e-04
6.090000000000000000e+02 2.436036250107183054e-01 8.412608101957214091e-01 4.585798816568047165e-02 5.700955848884842886e-02 5.575785161583977911e-02 1.137915339098771066e-04
6.120000000000000000e+02 2.448036428679138954e-01 8.385298133818843702e-01 4.779244424214838111e-02 5.917159763313609155e-02 5.450614474283113631e-02 0.000000000000000000e+00
6.150000000000000000e+02 2.460036607251094853e-01 8.417159763313609711e-01 4.745106964041875125e-02 5.848884842967683184e-02 5.234410559854346667e-02 0.000000000000000000e+00
6.180000000000000000e+02 2.472036785823050753e-01 8.396677287209831642e-01 4.733727810650887463e-02 6.087847064178425471e-02 5.211652253072371344e-02 0.000000000000000000e+00
6.210000000000000000e+02 2.484036964395008873e-01 8.402366863905325056e-01 4.915794264906690747e-02 6.065088757396449454e-02 4.995448338643605074e-02 0.000000000000000000e+00
6.240000000000000000e+02 2.496037142966964772e-01 8.396677287209831642e-01 5.063723258989531045e-02 6.178880291306326766e-02 4.790623577605826466e-02 0.000000000000000000e+00
6.270000000000000000e+02 2.508037321538920672e-01 8.459262630860263643e-01 4.893035958124715423e-02 6.076467910787437116e-02 4.437869822485206867e-02 0.000000000000000000e+00
6.300000000000000000e+02 2.520037500110878792e-01 8.446745562130177909e-01 4.949931725079653733e-02 6.235776058261265076e-02 4.346836595357305572e-02 0.000000000000000000e+00
6.330000000000000000e+02 2.532037678682834692e-01 8.461538461538461453e-01 5.075102412380518707e-02 6.178880291306326766e-02 4.130632680928538608e-02 0.000000000000000000e+00
6.360000000000000000e+02 2.544037857254790591e-01 8.461538461538461453e-01 5.166135639508420696e-02 6.372325898953118406e-02 3.846153846153846367e-02 0.000000000000000000e+00
6.390000000000000000e+02 2.556038035826748711e-01 8.484296768320437332e-01 5.223031406463359005e-02 6.372325898953118406e-02 3.561675011379153433e-02 0.000000000000000000e+00
6.420000000000000000e+02 2.568038214398704611e-01 8.487710514337732937e-01 5.370960400546199304e-02 6.406463359126081392e-02 3.345471096950387163e-02 0.000000000000000000e+00
6.450000000000000000e+02 2.580038392970660510e-01 8.513882567137005530e-01 5.541647701411014926e-02 6.076467910787437116e-02 3.243058716431497512e-02 0.000000000000000000e+00
6.480000000000000000e+02 2.592038571542616410e-01 8.483158852981338427e-01 5.484751934456076616e-02 6.372325898953118406e-02 3.311333636777423484e-02 0.000000000000000000e+00
6.510000000000000000e+02 2.604038750114574530e-01 8.500227583067819781e-01 5.450614474283113631e-02 6.429221665908056715e-02 3.117888029130632538e-02 0.000000000000000000e+00
6.540000000000000000e+02 2.616038928686530429e-01 8.483158852981338427e-01 5.507510241238051940e-02 6.463359126081019701e-02 3.197542102867546865e-02 0.000000000000000000e+00
6.570000000000000000e+02 2.628039107258486329e-01 8.482020937642239522e-01 5.712335002275830548e-02 6.429221665908056715e-02 3.038233955393718558e-02 0.000000000000000000e+00
6.600000000000000000e+02 2.640039285830444449e-01 8.460400546199362548e-01 5.712335002275830548e-02 6.713700500682749650e-02 2.969959035047792587e-02 0.000000000000000000e+00
6.630000000000000000e+02 2.652039464402400348e-01 8.451297223486572419e-01 5.894401456531633832e-02 6.599908966772871644e-02 2.992717341829767910e-02 0.000000000000000000e+00
6.660000000000000000e+02 2.664039642974356248e-01 8.451297223486572419e-01 5.894401456531633832e-02 6.690942193900774326e-02 2.901684114701866268e-02 0.000000000000000000e+00
6.690000000000000000e+02 2.676039821546312147e-01 8.435366408739189970e-01 5.928538916704597511e-02 6.599908966772871644e-02 3.117888029130632538e-02 0.000000000000000000e+00
6.720000000000000000e+02 2.688040000118270267e-01 8.438780154756485574e-01 5.883022303140646170e-02 6.713700500682749650e-02 3.015475648611743234e-02 0.000000000000000000e+00
6.750000000000000000e+02 2.700040178690226167e-01 8.433090578060992160e-01 5.860263996358670846e-02 6.895766954938552240e-02 2.913063268092853930e-02 0.000000000000000000e+00
6.780000000000000000e+02 2.712040357262182066e-01 8.471779699590350488e-01 5.814747382794720199e-02 6.679563040509786664e-02 2.787892580791988956e-02 0.000000000000000000e+00
6.810000000000000000e+02 2.724040535834140186e-01 8.460400546199362548e-01 5.735093309057805872e-02 6.895766954938552240e-02 2.765134274010013632e-02 0.000000000000000000e+00
