# itime ezz other fcc hcp bcc ico
0.000000000000000000e+00 0.000000000000000000e+00 4.551661356395084266e-04 9.995448338643604380e-01 0.000000000000000000e+00 0.000000000000000000e+00 0.000000000000000000e+00
2.500000000000000000e+01 9.999717681565822858e-04 2.275830678197542133e-04 9.997724169321802190e-01 0.000000000000000000e+00 0.000000000000000000e+00 0.000000000000000000e+00
5.000000000000000000e+01 1.999943536313164572e-03 7.965407373691396923e-04 9.992034592626308775e-01 0.000000000000000000e+00 0.000000000000000000e+00 0.000000000000000000e+00
7.500000000000000000e+01 2.999915304469524813e-03 1.024123805188893906e-03 9.988620846609012061e-01 0.000000000000000000e+00 1.137915339098771066e-04 0.000000000000000000e+00
1.000000000000000000e+02 3.999887072626107098e-03 1.024123805188893906e-03 9.988620846609012061e-01 0.000000000000000000e+00 1.137915339098771066e-04 0.000000000000000000e+00
1.250000000000000000e+02 4.999858840782689384e-03 1.137915339098770958e-03 9.988620846609012061e-01 0.000000000000000000e+00 0.000000000000000000e+00 0.000000000000000000e+00
1.500000000000000000e+02 5.999830608939271670e-03 5.689576695493854790e-04 9.994310423304506585e-01 0.000000000000000000e+00 0.000000000000000000e+00 0.000000000000000000e+00
1.750000000000000000e+02 6.999802377095853956e-03 0.000000000000000000e+00 1.000000000000000000e+00 0.000000000000000000e+00 0.000000000000000000e+00 0.000000000000000000e+00
2.000000000000000000e+02 7.999774145252214197e-03 1.137915339098770958e-03 9.988620846609012061e-01 0.000000000000000000e+00 0.000000000000000000e+00 0.000000000000000000e+00
2.250000000000000000e+02 8.999745913408796483e-03 2.275830678197542133e-04 9.997724169321802190e-01 0.000000000000000000e+00 0.000000000000000000e+00 0.000000000000000000e+00
2.500000000000000000e+02 9.999717681565378768e-03 9.103322712790168532e-04 9.990896677287209870e-01 0.000000000000000000e+00 0.000000000000000000e+00 0.000000000000000000e+00
2.750000000000000000e+02 1.099968944972196105e-02 1.479289940828402332e-03 9.985207100591716456e-01 0.000000000000000000e+00 0.000000000000000000e+00 0.000000000000000000e+00
3.000000000000000000e+02 1.199966121787854334e-02 2.048247610377787811e-03 9.979517523896221931e-01 0.000000000000000000e+00 0.000000000000000000e+00 0.000000000000000000e+00
3.250000000000000000e+02 1.299963298603512563e-02 1.251706873008648227e-03 9.987482931269913156e-01 0.000000000000000000e+00 0.000000000000000000e+00 0.000000000000000000e+00
3.500000000000000000e+02 1.399960475419148587e-02 1.137915339098770958e-03 9.988620846609012061e-01 0.000000000000000000e+00 0.000000000000000000e+00 0.000000000000000000e+00
3.750000000000000000e+02 1.499957652234806815e-02 1.251706873008648227e-03 9.987482931269913156e-01 0.000000000000000000e+00 0.000000000000000000e+00 0.000000000000000000e+00
4.000000000000000000e+02 1.599954829050465044e-02 1.593081474738279385e-03 9.984069185252617551e-01 0.000000000000000000e+00 0.000000000000000000e+00 0.000000000000000000e+00
4.250000000000000000e+02 1.699952005866123272e-02 3.641329085116067413e-03 9.963586709148839482e-01 0.000000000000000000e+00 0.000000000000000000e+00 0.000000000000000000e+00
4.500000000000000000e+02 1.799949182681781501e-02 1.706873008648156654e-03 9.982931269913518646e-01 0.000000000000000000e+00 0.000000000000000000e+00 0.000000000000000000e+00
4.750000000000000000e+02 1.899946359497417525e-02 3.413746017296313199e-04 9.995448338643604380e-01 0.000000000000000000e+00 1.137915339098771066e-04 0.000000000000000000e+00
5.000000000000000000e+02 1.999943536313075754e-02 2.958579881656804664e-03 9.970414201183431802e-01 0.000000000000000000e+00 0.000000000000000000e+00 0.000000000000000000e+00
5.250000000000000000e+02 2.099940713128733982e-02 2.844788347746927612e-03 9.971552116522530707e-01 0.000000000000000000e+00 0.000000000000000000e+00 0.000000000000000000e+00
5.500000000000000000e+02 2.199937889944392211e-02 1.706873008648156654e-03 9.982931269913518646e-01 0.000000000000000000e+00 0.000000000000000000e+00 0.000000000000000000e+00
5.750000000000000000e+02 2.299935066760050439e-02 3.413746017296313308e-03 9.963586709148839482e-01 0.000000000000000000e+00 2.275830678197542133e-04 0.000000000000000000e+00
6.000000000000000000e+02 2.399932243575686464e-02 2.389622212107419402e-03 9.976103777878926326e-01 0.000000000000000000e+00 0.000000000000000000e+00 0.000000000000000000e+00
6.250000000000000000e+02 2.499929420391344692e-02 3.072371415566681717e-03 9.967000455166135087e-01 0.000000000000000000e+00 2.275830678197542133e-04 0.000000000000000000e+00
6.500000000000000000e+02 2.599926597207002921e-02 3.755120619025944465e-03 9.961310878470641672e-01 0.000000000000000000e+00 1.137915339098771066e-04 0.000000000000000000e+00
6.750000000000000000e+02 2.699923774022661149e-02 1.365498406918525280e-03 9.985207100591716456e-01 0.000000000000000000e+00 1.137915339098771066e-04 0.000000000000000000e+00
7.000000000000000000e+02 2.799920950838319378e-02 3.641329085116067413e-03 9.960172963131542767e-01 0.000000000000000000e+00 3.413746017296313199e-04 0.000000000000000000e+00
7.250000000000000000e+02 2.899918127653977606e-02 2.275830678197541916e-03 9.977241693218024121e-01 0.000000000000000000e+00 0.000000000000000000e+00 0.000000000000000000e+00
7.500000000000000000e+02 2.999915304469613631e-02 2.048247610377787811e-03 9.979517523896221931e-01 0.000000000000000000e+00 0.000000000000000000e+00 0.000000000000000000e+00
7.750000000000000000e+02 3.099912481285271859e-02 3.413746017296313308e-03 9.964724624487938387e-01 0.000000000000000000e+00 1.137915339098771066e-04 0.000000000000000000e+00
8.000000000000000000e+02 3.199909658100930088e-02 2.844788347746927612e-03 9.971552116522530707e-01 0.000000000000000000e+00 0.000000000000000000e+00 0.000000000000000000e+00
8.250000000000000000e+02 3.299906834916588316e-02 6.030951297223486815e-03 9.938552571688666903e-01 0.000000000000000000e+00 1.137915339098771066e-04 0.000000000000000000e+00
8.500000000000000000e+02 3.399904011732246545e-02 3.186162949476558769e-03 9.968138370505233992e-01 0.000000000000000000e+00 0.000000000000000000e+00 0.000000000000000000e+00
8.750000000000000000e+02 3.499901188547882569e-02 5.917159763313609329e-03 9.938552571688666903e-01 0.000000000000000000e+00 2.275830678197542133e-04 0.000000000000000000e+00
9.000000000000000000e+02 3.599898365363540798e-02 5.234410559854347014e-03 9.946517979062358128e-01 0.000000000000000000e+00 1.137915339098771066e-04 0.000000000000000000e+00
9.250000000000000000e+02 3.699895542179199026e-02 3.527537551206190360e-03 9.964724624487938387e-01 0.000000000000000000e+00 0.000000000000000000e+00 0.000000000000000000e+00
9.500000000000000000e+02 3.799892718994857255e-02 6.486117432862995025e-03 9.934000910332271284e-01 0.000000000000000000e+00 1.137915339098771066e-04 0.000000000000000000e+00
9.750000000000000000e+02 3.899889895810515483e-02 4.779244424214838804e-03 9.951069640418752638e-01 0.000000000000000000e+00 1.137915339098771066e-04 0.000000000000000000e+00
1.000000000000000000e+03 3.999887072626151507e-02 8.079198907601274626e-03 9.919208010923987739e-01 0.000000000000000000e+00 0.000000000000000000e+00 0.000000000000000000e+00
1.025000000000000000e+03 4.099884249441809736e-02 5.689576695493855224e-03 9.937414656349567998e-01 0.000000000000000000e+00 5.689576695493854790e-04 0.000000000000000000e+00
1.050000000000000000e+03 4.199881426257467965e-02 1.024123805188893906e-02 9.893035958124715146e-01 0.000000000000000000e+00 4.551661356395084266e-04 0.000000000000000000e+00
1.075000000000000000e+03 4.299878603073126193e-02 9.444697314519799256e-03 9.901001365498406370e-01 0.000000000000000000e+00 4.551661356395084266e-04 0.000000000000000000e+00
1.100000000000000000e+03 4.399875779888784422e-02 9.217114246700046018e-03 9.906690942193900895e-01 0.000000000000000000e+00 1.137915339098771066e-04 0.000000000000000000e+00
1.125000000000000000e+03 4.499872956704442650e-02 8.875739644970414427e-03 9.907828857532999800e-01 0.000000000000000000e+00 3.413746017296313199e-04 0.000000000000000000e+00
1.150000000000000000e+03 4.599870133520078674e-02 8.875739644970414427e-03 9.906690942193900895e-01 0.000000000000000000e+00 4.551661356395084266e-04 0.000000000000000000e+00
1.175000000000000000e+03 4.699867310335736903e-02 1.058261265361857065e-02 9.888484296768320636e-01 0.000000000000000000e+00 5.689576695493854790e-04 0.000000000000000000e+00
1.200000000000000000e+03 4.799864487151395132e-02 8.534365043240782836e-03 9.907828857532999800e-01 0.000000000000000000e+00 6.827492034592626399e-04 0.000000000000000000e+00
1.225000000000000000e+03 4.899861663967053360e-02 1.126536185707783383e-02 9.885070550751023921e-01 0.000000000000000000e+00 2.275830678197542133e-04 0.000000000000000000e+00
1.250000000000000000e+03 4.999858840782711589e-02 9.444697314519799256e-03 9.901001365498406370e-01 0.000000000000000000e+00 4.551661356395084266e-04 0.000000000000000000e+00
1.275000000000000000e+03 5.099856017598347613e-02 1.399635867091488309e-02 9.854346836595356818e-01 0.000000000000000000e+00 5.689576695493854790e-04 0.000000000000000000e+00
1.300000000000000000e+03 5.199853194414005841e-02 1.274465179790623508e-02 9.869139736003641472e-01 0.000000000000000000e+00 3.413746017296313199e-04 0.000000000000000000e+00
1.325000000000000000e+03 5.299850371229664070e-02 1.820664542558033533e-02 9.811106053709603980e-01 0.000000000000000000e+00 6.827492034592626399e-04 0.000000000000000000e+00
1.350000000000000000e+03 5.399847548045322299e-02 1.832043695949021542e-02 9.811106053709603980e-01 0.000000000000000000e+00 5.689576695493854790e-04 0.000000000000000000e+00
1.375000000000000000e+03 5.499844724860980527e-02 1.888939462903959851e-02 9.798588984979517136e-01 0.000000000000000000e+00 1.251706873008648227e-03 0.000000000000000000e+00
1.400000000000000000e+03 5.599841901676616551e-02 1.638598088302230249e-02 9.828174783796085334e-01 0.000000000000000000e+00 7.965407373691396923e-04 0.000000000000000000e+00
1.425000000000000000e+03 5.699839078492274780e-02 2.048247610377787811e-02 9.787209831588530307e-01 0.000000000000000000e+00 7.965407373691396923e-04 0.000000000000000000e+00
1.450000000000000000e+03 5.799836255307933008e-02 2.309968138370505075e-02 9.756486117432863203e-01 0.000000000000000000e+00 1.251706873008648227e-03 0.000000000000000000e+00
1.475000000000000000e+03 5.899833432123591237e-02 2.253072371415566766e-02 9.767865270823851143e-01 0.000000000000000000e+00 6.827492034592626399e-04 0.000000000000000000e+00
1.500000000000000000e+03 5.999830608939249466e-02 3.356850250341374825e-02 9.655211652253072874e-01 0.000000000000000000e+00 9.103322712790168532e-04 0.000000000000000000e+00
1.525000000000000000e+03 6.099827785754907694e-02 3.208921256258534527e-02 9.658625398270368478e-01 0.000000000000000000e+00 2.048247610377787811e-03 0.000000000000000000e+00
1.550000000000000000e+03 6.199824962570543718e-02 3.641329085116067066e-02 9.619936276741010150e-01 0.000000000000000000e+00 1.593081474738279385e-03 0.000000000000000000e+00
1.575000000000000000e+03 6.299822139386201947e-02 3.197542102867546865e-02 9.660901228948566288e-01 0.000000000000000000e+00 1.934456076467910759e-03 0.000000000000000000e+00
1.600000000000000000e+03 6.399819316201860175e-02 3.868912152935821691e-02 9.583522985889849632e-01 0.000000000000000000e+00 2.958579881656804664e-03 0.000000000000000000e+00
1.625000000000000000e+03 6.499816493017518404e-02 3.459262630860263782e-02 9.639280837505689314e-01 0.000000000000000000e+00 1.479289940828402332e-03 0.000000000000000000e+00
1.650000000000000000e+03 6.599813669833176633e-02 3.254437869822485174e-02 9.662039144287665193e-01 0.000000000000000000e+00 1.251706873008648227e-03 0.000000000000000000e+00
1.675000000000000000e+03 6.699810846648812657e-02 3.914428766499772339e-02 9.586936731907146347e-01 0.000000000000000000e+00 2.162039144287664864e-03 0.000000000000000000e+00
1.700000000000000000e+03 6.799808023464470885e-02 4.551661356395084179e-02 9.515248065543923106e-01 0.000000000000000000e+00 2.958579881656804664e-03 0.000000000000000000e+00
1.725000000000000000e+03 6.899805200280129114e-02 4.585798816568047165e-02 9.515248065543923106e-01 0.000000000000000000e+00 2.617205279927173507e-03 0.000000000000000000e+00
1.750000000000000000e+03 6.999802377095787342e-02 4.847519344560764776e-02 9.479972690031861493e-01 0.000000000000000000e+00 3.527537551206190360e-03 0.000000000000000000e+00
1.775000000000000000e+03 7.099799553911445571e-02 5.609922621756941591e-02 9.410559854346836062e-01 0.000000000000000000e+00 2.844788347746927612e-03 0.000000000000000000e+00
1.800000000000000000e+03 7.199796730727081595e-02 5.644060081929904577e-02 9.392353208921255803e-01 0.000000000000000000e+00 4.324078288575329727e-03 0.000000000000000000e+00
1.825000000000000000e+03 7.299793907542739824e-02 6.622667273554846967e-02 9.292216659080564378e-01 0.000000000000000000e+00 4.551661356395083832e-03 0.000000000000000000e+00
1.850000000000000000e+03 7.399791084358398052e-02 6.315430131998178709e-02 9.330905780609922706e-01 0.000000000000000000e+00 3.755120619025944465e-03 0.000000000000000000e+00
1.875000000000000000e+03 7.499788261174056281e-02 6.690942193900774326e-02 9.272872098315885214e-01 0.000000000000000000e+00 5.803368229403732710e-03 0.000000000000000000e+00
1.900000000000000000e+03 7.599785437989714509e-02 7.954028220300408958e-02 9.143149749658625591e-01 0.000000000000000000e+00 6.144742831133363434e-03 0.000000000000000000e+00
1.925000000000000000e+03 7.699782614805350534e-02 7.225762403277195822e-02 9.231907146108329076e-01 0.000000000000000000e+00 4.551661356395083832e-03 0.000000000000000000e+00
1.950000000000000000e+03 7.799779791621008762e-02 7.828857532999544677e-02 9.173873463814292695e-01 0.000000000000000000e+00 4.324078288575329727e-03 0.000000000000000000e+00
1.975000000000000000e+03 7.899776968436666991e-02 9.239872553482020301e-02 9.015703231679562668e-01 0.000000000000000000e+00 6.030951297223486815e-03 0.000000000000000000e+00
2.000000000000000000e+03 7.999774145252325219e-02 9.421939007737824279e-02 8.984979517523896675e-01 0.000000000000000000e+00 7.282658170232134826e-03 0.000000000000000000e+00
2.025000000000000000e+03 8.099771322067983448e-02 9.797451069640418508e-02 8.918980427856167958e-01 0.000000000000000000e+00 1.012744651797906244e-02 0.000000000000000000e+00
2.050000000000000000e+03 8.199768498883641676e-02 1.026399635867091542e-01 8.888256713700500855e-01 0.000000000000000000e+00 8.534365043240782836e-03 0.000000000000000000e+00
2.075000000000000000e+03 8.299765675699277701e-02 1.186845698680018268e-01 8.715293582157487284e-01 0.000000000000000000e+00 9.786071916249430847e-03 0.000000000000000000e+00
2.100000000000000000e+03 8.399762852514935929e-02 1.294947655894401473e-01 8.583295402822029851e-01 1.137915339098771066e-04 1.206190259444697363e-02 0.000000000000000000e+00
2.125000000000000000e+03 8.499760029330594158e-02 1.317705962676376796e-01 8.545744196631770428e-01 1.137915339098771066e-04 1.354119253527537488e-02 0.000000000000000000e+00
2.150000000000000000e+03 8.599757206146252386e-02 1.527082385070550885e-01 8.295402822030041312e-01 2.275830678197542133e-04 1.752389622212107562e-02 0.000000000000000000e+00
2.175000000000000000e+03 8.699754382961910615e-02 1.572598998634501533e-01 8.238507055075102725e-01 0.000000000000000000e+00 1.888939462903959851e-02 0.000000000000000000e+00
2.200000000000000000e+03 8.799751559777546639e-02 1.667045971779699542e-01 8.125853436504324456e-01 1.137915339098771066e-04 2.059626763768775473e-02 0.000000000000000000e+00
2.225000000000000000e+03 8.899748736593204868e-02 1.711424670004551563e-01 8.045061447428311086e-01 2.275830678197542133e-04 2.412380518889394726e-02 0.000000000000000000e+00
2.250000000000000000e+03 8.999745913408863096e-02 1.810423304506144637e-01 7.921028675466544877e-01 4.551661356395084266e-04 2.639963586709149004e-02 0.000000000000000000e+00
2.275000000000000000e+03 9.099743090224521325e-02 1.819526627218935044e-01 7.884615384615384359e-01 9.103322712790168532e-04 2.867546654528902936e-02 0.000000000000000000e+00
2.300000000000000000e+03 9.199740267040179553e-02 2.083522985889849910e-01 7.518206645425580259e-01 1.365498406918525280e-03 3.846153846153846367e-02 0.000000000000000000e+00
2.325000000000000000e+03 9.299737443855815577e-02 2.250796540737369233e-01 7.315657715065999600e-01 1.365498406918525280e-03 4.198907601274465273e-02 0.000000000000000000e+00
2.350000000000000000e+03 9.399734620671473806e-02 2.380518889394629134e-01 6.976558944014564778e-01 1.706873008648156654e-03 6.258534365043240399e-02 0.000000000000000000e+00
2.375000000000000000e+03 9.499731797487132035e-02 2.613791533909877174e-01 6.618115612198451903e-01 1.024123805188893906e-03 7.578516158397814728e-02 0.000000000000000000e+00
2.400000000000000000e+03 9.599728974302790263e-02 2.775375512061902805e-01 6.349567592171142527e-01 7.965407373691396923e-04 8.670914883932635819e-02 0.000000000000000000e+00
2.425000000000000000e+03 9.699726151118448492e-02 2.864132908511606845e-01 6.074192080109239722e-01 1.365498406918525280e-03 1.048020027309968100e-01 0.000000000000000000e+00
2.450000000000000000e+03 9.799723327934106720e-02 2.964269458352298825e-01 5.786299499317251183e-01 1.706873008648156654e-03 1.232362312243969055e-01 0.000000000000000000e+00
2.475000000000000000e+03 9.899720504749742744e-02 3.078060992262175444e-01 5.506372325898952758e-01 2.503413746017296455e-03 1.390532544378698110e-01 0.000000000000000000e+00
2.500000000000000000e+03 9.999717681565400973e-02 3.207783340919435622e-01 5.086481565771506785e-01 3.413746017296313308e-03 1.671597633136094607e-01 0.000000000000000000e+00
2.525000000000000000e+03 1.009971485838105920e-01 3.346609012289485929e-01 4.705279927173418031e-01 4.437869822485207214e-03 1.903732362312244020e-01 0.000000000000000000e+00
2.550000000000000000e+03 1.019971203519671743e-01 3.241920801092398885e-01 4.416249431042330587e-01 8.761948111060537808e-03 2.254210286754665393e-01 0.000000000000000000e+00
2.575000000000000000e+03 1.029970921201237566e-01 3.406918525261720676e-01 3.966772872098315861e-01 1.126536185707783383e-02 2.513654984069185194e-01 0.000000000000000000e+00
2.600000000000000000e+03 1.039970638882801168e-01 3.420573509330905870e-01 3.604915794264906825e-01 2.002730996813837164e-02 2.774237596722803900e-01 0.000000000000000000e+00
2.625000000000000000e+03 1.049970356564366991e-01 3.383022303140646447e-01 3.331816112881201830e-01 2.218934911242603433e-02 3.063268092853891900e-01 0.000000000000000000e+00
2.650000000000000000e+03 1.059970074245932814e-01 3.428538916704597095e-01 3.037096040054619861e-01 2.628584433318160996e-02 3.271506599908966528e-01 0.000000000000000000e+00
2.675000000000000000e+03 1.069969791927498637e-01 3.248748293126991205e-01 2.963131543013199920e-01 2.776513427401001294e-02 3.510468821119708815e-01 0.000000000000000000e+00
2.700000000000000000e+03 1.079969509609064460e-01 3.390987710514337672e-01 2.693445607646791085e-01 2.696859353664087314e-02 3.645880746472462408e-01 0.000000000000000000e+00
2.725000000000000000e+03 1.089969227290628062e-01 3.486572598998634587e-01 2.498862084660901095e-01 3.277196176604460498e-02 3.686845698680017991e-01 0.000000000000000000e+00
2.750000000000000000e+03 1.099968944972193885e-01 3.456986800182066388e-01 2.386208466090122826e-01 3.527537551206190447e-02 3.804050978607191880e-01 0.000000000000000000e+00
2.775000000000000000e+03 1.109968662653759708e-01 3.368229403732362348e-01 2.354346836595357373e-01 3.584433318161128756e-02 3.918980427856167403e-01 0.000000000000000000e+00
2.800000000000000000e+03 1.119968380335325531e-01 3.592398725534819981e-01 2.311106053709603980e-01 3.675466545289030745e-02 3.728948566226672479e-01 0.000000000000000000e+00
2.825000000000000000e+03 1.129968098016891354e-01 3.643604915794265153e-01 2.205279927173418308e-01 4.142011834319526964e-02 3.736913973600364258e-01 0.000000000000000000e+00
2.850000000000000000e+03 1.139967815698457176e-01 3.579881656804733692e-01 2.177969959035047920e-01 4.380974055530268557e-02 3.804050978607191880e-01 0.000000000000000000e+00
2.875000000000000000e+03 1.149967533380020779e-01 3.771051433773327521e-01 2.191624943104233114e-01 4.585798816568047165e-02 3.578743741465634787e-01 0.000000000000000000e+00
2.900000000000000000e+03 1.159967251061586602e-01 3.825671370050068298e-01 2.149522075557578626e-01 4.984069185252617412e-02 3.526399635867091265e-01 0.000000000000000000e+00
2.925000000000000000e+03 1.169966968743152425e-01 3.981565771506599960e-01 2.019799726900318726e-01 5.393718707328174627e-02 3.459262630860264198e-01 0.000000000000000000e+00
2.950000000000000000e+03 1.179966686424718247e-01 3.939462903959945472e-01 1.978834774692762866e-01 5.700955848884842886e-02 3.511606736458807720e-01 0.000000000000000000e+00
2.975000000000000000e+03 1.189966404106284070e-01 3.888256713700500855e-01 1.957214383249886169e-01 5.871643149749658508e-02 3.567364588074647402e-01 0.000000000000000000e+00
3.000000000000000000e+03 1.199966121787847673e-01 4.044151115157032517e-01 1.874146563495675821e-01 6.451979972690032039e-02 3.436504324078288319e-01 0.000000000000000000e+00
3.025000000000000000e+03 1.209965839469413496e-01 4.033909877105143482e-01 1.843422849340008995e-01 6.986800182066454923e-02 3.423987255348202030e-01 0.000000000000000000e+00
3.050000000000000000e+03 1.219965557150979318e-01 4.082840236686390289e-01 1.711424670004551563e-01 7.111970869367319203e-02 3.494538006372325811e-01 0.000000000000000000e+00
3.075000000000000000e+03 1.229965274832545141e-01 4.180700955848885014e-01 1.540737369139736079e-01 7.737824305871643382e-02 3.504779244424214846e-01 0.000000000000000000e+00
3.100000000000000000e+03 1.239964992514110964e-01 4.187528447883477334e-01 1.517979062357760478e-01 8.614019116977697510e-02 3.433090578060992160e-01 0.000000000000000000e+00
3.125000000000000000e+03 1.249964710195674567e-01 4.126081019572143682e-01 1.486117432862995025e-01 9.137460172963131344e-02 3.474055530268548297e-01 0.000000000000000000e+00
3.150000000000000000e+03 1.259964427877240389e-01 4.236458807464724696e-01 1.406463359126081114e-01 8.898497951752389057e-02 3.467228038233955423e-01 0.000000000000000000e+00
3.175000000000000000e+03 1.269964145558806212e-01 4.267182521620391245e-01 1.334774692762858428e-01 9.319526627218935322e-02 3.466090122894856518e-01 0.000000000000000000e+00
3.200000000000000000e+03 1.279963863240372035e-01 4.262630860263996180e-01 1.252844788347746985e-01 9.080564406008193035e-02 3.576467910787437532e-01 0.000000000000000000e+00
3.225000000000000000e+03 1.289963580921937858e-01 4.264906690942193990e-01 1.189121529358215801e-01 8.852981338188438409e-02 3.660673645880746507e-01 0.000000000000000000e+00
3.250000000000000000e+03 1.299963298603503681e-01 4.352526172052799125e-01 1.123122439690487084e-01 9.535730541647700897e-02 3.570778334091943562e-01 0.000000000000000000e+00
3.275000000000000000e+03 1.309963016285067283e-01 4.564178425125170468e-01 1.033227127901684139e-01 9.854346836595356818e-02 3.417159763313609711e-01 0.000000000000000000e+00
3.300000000000000000e+03 1.319962733966633106e-01 4.275147928994083024e-01 1.032089212562585373e-01 1.024123805188894010e-01 3.668639053254437732e-01 0.000000000000000000e+00
3.325000000000000000e+03 1.329962451648198929e-01 4.231907146108329631e-01 9.945380063723259501e-02 1.033227127901684139e-01 3.740327719617660418e-01 0.000000000000000000e+00
3.350000000000000000e+03 1.339962169329764752e-01 4.288802913063268218e-01 8.989531178880291740e-02 1.040054619936276736e-01 3.772189349112425871e-01 0.000000000000000000e+00
3.375000000000000000e+03 1.349961887011330575e-01 4.516385980883022566e-01 8.249886208466089554e-02 1.091260810195721492e-01 3.567364588074647402e-01 0.000000000000000000e+00
3.400000000000000000e+03 1.359961604692894177e-01 4.662039144287665193e-01 7.988165680473373331e-02 1.202776513427400995e-01 3.336367774237596895e-01 0.000000000000000000e+00
3.425000000000000000e+03 1.369961322374460000e-01 4.639280837505689314e-01 7.897132453345470648e-02 1.187983614019117035e-01 3.383022303140646447e-01 0.000000000000000000e+00
3.450000000000000000e+03 1.379961040056025823e-01 4.459490213928083979e-01 7.635411925352754425e-02 1.187983614019117035e-01 3.588984979517523821e-01 0.000000000000000000e+00
3.475000000000000000e+03 1.389960757737591646e-01 4.640418752844788219e-01 7.123350022758306865e-02 1.161811561219845274e-01 3.485434683659535682e-01 0.000000000000000000e+00
3.500000000000000000e+03 1.399960475419157468e-01 4.617660446062812896e-01 7.055075102412380894e-02 1.246017296313154249e-01 3.430814747382794905e-01 0.000000000000000000e+00
3.525000000000000000e+03 1.409960193100721071e-01 4.592626308602639762e-01 6.895766954938552240e-02 1.241465634956759184e-01 3.476331360946745552e-01 0.000000000000000000e+00
3.550000000000000000e+03 1.419959910782286894e-01 4.857760582612653533e-01 6.451979972690032039e-02 1.160673645880746507e-01 3.336367774237596895e-01 0.000000000000000000e+00
3.575000000000000000e+03 1.429959628463852717e-01 4.658625398270368478e-01 6.668183887118799003e-02 1.232362312243969055e-01 3.442193900773782289e-01 0.000000000000000000e+00
3.600000000000000000e+03 1.439959346145418539e-01 4.813381884387801790e-01 5.917159763313609155e-02 1.207328174783796060e-01 3.387573964497041512e-01 0.000000000000000000e+00
3.625000000000000000e+03 1.449959063826984362e-01 4.701866181156121871e-01 5.962676376877560497e-02 1.300637232589895442e-01 3.401228948566226706e-01 0.000000000000000000e+00
3.650000000000000000e+03 1.459958781508547965e-01 4.807692307692307820e-01 5.974055530268548159e-02 1.297223486572599005e-01 3.297678652708238567e-01 0.000000000000000000e+00
3.675000000000000000e+03 1.469958499190113788e-01 4.841829767865271084e-01 5.826126536185707860e-02 1.335912608101957333e-01 3.239644970414201075e-01 0.000000000000000000e+00
3.700000000000000000e+03 1.479958216871679610e-01 4.897587619481110766e-01 6.030951297223486468e-02 1.318843878015475701e-01 3.180473372781065233e-01 0.000000000000000000e+00
3.725000000000000000e+03 1.489957934553245433e-01 4.879380974055530507e-01 5.575785161583977911e-02 1.334774692762858428e-01 3.228265817023213691e-01 0.000000000000000000e+00
3.750000000000000000e+03 1.499957652234811256e-01 5.052344105598542967e-01 5.575785161583977911e-02 1.396222121074192080e-01 2.993855257168866468e-01 0.000000000000000000e+00
3.775000000000000000e+03 1.509957369916377079e-01 4.903277196176604735e-01 5.609922621756941591e-02 1.393946290395994547e-01 3.141784251251706905e-01 0.000000000000000000e+00
3.800000000000000000e+03 1.519957087597940681e-01 5.028447883477469293e-01 5.200273099681383682e-02 1.367774237596722786e-01 3.083750568957669413e-01 0.000000000000000000e+00
3.825000000000000000e+03 1.529956805279506504e-01 5.078516158397815561e-01 5.234410559854346667e-02 1.405325443786982209e-01 2.992717341829768118e-01 0.000000000000000000e+00
3.850000000000000000e+03 1.539956522961072327e-01 5.138825671370049752e-01 5.018206645425580398e-02 1.453117888029130667e-01 2.906235776058261333e-01 0.000000000000000000e+00
3.875000000000000000e+03 1.549956240642638150e-01 5.176376877560309175e-01 4.904415111515703085e-02 1.546426945835229771e-01 2.786754665452890189e-01 0.000000000000000000e+00
3.900000000000000000e+03 1.559955958324203973e-01 5.179790623577605890e-01 5.075102412380518707e-02 1.522530723714155543e-01 2.789030496131087999e-01 1.137915339098771066e-04
3.925000000000000000e+03 1.569955676005767575e-01 5.211652253072371899e-01 5.040964952207555722e-02 1.514565316340464318e-01 2.769685935366408835e-01 0.000000000000000000e+00
3.950000000000000000e+03 1.579955393687333398e-01 5.356167501137915066e-01 5.143377332726445372e-02 1.624943104233045055e-01 2.504551661356395065e-01 0.000000000000000000e+00
3.975000000000000000e+03 1.589955111368899221e-01 5.393718707328174489e-01 5.177514792899408358e-02 1.696631770596267741e-01 2.391898042785616796e-01 0.000000000000000000e+00
4.000000000000000000e+03 1.599954829050465044e-01 5.411925352753754748e-01 4.722348657259899801e-02 1.745562130177514826e-01 2.369139736003641195e-01 1.137915339098771066e-04
4.025000000000000000e+03 1.609954546732030867e-01 5.444924897587619661e-01 5.166135639508420696e-02 1.686390532544378706e-01 2.352071005917159841e-01 0.000000000000000000e+00
4.050000000000000000e+03 1.619954264413594469e-01 5.364132908511606290e-01 5.427856167501137613e-02 1.754665452890304955e-01 2.338416021847974646e-01 0.000000000000000000e+00
4.075000000000000000e+03 1.629953982095160292e-01 5.383477469276285454e-01 5.518889394629039602e-02 1.786527082385070686e-01 2.278106508875739622e-01 0.000000000000000000e+00
4.100000000000000000e+03 1.639953699776726115e-01 5.472234865725990050e-01 5.644060081929904577e-02 1.822940373236231204e-01 2.139280837505689592e-01 1.137915339098771066e-04
4.125000000000000000e+03 1.649953417458291938e-01 5.571233500227582569e-01 5.314064633591260994e-02 1.826354119253527641e-01 2.071005917159763343e-01 0.000000000000000000e+00
4.150000000000000000e+03 1.659953135139857761e-01 5.493855257168867023e-01 5.370960400546199304e-02 1.900318616294947582e-01 2.068730086481565811e-01 0.000000000000000000e+00
4.175000000000000000e+03 1.669952852821423583e-01 5.615612198452435422e-01 5.473372781065088954e-02 1.861629494765589532e-01 1.975421028675466428e-01 0.000000000000000000e+00
4.200000000000000000e+03 1.679952570502987186e-01 5.493855257168867023e-01 5.791989076012744875e-02 1.857077833409194467e-01 2.069868001820664438e-01 0.000000000000000000e+00
4.225000000000000000e+03 1.689952288184553009e-01 5.560992262175694645e-01 5.996813837050523482e-02 1.927628584433318248e-01 1.911697769685935244e-01 0.000000000000000000e+00
4.250000000000000000e+03 1.699952005866118832e-01 5.756713700500682984e-01 5.336822940373236318e-02 1.928766499772416876e-01 1.780837505689576716e-01 0.000000000000000000e+00
4.275000000000000000e+03 1.709951723547684654e-01 5.758989531178880794e-01 5.359581247155211642e-02 1.995903504779244497e-01 1.709148839326354030e-01 0.000000000000000000e+00
4.300000000000000000e+03 1.719951441229250477e-01 5.636094674556213491e-01 5.666818388711879900e-02 2.001593081474738189e-01 1.795630405097860816e-01 0.000000000000000000e+00
4.325000000000000000e+03 1.729951158910814080e-01 5.727127901684114786e-01 5.473372781065088954e-02 2.001593081474738189e-01 1.723941738734638129e-01 0.000000000000000000e+00
4.350000000000000000e+03 1.739950876592379903e-01 5.773782430587164338e-01 5.314064633591260994e-02 2.122212107419207960e-01 1.572598998634501533e-01 0.000000000000000000e+00
4.375000000000000000e+03 1.749950594273945725e-01 5.746472462448793950e-01 5.644060081929904577e-02 2.124487938097405493e-01 1.564633591260810308e-01 0.000000000000000000e+00
4.400000000000000000e+03 1.759950311955511548e-01 5.780609922621756658e-01 5.894401456531633832e-02 2.111970869367319203e-01 1.517979062357760478e-01 0.000000000000000000e+00
4.425000000000000000e+03 1.769950029637077371e-01 5.702093764223942207e-01 5.757851615839781195e-02 2.097177969959035104e-01 1.623805188893946427e-01 1.137915339098771066e-04
4.450000000000000000e+03 1.779949747318640974e-01 5.806781975421028141e-01 5.735093309057805872e-02 2.076695493855257035e-01 1.543013199817933612e-01 0.000000000000000000e+00
4.475000000000000000e+03 1.789949465000206796e-01 5.777196176604461053e-01 6.156121984524351443e-02 2.098315885298133732e-01 1.507737824305871721e-01 1.137915339098771066e-04
4.500000000000000000e+03 1.799949182681772619e-01 5.920573509330905315e-01 5.883022303140646170e-02 2.116522530723714268e-01 1.374601729631315383e-01 0.000000000000000000e+00
4.525000000000000000e+03 1.809948900363338442e-01 5.877332726445152478e-01 6.099226217569413133e-02 2.075557578516158408e-01 1.437187073281747940e-01 0.000000000000000000e+00
4.550000000000000000e+03 1.819948618044904265e-01 5.935366408739189970e-01 6.178880291306326766e-02 2.126763768775603025e-01 1.319981793354574329e-01 0.000000000000000000e+00
4.575000000000000000e+03 1.829948335726470088e-01 5.845471096950386469e-01 5.962676376877560497e-02 2.176832043695949015e-01 1.381429221665907980e-01 0.000000000000000000e+00
4.600000000000000000e+03 1.839948053408033690e-01 5.999089667728720876e-01 5.860263996358670846e-02 2.189349112426035582e-01 1.225534820209376458e-01 0.000000000000000000e+00
4.625000000000000000e+03 1.849947771089599513e-01 6.004779244424214291e-01 5.974055530268548159e-02 2.225762403277196100e-01 1.170914883932635403e-01 1.137915339098771066e-04
4.650000000000000000e+03 1.859947488771165336e-01 6.091260810195721076e-01 5.837505689576695522e-02 2.148384160218479721e-01 1.175466545289030468e-01 1.137915339098771066e-04
4.675000000000000000e+03 1.869947206452731159e-01 6.055985434683659463e-01 5.905780609922621494e-02 2.199590350477924339e-01 1.153846153846153910e-01 0.000000000000000000e+00
4.700000000000000000e+03 1.879946924134296982e-01 6.078743741465635342e-01 5.621301775147929253e-02 2.173418297678652578e-01 1.185707783340919502e-01 0.000000000000000000e+00
4.725000000000000000e+03 1.889946641815860584e-01 6.111743286299499145e-01 5.598543468365953235e-02 2.226900318616295005e-01 1.101502048247610388e-01 0.000000000000000000e+00
4.750000000000000000e+03 1.899946359497426407e-01 6.002503413746017591e-01 5.769230769230769551e-02 2.291761492944924816e-01 1.128812016385980915e-01 0.000000000000000000e+00
4.775000000000000000e+03 1.909946077178992230e-01 6.021847974510696755e-01 5.746472462448793533e-02 2.306554392353208915e-01 1.096950386891215323e-01 0.000000000000000000e+00
4.800000000000000000e+03 1.919945794860558053e-01 6.046882111970869333e-01 5.644060081929904577e-02 2.287209831588529751e-01 1.101502048247610388e-01 0.000000000000000000e+00
4.825000000000000000e+03 1.929945512542123875e-01 6.087847064178425471e-01 5.575785161583977911e-02 2.258761948111060458e-01 1.095812471552116557e-01 0.000000000000000000e+00
4.850000000000000000e+03 1.939945230223687478e-01 6.032089212562585789e-01 5.826126536185707860e-02 2.295175238962221254e-01 1.090122894856622726e-01 0.000000000000000000e+00
4.875000000000000000e+03 1.949944947905253301e-01 6.135639508420573929e-01 6.042330450614474130e-02 2.273554847519344557e-01 9.854346836595356818e-02 1.137915339098771066e-04
4.900000000000000000e+03 1.959944665586819124e-01 6.148156577150659663e-01 6.213017751479289752e-02 2.264451524806554428e-01 9.660901228948566566e-02 0.000000000000000000e+00
4.925000000000000000e+03 1.969944383268384946e-01 6.100364132908511205e-01 6.247155211652252738e-02 2.281520254893036059e-01 9.934000910332271839e-02 0.000000000000000000e+00
4.950000000000000000e+03 1.979944100949950769e-01 6.185707783340919086e-01 6.269913518434228061e-02 2.240555302685480199e-01 9.467455621301774926e-02 0.000000000000000000e+00
4.975000000000000000e+03 1.989943818631516592e-01 6.192535275375512516e-01 6.440600819299044377e-02 2.266727355484751960e-01 8.955393718707328754e-02 1.137915339098771066e-04
5.000000000000000000e+03 1.999943536313080195e-01 6.213017751479289474e-01 6.463359126081019701e-02 2.272416932180245652e-01 8.682294037323623481e-02 0.000000000000000000e+00
5.025000000000000000e+03 2.009943253994646017e-01 6.186845698680017991e-01 6.360946745562130744e-02 2.333864360491579304e-01 8.397815202548930547e-02 3.413746017296313199e-04
5.050000000000000000e+03 2.019942971676211840e-01 6.263086026399635742e-01 6.588529813381883982e-02 2.292899408284023721e-01 7.851615839781520001e-02 0.000000000000000000e+00
5.075000000000000000e+03 2.029942689357777663e-01 6.230086481565771939e-01 6.406463359126081392e-02 2.305416477014110288e-01 8.238507055075101893e-02 0.000000000000000000e+00
5.100000000000000000e+03 2.039942407039343486e-01 6.300637232589895165e-01 6.247155211652252738e-02 2.297451069640418786e-01 7.771961766044606368e-02 0.000000000000000000e+00
5.125000000000000000e+03 2.049942124720907088e-01 6.268775603095130267e-01 6.315430131998178709e-02 2.335002275830678209e-01 7.646791078743742087e-02 0.000000000000000000e+00
5.150000000000000000e+03 2.059941842402472911e-01 6.246017296313154388e-01 6.281292671825215723e-02 2.370277651342740100e-01 7.555757851615839404e-02 0.000000000000000000e+00
5.175000000000000000e+03 2.069941560084038734e-01 6.325671370050067743e-01 6.258534365043240399e-02 2.330450614474283144e-01 7.168866636322257513e-02 1.137915339098771066e-04
5.200000000000000000e+03 2.079941277765604557e-01 6.368912152935821691e-01 6.634046426945834629e-02 2.314519799726900418e-01 6.520254893035958010e-02 1.137915339098771066e-04
5.225000000000000000e+03 2.089940995447170380e-01 6.198224852071005930e-01 6.838871187983613931e-02 2.387346381429221731e-01 7.294037323623121793e-02 1.137915339098771066e-04
5.250000000000000000e+03 2.099940713128733982e-01 6.345015930814746907e-01 6.816112881201638607e-02 2.276968593536640995e-01 6.964041875284478211e-02 0.000000000000000000e+00
5.275000000000000000e+03 2.109940430810299805e-01 6.297223486572598450e-01 6.497496586253982687e-02 2.342967683204369711e-01 7.100591715976331542e-02 0.000000000000000000e+00
5.300000000000000000e+03 2.119940148491865628e-01 6.425807919890760278e-01 6.611288120163859305e-02 2.256486117432862926e-01 6.554392353208920996e-02 1.137915339098771066e-04
5.325000000000000000e+03 2.129939866173431451e-01 6.293809740555302845e-01 6.975421028675465873e-02 2.274692762858443462e-01 7.339553937187073829e-02 0.000000000000000000e+00
5.350000000000000000e+03 2.139939583854997274e-01 6.389394629039599760e-01 6.713700500682749650e-02 2.266727355484751960e-01 6.725079654073737312e-02 0.000000000000000000e+00
5.375000000000000000e+03 2.149939301536563097e-01 6.367774237596722786e-01 6.372325898953118406e-02 2.314519799726900418e-01 6.793354574419663283e-02 1.137915339098771066e-04
5.400000000000000000e+03 2.159939019218126699e-01 6.407601274465180019e-01 6.599908966772871644e-02 2.259899863450159363e-01 6.725079654073737312e-02 0.000000000000000000e+00
5.425000000000000000e+03 2.169938736899692522e-01 6.356395084205734847e-01 6.429221665908056715e-02 2.314519799726900418e-01 6.861629494765589254e-02 0.000000000000000000e+00
5.450000000000000000e+03 2.179938454581258345e-01 6.409877105143377829e-01 6.406463359126081392e-02 2.264451524806554428e-01 6.850250341374601593e-02 0.000000000000000000e+00
5.475000000000000000e+03 2.189938172262824168e-01 6.447428311333637252e-01 6.326809285389166371e-02 2.249658625398270329e-01 6.702321347291761988e-02 0.000000000000000000e+00
5.500000000000000000e+03 2.199937889944389990e-01 6.494082840236686804e-01 6.451979972690032039e-02 2.173418297678652578e-01 6.873008648156576916e-02 0.000000000000000000e+00
5.525000000000000000e+03 2.209937607625953593e-01 6.470186618115612021e-01 6.634046426945834629e-02 2.267865270823850588e-01 5.974055530268548159e-02 1.137915339098771066e-04
5.550000000000000000e+03 2.219937325307519416e-01 6.463359126081019701e-01 6.827492034592626269e-02 2.274692762858443462e-01 5.791989076012744875e-02 0.000000000000000000e+00
5.575000000000000000e+03 2.229937042989085239e-01 6.445152480655439442e-01 6.816112881201638607e-02 2.327036868456986707e-01 5.461993627674101293e-02 0.000000000000000000e+00
5.600000000000000000e+03 2.239936760670651061e-01 6.451979972690031762e-01 6.804733727810650945e-02 2.329312699135184239e-01 5.382339553937186966e-02 0.000000000000000000e+00
5.625000000000000000e+03 2.249936478352216884e-01 6.403049613108784399e-01 6.838871187983613931e-02 2.267865270823850588e-01 6.429221665908056715e-02 2.275830678197542133e-04
5.650000000000000000e+03 2.259936196033780487e-01 6.434911242603550408e-01 6.747837960855712636e-02 2.289485662266727284e-01 6.008192990441511144e-02 0.000000000000000000e+00
5.675000000000000000e+03 2.269935913715346310e-01 6.444014565316340537e-01 6.975421028675465873e-02 2.284934000910332219e-01 5.735093309057805872e-02 0.000000000000000000e+00
