# itime ezz other fcc hcp bcc ico
0.000000000000000000e+00 0.000000000000000000e+00 0.000000000000000000e+00 1.000000000000000000e+00 0.000000000000000000e+00 0.000000000000000000e+00 0.000000000000000000e+00
3.000000000000000000e+00 1.199975775853623361e-03 6.827492034592626399e-04 9.993172507965407680e-01 0.000000000000000000e+00 0.000000000000000000e+00 0.000000000000000000e+00
6.000000000000000000e+00 2.399951551707246722e-03 2.275830678197542133e-04 9.997724169321802190e-01 0.000000000000000000e+00 0.000000000000000000e+00 0.000000000000000000e+00
9.000000000000000000e+00 3.599927327561092127e-03 0.000000000000000000e+00 1.000000000000000000e+00 0.000000000000000000e+00 0.000000000000000000e+00 0.000000000000000000e+00
1.200000000000000000e+01 4.799903103414715488e-03 1.137915339098771066e-04 9.998862084660901095e-01 0.000000000000000000e+00 0.000000000000000000e+00 0.000000000000000000e+00
1.500000000000000000e+01 5.999878879268338849e-03 6.827492034592626399e-04 9.993172507965407680e-01 0.000000000000000000e+00 0.000000000000000000e+00 0.000000000000000000e+00
1.800000000000000000e+01 7.199854655121962210e-03 7.965407373691396923e-04 9.992034592626308775e-01 0.000000000000000000e+00 0.000000000000000000e+00 0.000000000000000000e+00
2.100000000000000000e+01 8.399830430975585571e-03 2.275830678197542133e-04 9.997724169321802190e-01 0.000000000000000000e+00 0.000000000000000000e+00 0.000000000000000000e+00
2.400000000000000000e+01 9.599806206829208932e-03 5.689576695493854790e-04 9.994310423304506585e-01 0.000000000000000000e+00 0.000000000000000000e+00 0.000000000000000000e+00
2.700000000000000000e+01 1.079978198268305434e-02 3.413746017296313199e-04 9.996586253982703285e-01 0.000000000000000000e+00 0.000000000000000000e+00 0.000000000000000000e+00
3.000000000000000000e+01 1.199975775853667770e-02 4.551661356395084266e-04 9.995448338643604380e-01 0.000000000000000000e+00 0.000000000000000000e+00 0.000000000000000000e+00
3.300000000000000000e+01 1.319973353439030106e-02 7.965407373691396923e-04 9.992034592626308775e-01 0.000000000000000000e+00 0.000000000000000000e+00 0.000000000000000000e+00
3.600000000000000000e+01 1.439970931024392442e-02 1.934456076467910759e-03 9.980655439235320836e-01 0.000000000000000000e+00 0.000000000000000000e+00 0.000000000000000000e+00
3.900000000000000000e+01 1.559968508609754778e-02 1.934456076467910759e-03 9.980655439235320836e-01 0.000000000000000000e+00 0.000000000000000000e+00 0.000000000000000000e+00
4.200000000000000000e+01 1.679966086195139319e-02 1.820664542558033706e-03 9.981793354574419741e-01 0.000000000000000000e+00 0.000000000000000000e+00 0.000000000000000000e+00
4.500000000000000000e+01 1.799963663780501655e-02 2.048247610377787811e-03 9.978379608557123026e-01 0.000000000000000000e+00 1.137915339098771066e-04 0.000000000000000000e+00
4.800000000000000000e+01 1.919961241365863991e-02 1.706873008648156654e-03 9.982931269913518646e-01 0.000000000000000000e+00 0.000000000000000000e+00 0.000000000000000000e+00
5.100000000000000000e+01 2.039958818951226327e-02 1.479289940828402332e-03 9.985207100591716456e-01 0.000000000000000000e+00 0.000000000000000000e+00 0.000000000000000000e+00
5.400000000000000000e+01 2.159956396536588663e-02 1.479289940828402332e-03 9.985207100591716456e-01 0.000000000000000000e+00 0.000000000000000000e+00 0.000000000000000000e+00
5.700000000000000000e+01 2.279953974121950999e-02 1.706873008648156654e-03 9.982931269913518646e-01 0.000000000000000000e+00 0.000000000000000000e+00 0.000000000000000000e+00
6.000000000000000000e+01 2.399951551707335540e-02 1.934456076467910759e-03 9.980655439235320836e-01 0.000000000000000000e+00 0.000000000000000000e+00 0.000000000000000000e+00
6.300000000000000000e+01 2.519949129292697876e-02 1.706873008648156654e-03 9.982931269913518646e-01 0.000000000000000000e+00 0.000000000000000000e+00 0.000000000000000000e+00
6.600000000000000000e+01 2.639946706878060212e-02 2.162039144287664864e-03 9.977241693218024121e-01 0.000000000000000000e+00 1.137915339098771066e-04 0.000000000000000000e+00
6.900000000000000000e+01 2.759944284463422548e-02 1.820664542558033706e-03 9.980655439235320836e-01 0.000000000000000000e+00 1.137915339098771066e-04 0.000000000000000000e+00
7.200000000000000000e+01 2.879941862048784884e-02 2.730996813837050560e-03 9.972690031861629611e-01 0.000000000000000000e+00 0.000000000000000000e+00 0.000000000000000000e+00
7.500000000000000000e+01 2.999939439634169425e-02 3.072371415566681717e-03 9.969276285844332897e-01 0.000000000000000000e+00 0.000000000000000000e+00 0.000000000000000000e+00
7.800000000000000000e+01 3.119937017219531761e-02 2.617205279927173507e-03 9.973827947200728516e-01 0.000000000000000000e+00 0.000000000000000000e+00 0.000000000000000000e+00
8.100000000000000000e+01 3.239934594804894097e-02 1.706873008648156654e-03 9.982931269913518646e-01 0.000000000000000000e+00 0.000000000000000000e+00 0.000000000000000000e+00
8.400000000000000000e+01 3.359932172390256433e-02 1.365498406918525280e-03 9.985207100591716456e-01 0.000000000000000000e+00 1.137915339098771066e-04 0.000000000000000000e+00
8.700000000000000000e+01 3.479929749975618769e-02 3.072371415566681717e-03 9.967000455166135087e-01 0.000000000000000000e+00 2.275830678197542133e-04 0.000000000000000000e+00
9.000000000000000000e+01 3.599927327560981105e-02 3.413746017296313308e-03 9.962448793809740577e-01 0.000000000000000000e+00 3.413746017296313199e-04 0.000000000000000000e+00
9.300000000000000000e+01 3.719924905146365646e-02 2.162039144287664864e-03 9.974965862539827421e-01 0.000000000000000000e+00 3.413746017296313199e-04 0.000000000000000000e+00
9.600000000000000000e+01 3.839922482731727982e-02 2.503413746017296455e-03 9.971552116522530707e-01 0.000000000000000000e+00 3.413746017296313199e-04 0.000000000000000000e+00
9.900000000000000000e+01 3.959920060317090318e-02 4.437869822485207214e-03 9.955621301775148257e-01 0.000000000000000000e+00 0.000000000000000000e+00 0.000000000000000000e+00
1.020000000000000000e+02 4.079917637902452654e-02 5.234410559854347014e-03 9.947655894401457033e-01 0.000000000000000000e+00 0.000000000000000000e+00 0.000000000000000000e+00
1.050000000000000000e+02 4.199915215487814990e-02 5.803368229403732710e-03 9.938552571688666903e-01 0.000000000000000000e+00 3.413746017296313199e-04 0.000000000000000000e+00
1.080000000000000000e+02 4.319912793073199531e-02 5.917159763313609329e-03 9.935138825671370189e-01 0.000000000000000000e+00 5.689576695493854790e-04 0.000000000000000000e+00
1.110000000000000000e+02 4.439910370658561867e-02 5.234410559854347014e-03 9.946517979062358128e-01 0.000000000000000000e+00 1.137915339098771066e-04 0.000000000000000000e+00
1.140000000000000000e+02 4.559907948243924203e-02 5.234410559854347014e-03 9.944242148384160318e-01 0.000000000000000000e+00 3.413746017296313199e-04 0.000000000000000000e+00
1.170000000000000000e+02 4.679905525829286539e-02 6.372325898953117539e-03 9.934000910332271284e-01 0.000000000000000000e+00 2.275830678197542133e-04 0.000000000000000000e+00
1.200000000000000000e+02 4.799903103414648875e-02 8.192990441511151245e-03 9.916932180245789930e-01 0.000000000000000000e+00 1.137915339098771066e-04 0.000000000000000000e+00
1.230000000000000000e+02 4.919900681000011211e-02 8.761948111060537808e-03 9.911242603550295405e-01 0.000000000000000000e+00 1.137915339098771066e-04 0.000000000000000000e+00
1.260000000000000000e+02 5.039898258585395752e-02 8.648156577150659455e-03 9.911242603550295405e-01 0.000000000000000000e+00 2.275830678197542133e-04 0.000000000000000000e+00
1.290000000000000000e+02 5.159895836170758088e-02 6.941283568502503235e-03 9.927173418297678964e-01 0.000000000000000000e+00 3.413746017296313199e-04 0.000000000000000000e+00
1.320000000000000000e+02 5.279893413756120424e-02 9.103322712790167665e-03 9.908966772872098705e-01 0.000000000000000000e+00 0.000000000000000000e+00 0.000000000000000000e+00
1.350000000000000000e+02 5.399890991341482760e-02 1.285844333181611343e-02 9.864588074647245852e-01 0.000000000000000000e+00 6.827492034592626399e-04 0.000000000000000000e+00
1.380000000000000000e+02 5.519888568926845096e-02 1.502048247610377786e-02 9.846381429221665593e-01 0.000000000000000000e+00 3.413746017296313199e-04 0.000000000000000000e+00
1.410000000000000000e+02 5.639886146512207432e-02 1.558944014565316269e-02 9.837278106508875464e-01 0.000000000000000000e+00 6.827492034592626399e-04 0.000000000000000000e+00
1.440000000000000000e+02 5.759883724097591973e-02 1.581702321347291593e-02 9.832726445152480954e-01 0.000000000000000000e+00 9.103322712790168532e-04 0.000000000000000000e+00
1.470000000000000000e+02 5.879881301682954309e-02 1.479289940828402289e-02 9.842967683204369989e-01 0.000000000000000000e+00 9.103322712790168532e-04 0.000000000000000000e+00
1.500000000000000000e+02 5.999878879268316645e-02 1.308602639963586667e-02 9.865725989986344757e-01 0.000000000000000000e+00 3.413746017296313199e-04 0.000000000000000000e+00
1.530000000000000000e+02 6.119876456853678981e-02 1.433773327264451468e-02 9.853208921256259023e-01 0.000000000000000000e+00 3.413746017296313199e-04 0.000000000000000000e+00
1.560000000000000000e+02 6.239874034439041317e-02 1.649977241693217911e-02 9.827036868456986429e-01 0.000000000000000000e+00 7.965407373691396923e-04 0.000000000000000000e+00
1.590000000000000000e+02 6.359871612024425858e-02 1.991351843422849502e-02 9.794037323623122626e-01 0.000000000000000000e+00 6.827492034592626399e-04 0.000000000000000000e+00
1.620000000000000000e+02 6.479869189609788194e-02 2.036868456986800149e-02 9.787209831588530307e-01 0.000000000000000000e+00 9.103322712790168532e-04 0.000000000000000000e+00
1.650000000000000000e+02 6.599866767195150530e-02 2.298588984979517413e-02 9.757624032771962108e-01 0.000000000000000000e+00 1.251706873008648227e-03 0.000000000000000000e+00
1.680000000000000000e+02 6.719864344780512866e-02 2.503413746017296368e-02 9.742831133363677454e-01 0.000000000000000000e+00 6.827492034592626399e-04 0.000000000000000000e+00
1.710000000000000000e+02 6.839861922365875202e-02 2.662721893491124328e-02 9.725762403277196100e-01 0.000000000000000000e+00 7.965407373691396923e-04 0.000000000000000000e+00
1.740000000000000000e+02 6.959859499951237538e-02 2.651342740100136666e-02 9.725762403277196100e-01 0.000000000000000000e+00 9.103322712790168532e-04 0.000000000000000000e+00
1.770000000000000000e+02 7.079857077536622079e-02 3.038233955393718558e-02 9.683659535730542167e-01 0.000000000000000000e+00 1.251706873008648227e-03 0.000000000000000000e+00
1.800000000000000000e+02 7.199854655121984415e-02 3.106508875739644876e-02 9.672280382339554228e-01 0.000000000000000000e+00 1.706873008648156654e-03 0.000000000000000000e+00
1.830000000000000000e+02 7.319852232707346751e-02 3.095129722348657214e-02 9.670004551661356418e-01 0.000000000000000000e+00 2.048247610377787811e-03 0.000000000000000000e+00
1.860000000000000000e+02 7.439849810292709087e-02 3.584433318161128756e-02 9.626763768775603580e-01 0.000000000000000000e+00 1.479289940828402332e-03 0.000000000000000000e+00
1.890000000000000000e+02 7.559847387878071423e-02 3.891670459717797015e-02 9.583522985889849632e-01 0.000000000000000000e+00 2.730996813837050560e-03 0.000000000000000000e+00
1.920000000000000000e+02 7.679844965463455964e-02 4.085116067364587961e-02 9.568730086481566088e-01 0.000000000000000000e+00 2.275830678197541916e-03 0.000000000000000000e+00
1.950000000000000000e+02 7.799842543048818300e-02 4.710969503868912139e-02 9.503868912152936277e-01 0.000000000000000000e+00 2.503413746017296455e-03 0.000000000000000000e+00
1.980000000000000000e+02 7.919840120634180636e-02 5.405097860719162289e-02 9.431042330450614131e-01 0.000000000000000000e+00 2.844788347746927612e-03 0.000000000000000000e+00
2.010000000000000000e+02 8.039837698219542972e-02 5.996813837050523482e-02 9.370732817478379939e-01 0.000000000000000000e+00 2.958579881656804664e-03 0.000000000000000000e+00
2.040000000000000000e+02 8.159835275804905308e-02 6.486117432862995025e-02 9.326354119253527086e-01 0.000000000000000000e+00 2.503413746017296455e-03 0.000000000000000000e+00
2.070000000000000000e+02 8.279832853390267644e-02 6.781975421028675621e-02 9.288802913063267663e-01 0.000000000000000000e+00 3.299954483386436255e-03 0.000000000000000000e+00
2.100000000000000000e+02 8.399830430975652185e-02 7.214383249886208160e-02 9.241010468821119206e-01 0.000000000000000000e+00 3.755120619025944465e-03 0.000000000000000000e+00
2.130000000000000000e+02 8.519828008561014521e-02 7.248520710059171146e-02 9.229631315430132377e-01 0.000000000000000000e+00 4.551661356395083832e-03 0.000000000000000000e+00
2.160000000000000000e+02 8.639825586146376857e-02 7.726445152480655720e-02 9.189804278561675144e-01 0.000000000000000000e+00 3.755120619025944465e-03 0.000000000000000000e+00
2.190000000000000000e+02 8.759823163731739193e-02 8.124715521165225274e-02 9.152253072371415721e-01 0.000000000000000000e+00 3.527537551206190360e-03 0.000000000000000000e+00
2.220000000000000000e+02 8.879820741317101529e-02 8.932635411925353430e-02 9.064633591260810030e-01 0.000000000000000000e+00 4.210286754665453109e-03 0.000000000000000000e+00
2.250000000000000000e+02 8.999818318902486070e-02 9.626763768775603580e-02 8.999772416932180219e-01 0.000000000000000000e+00 3.755120619025944465e-03 0.000000000000000000e+00
2.280000000000000000e+02 9.119815896487848406e-02 1.033227127901684139e-01 8.901911697769685494e-01 0.000000000000000000e+00 6.486117432862995025e-03 0.000000000000000000e+00
2.310000000000000000e+02 9.239813474073210742e-02 1.085571233500227523e-01 8.854119253527537037e-01 0.000000000000000000e+00 6.030951297223486815e-03 0.000000000000000000e+00
2.340000000000000000e+02 9.359811051658573078e-02 1.213017751479289891e-01 8.739189804278562068e-01 0.000000000000000000e+00 4.779244424214838804e-03 0.000000000000000000e+00
2.370000000000000000e+02 9.479808629243935414e-02 1.241465634956759184e-01 8.702776513427401550e-01 0.000000000000000000e+00 5.575785161583977738e-03 0.000000000000000000e+00
2.400000000000000000e+02 9.599806206829297750e-02 1.253982703686845612e-01 8.676604460628128956e-01 0.000000000000000000e+00 6.941283568502503235e-03 0.000000000000000000e+00
2.430000000000000000e+02 9.719803784414682291e-02 1.383705052344105513e-01 8.544606281292671524e-01 0.000000000000000000e+00 7.168866636322257339e-03 0.000000000000000000e+00
2.460000000000000000e+02 9.839801362000044627e-02 1.461083295402822169e-01 8.461538461538461453e-01 0.000000000000000000e+00 7.737824305871643035e-03 0.000000000000000000e+00
2.490000000000000000e+02 9.959798939585406963e-02 1.540737369139736079e-01 8.379608557123350288e-01 0.000000000000000000e+00 7.965407373691398007e-03 0.000000000000000000e+00
2.520000000000000000e+02 1.007979651717076930e-01 1.634046426945835184e-01 8.273782430587164338e-01 0.000000000000000000e+00 9.217114246700046018e-03 0.000000000000000000e+00
2.550000000000000000e+02 1.019979409475613163e-01 1.702321347291761433e-01 8.196404187528447682e-01 0.000000000000000000e+00 1.012744651797906244e-02 0.000000000000000000e+00
2.580000000000000000e+02 1.031979167234151618e-01 1.805871643149749572e-01 8.081474738279471604e-01 0.000000000000000000e+00 1.126536185707783383e-02 0.000000000000000000e+00
2.610000000000000000e+02 1.043978924992687851e-01 1.946973145197997135e-01 7.930131998179335007e-01 0.000000000000000000e+00 1.228948566226672687e-02 0.000000000000000000e+00
2.640000000000000000e+02 1.055978682751224085e-01 2.114246700045516736e-01 7.766272189349112676e-01 0.000000000000000000e+00 1.194811106053709528e-02 0.000000000000000000e+00
2.670000000000000000e+02 1.067978440509760318e-01 2.213245334547109811e-01 7.649066909421938787e-01 0.000000000000000000e+00 1.376877560309512985e-02 0.000000000000000000e+00
2.700000000000000000e+02 1.079978198268296552e-01 2.375967228038234069e-01 7.490896677287209870e-01 0.000000000000000000e+00 1.331360946745562164e-02 0.000000000000000000e+00
2.730000000000000000e+02 1.091977956026832786e-01 2.518206645425580259e-01 7.335002275830677654e-01 0.000000000000000000e+00 1.467910787437414627e-02 0.000000000000000000e+00
2.760000000000000000e+02 1.103977713785371240e-01 2.565999089667728716e-01 7.259899863450158808e-01 0.000000000000000000e+00 1.741010468821119553e-02 0.000000000000000000e+00
2.790000000000000000e+02 1.115977471543907473e-01 2.666135639508420696e-01 7.148384160218479444e-01 0.000000000000000000e+00 1.854802002730996865e-02 0.000000000000000000e+00
2.820000000000000000e+02 1.127977229302443707e-01 2.881201638598088199e-01 6.920801092398725096e-01 0.000000000000000000e+00 1.979972690031861493e-02 0.000000000000000000e+00
2.850000000000000000e+02 1.139976987060979940e-01 3.023441055985434667e-01 6.758079198907601670e-01 0.000000000000000000e+00 2.184797451069640448e-02 0.000000000000000000e+00
2.880000000000000000e+02 1.151976744819516174e-01 3.159990896677287164e-01 6.605598543468366168e-01 0.000000000000000000e+00 2.344105598543468408e-02 0.000000000000000000e+00
2.910000000000000000e+02 1.163976502578054628e-01 3.369367319071461253e-01 6.388256713700500855e-01 0.000000000000000000e+00 2.423759672280382388e-02 0.000000000000000000e+00
2.940000000000000000e+02 1.175976260336590862e-01 3.467228038233955423e-01 6.258534365043241232e-01 1.137915339098771066e-04 2.730996813837050646e-02 0.000000000000000000e+00
2.970000000000000000e+02 1.187976018095127095e-01 3.653846153846153633e-01 6.037778789258079204e-01 1.137915339098771066e-04 3.072371415566681890e-02 0.000000000000000000e+00
3.000000000000000000e+02 1.199975775853663329e-01 3.824533454710969393e-01 5.838643604915794150e-01 2.275830678197542133e-04 3.345471096950387163e-02 0.000000000000000000e+00
3.030000000000000000e+02 1.211975533612199563e-01 3.898497951752389890e-01 5.732817478379608200e-01 2.275830678197542133e-04 3.664087391898043083e-02 0.000000000000000000e+00
3.060000000000000000e+02 1.223975291370735796e-01 4.050978607191624836e-01 5.565543923532089154e-01 2.275830678197542133e-04 3.812016385980882688e-02 0.000000000000000000e+00
3.090000000000000000e+02 1.235975049129274250e-01 4.189804278561675144e-01 5.415339098771051463e-01 3.413746017296313199e-04 3.914428766499772339e-02 0.000000000000000000e+00
3.120000000000000000e+02 1.247974806887810484e-01 4.329767865270823801e-01 5.269685935366408280e-01 1.137915339098771066e-04 3.994082840236686666e-02 0.000000000000000000e+00
3.150000000000000000e+02 1.259974564646346717e-01 4.505006827492034627e-01 5.097860719162494725e-01 1.137915339098771066e-04 3.959945380063722986e-02 0.000000000000000000e+00
3.180000000000000000e+02 1.271974322404882951e-01 4.616522530723713991e-01 4.943104233045061413e-01 2.275830678197542133e-04 4.380974055530268557e-02 0.000000000000000000e+00
3.210000000000000000e+02 1.283974080163419185e-01 4.737141556668184039e-01 4.790623577605825911e-01 3.413746017296313199e-04 4.688211197086936816e-02 0.000000000000000000e+00
3.240000000000000000e+02 1.295973837921957639e-01 4.872553482020937632e-01 4.621074192080109055e-01 5.689576695493854790e-04 5.006827492034592736e-02 0.000000000000000000e+00
3.270000000000000000e+02 1.307973595680493872e-01 4.997724169321802190e-01 4.470869367319071364e-01 5.689576695493854790e-04 5.257168866636321991e-02 0.000000000000000000e+00
3.300000000000000000e+02 1.319973353439030106e-01 5.190031861629494925e-01 4.260355029585798925e-01 6.827492034592626399e-04 5.427856167501137613e-02 0.000000000000000000e+00
3.330000000000000000e+02 1.331973111197566340e-01 5.337960855712334807e-01 4.090805644060082069e-01 4.551661356395084266e-04 5.666818388711879900e-02 0.000000000000000000e+00
3.360000000000000000e+02 1.343972868956102573e-01 5.414201183431952558e-01 3.975876194811105990e-01 9.103322712790168532e-04 6.008192990441511144e-02 0.000000000000000000e+00
3.390000000000000000e+02 1.355972626714638807e-01 5.485889849795174689e-01 3.875739644970414011e-01 1.706873008648156654e-03 6.213017751479289752e-02 0.000000000000000000e+00
3.420000000000000000e+02 1.367972384473177261e-01 5.581474738279471604e-01 3.702776513427400995e-01 1.820664542558033706e-03 6.975421028675465873e-02 0.000000000000000000e+00
3.450000000000000000e+02 1.379972142231713494e-01 5.714610832954027941e-01 3.555985434683659463e-01 1.934456076467910759e-03 7.100591715976331542e-02 0.000000000000000000e+00
3.480000000000000000e+02 1.391971899990249728e-01 5.854574419663176599e-01 3.385298133818843702e-01 1.934456076467910759e-03 7.407828857532999800e-02 0.000000000000000000e+00
3.510000000000000000e+02 1.403971657748785962e-01 6.063950842057350687e-01 3.163404642694583324e-01 2.275830678197541916e-03 7.498862084660901095e-02 0.000000000000000000e+00
3.540000000000000000e+02 1.415971415507322195e-01 6.220983158852981809e-01 2.973372781065088954e-01 2.730996813837050560e-03 7.783340919435594030e-02 0.000000000000000000e+00
3.570000000000000000e+02 1.427971173265860649e-01 6.359808830223031562e-01 2.795857988165680319e-01 4.096495220755575623e-03 8.033682294037323979e-02 0.000000000000000000e+00
3.600000000000000000e+02 1.439970931024396883e-01 6.439462903959944917e-01 2.649066909421938787e-01 4.551661356395083832e-03 8.659535730541648157e-02 0.000000000000000000e+00
3.630000000000000000e+02 1.451970688782933117e-01 6.517979062357760478e-01 2.534137460172963263e-01 5.234410559854347014e-03 8.955393718707328754e-02 0.000000000000000000e+00
3.660000000000000000e+02 1.463970446541469350e-01 6.640873918980427781e-01 2.379380974055530229e-01 5.803368229403732710e-03 9.217114246700044977e-02 0.000000000000000000e+00
3.690000000000000000e+02 1.475970204300005584e-01 6.728493400091033472e-01 2.240555302685480199e-01 5.461993627674101119e-03 9.763313609467455523e-02 0.000000000000000000e+00
3.720000000000000000e+02 1.487969962058541817e-01 6.827492034592625991e-01 2.119936276741010428e-01 5.348202093764223633e-03 9.990896677287210148e-02 0.000000000000000000e+00
3.750000000000000000e+02 1.499969719817080271e-01 6.950386891215293295e-01 1.966317705962676299e-01 5.461993627674101119e-03 1.028675466545289074e-01 0.000000000000000000e+00
3.780000000000000000e+02 1.511969477575616505e-01 7.034592626308602270e-01 1.844560764679107900e-01 6.372325898953117539e-03 1.057123350022758368e-01 0.000000000000000000e+00
3.810000000000000000e+02 1.523969235334152739e-01 7.080109239872554028e-01 1.760355029585798925e-01 7.282658170232134826e-03 1.086709148839326289e-01 0.000000000000000000e+00
3.840000000000000000e+02 1.535968993092688972e-01 7.127901684114701375e-01 1.673873463814292140e-01 8.079198907601274626e-03 1.117432862994993115e-01 0.000000000000000000e+00
3.870000000000000000e+02 1.547968750851225206e-01 7.197314519799726806e-01 1.577150659990896597e-01 8.761948111060537808e-03 1.137915339098771045e-01 0.000000000000000000e+00
3.900000000000000000e+02 1.559968508609763660e-01 7.205279927173418031e-01 1.532771961766044577e-01 8.989531178880291046e-03 1.172052799271734169e-01 0.000000000000000000e+00
3.930000000000000000e+02 1.571968266368299894e-01 7.243969048702776359e-01 1.465634956759217233e-01 9.672280382339554228e-03 1.193673190714610866e-01 0.000000000000000000e+00
3.960000000000000000e+02 1.583968024126836127e-01 7.327036868456986429e-01 1.348429676832043622e-01 1.103777878925807886e-02 1.214155666818388657e-01 0.000000000000000000e+00
3.990000000000000000e+02 1.595967781885372361e-01 7.411242603550295405e-01 1.227810650887573990e-01 1.217569412835685025e-02 1.239189804278561652e-01 0.000000000000000000e+00
4.020000000000000000e+02 1.607967539643908594e-01 7.457897132453344957e-01 1.149294492489758707e-01 1.308602639963586667e-02 1.261948111060537114e-01 0.000000000000000000e+00
4.050000000000000000e+02 1.619967297402444828e-01 7.511379153390987939e-01 1.084433318161128756e-01 1.445152480655439303e-02 1.259672280382339582e-01 0.000000000000000000e+00
4.080000000000000000e+02 1.631967055160983282e-01 7.563723258989530907e-01 9.968138370505234824e-02 1.490669094219390124e-02 1.290395994538006408e-01 0.000000000000000000e+00
4.110000000000000000e+02 1.643966812919519516e-01 7.613791533909877174e-01 9.512972234865725574e-02 1.570323167956303931e-02 1.277878925807919841e-01 0.000000000000000000e+00
4.140000000000000000e+02 1.655966570678055749e-01 7.683204369594902605e-01 9.182976786527081992e-02 1.638598088302230249e-02 1.234638142922166587e-01 0.000000000000000000e+00
4.170000000000000000e+02 1.667966328436591983e-01 7.713928083750568598e-01 8.909877105143376719e-02 1.661356395084205573e-02 1.228948566226672756e-01 0.000000000000000000e+00
4.200000000000000000e+02 1.679966086195128216e-01 7.742375967228037892e-01 8.636777423759672834e-02 1.820664542558033533e-02 1.211879836140191125e-01 0.000000000000000000e+00
4.230000000000000000e+02 1.691965843953664450e-01 7.720755575785162028e-01 8.295402822030041590e-02 1.843422849340009204e-02 1.265361857077833274e-01 0.000000000000000000e+00
4.260000000000000000e+02 1.703965601712202904e-01 7.775375512061902805e-01 7.692307692307692735e-02 1.877560309512972189e-02 1.267637687756031084e-01 0.000000000000000000e+00
4.290000000000000000e+02 1.715965359470739138e-01 7.867546654528903005e-01 7.248520710059171146e-02 1.911697769685935522e-02 1.216431497496586189e-01 0.000000000000000000e+00
4.320000000000000000e+02 1.727965117229275371e-01 7.867546654528903005e-01 6.964041875284478211e-02 2.071005917159763482e-02 1.228948566226672756e-01 0.000000000000000000e+00
4.350000000000000000e+02 1.739964874987811605e-01 7.874374146563495325e-01 6.634046426945834629e-02 2.093764223941738806e-02 1.252844788347746985e-01 0.000000000000000000e+00
4.380000000000000000e+02 1.751964632746347839e-01 7.902822030040964618e-01 6.611288120163859305e-02 2.332726445152480746e-02 1.202776513427400995e-01 0.000000000000000000e+00
4.410000000000000000e+02 1.763964390504886293e-01 7.931269913518433912e-01 6.315430131998178709e-02 2.537551206190259354e-02 1.183431952662721831e-01 0.000000000000000000e+00
4.440000000000000000e+02 1.775964148263422526e-01 7.989303595812471404e-01 6.201638598088302090e-02 2.423759672280382388e-02 1.148156577150659940e-01 0.000000000000000000e+00
4.470000000000000000e+02 1.787963906021958760e-01 7.998406918525261533e-01 5.837505689576695522e-02 2.810650887573964626e-02 1.136777423759672279e-01 0.000000000000000000e+00
4.500000000000000000e+02 1.799963663780494993e-01 8.022303140646336317e-01 6.008192990441511144e-02 2.810650887573964626e-02 1.095812471552116557e-01 0.000000000000000000e+00
4.530000000000000000e+02 1.811963421539031227e-01 8.018889394629039602e-01 6.042330450614474130e-02 2.867546654528902936e-02 1.090122894856622726e-01 0.000000000000000000e+00
4.560000000000000000e+02 1.823963179297567461e-01 8.047337278106508895e-01 5.780609922621757213e-02 2.810650887573964626e-02 1.093536640873919025e-01 0.000000000000000000e+00
4.590000000000000000e+02 1.835962937056105915e-01 8.055302685480200120e-01 5.541647701411014926e-02 3.060992262175694228e-02 1.084433318161128756e-01 0.000000000000000000e+00
4.620000000000000000e+02 1.847962694814642148e-01 8.037096040054619861e-01 5.450614474283113631e-02 3.129267182521620200e-02 1.104915794264906687e-01 0.000000000000000000e+00
4.650000000000000000e+02 1.859962452573178382e-01 8.083750568957669413e-01 5.393718707328174627e-02 3.083750568957669552e-02 1.068502503413746030e-01 0.000000000000000000e+00
4.680000000000000000e+02 1.871962210331714616e-01 8.133818843878015681e-01 5.336822940373236318e-02 3.049613108784706567e-02 1.027537551206190308e-01 0.000000000000000000e+00
4.710000000000000000e+02 1.883961968090250849e-01 8.206645425580336717e-01 5.075102412380518707e-02 2.992717341829767910e-02 9.865725989986344480e-02 0.000000000000000000e+00
4.740000000000000000e+02 1.895961725848789303e-01 8.243058716431497235e-01 4.779244424214838111e-02 3.038233955393718558e-02 9.751934456076467861e-02 0.000000000000000000e+00
4.770000000000000000e+02 1.907961483607325537e-01 8.318161128812016081e-01 4.676832043695949154e-02 3.049613108784706567e-02 9.091943559399180697e-02 0.000000000000000000e+00
4.800000000000000000e+02 1.919961241365861770e-01 8.338643604915794150e-01 4.608557123350022489e-02 3.049613108784706567e-02 8.955393718707328754e-02 0.000000000000000000e+00
4.830000000000000000e+02 1.931960999124398004e-01 8.350022758306782089e-01 4.415111515703231543e-02 3.243058716431497512e-02 8.841602184797450747e-02 0.000000000000000000e+00
4.860000000000000000e+02 1.943960756882934238e-01 8.315885298133819381e-01 4.472007282658170546e-02 3.436504324078288458e-02 8.932635411925353430e-02 0.000000000000000000e+00
4.890000000000000000e+02 1.955960514641470471e-01 8.356850250341374409e-01 4.449248975876194528e-02 3.538916704597178109e-02 8.443331816112881194e-02 0.000000000000000000e+00
4.920000000000000000e+02 1.967960272400008925e-01 8.402366863905325056e-01 4.142011834319526964e-02 3.584433318161128756e-02 8.249886208466089554e-02 0.000000000000000000e+00
4.950000000000000000e+02 1.979960030158545159e-01 8.446745562130177909e-01 3.880291306326809353e-02 3.561675011379153433e-02 8.090578060992262288e-02 0.000000000000000000e+00
4.980000000000000000e+02 1.991959787917081393e-01 8.456986800182066943e-01 3.903049613108784677e-02 3.561675011379153433e-02 7.965407373691398007e-02 0.000000000000000000e+00
5.010000000000000000e+02 2.003959545675617626e-01 8.527537551206190169e-01 3.846153846153846367e-02 3.390987710514337811e-02 7.487482931269913433e-02 0.000000000000000000e+00
5.040000000000000000e+02 2.015959303434153860e-01 8.567364588074647402e-01 3.846153846153846367e-02 3.345471096950387163e-02 7.134729176149294527e-02 0.000000000000000000e+00
5.070000000000000000e+02 2.027959061192692314e-01 8.610605370960400240e-01 3.732362312243969055e-02 3.311333636777423484e-02 6.850250341374601593e-02 0.000000000000000000e+00
5.100000000000000000e+02 2.039958818951228547e-01 8.624260355029585989e-01 3.641329085116067066e-02 3.231679563040509851e-02 6.884387801547564578e-02 0.000000000000000000e+00
5.130000000000000000e+02 2.051958576709764781e-01 8.659535730541647602e-01 3.641329085116067066e-02 3.254437869822485174e-02 6.508875739644970349e-02 0.000000000000000000e+00
5.160000000000000000e+02 2.063958334468301015e-01 8.652708238507055283e-01 3.550295857988165771e-02 3.345471096950387163e-02 6.577150659990896320e-02 0.000000000000000000e+00
5.190000000000000000e+02 2.075958092226837248e-01 8.734638142922166448e-01 3.390987710514337811e-02 3.140646335912607862e-02 6.121984524351388457e-02 0.000000000000000000e+00
5.220000000000000000e+02 2.087957849985373482e-01 8.743741465634956578e-01 3.311333636777423484e-02 2.958579881656804578e-02 6.292671825216203385e-02 0.000000000000000000e+00
5.250000000000000000e+02 2.099957607743911936e-01 8.719845243513882904e-01 3.368229403732362487e-02 2.913063268092853930e-02 6.520254893035958010e-02 0.000000000000000000e+00
5.280000000000000000e+02 2.111957365502448170e-01 8.749431042330451103e-01 3.447883477469276120e-02 2.696859353664087314e-02 6.360946745562130744e-02 0.000000000000000000e+00
5.310000000000000000e+02 2.123957123260984403e-01 8.776741010468821491e-01 3.140646335912607862e-02 2.901684114701866268e-02 6.190259444697314428e-02 0.000000000000000000e+00
5.340000000000000000e+02 2.135956881019520637e-01 8.753982703686845612e-01 3.208921256258534527e-02 3.004096495220755572e-02 6.247155211652252738e-02 0.000000000000000000e+00
5.370000000000000000e+02 2.147956638778056870e-01 8.777878925807920396e-01 3.129267182521620200e-02 3.208921256258534527e-02 5.883022303140646170e-02 0.000000000000000000e+00
5.400000000000000000e+02 2.159956396536595324e-01 8.824533454710969949e-01 2.992717341829767910e-02 3.072371415566681890e-02 5.689576695493855224e-02 0.000000000000000000e+00
5.430000000000000000e+02 2.171956154295131558e-01 8.838188438780154588e-01 2.924442421483841592e-02 3.072371415566681890e-02 5.621301775147929253e-02 0.000000000000000000e+00
5.460000000000000000e+02 2.183955912053667792e-01 8.849567592171142527e-01 2.844788347746927612e-02 3.186162949476559203e-02 5.473372781065088954e-02 0.000000000000000000e+00
5.490000000000000000e+02 2.195955669812204025e-01 8.893946290395994270e-01 2.822030040964952288e-02 3.004096495220755572e-02 5.234410559854346667e-02 0.000000000000000000e+00
5.520000000000000000e+02 2.207955427570740259e-01 8.929221665908056993e-01 2.867546654528902936e-02 3.060992262175694228e-02 4.779244424214838111e-02 0.000000000000000000e+00
5.550000000000000000e+02 2.219955185329276492e-01 8.922394173873463563e-01 2.969959035047792587e-02 3.129267182521620200e-02 4.676832043695949154e-02 0.000000000000000000e+00
5.580000000000000000e+02 2.231954943087814947e-01 8.944014565316340537e-01 2.810650887573964626e-02 3.015475648611743234e-02 4.733727810650887463e-02 0.000000000000000000e+00
5.610000000000000000e+02 2.243954700846351180e-01 8.924670004551661373e-01 2.913063268092853930e-02 3.072371415566681890e-02 4.767865270823850449e-02 0.000000000000000000e+00
5.640000000000000000e+02 2.255954458604887414e-01 8.964497041420118606e-01 2.628584433318160996e-02 3.095129722348657214e-02 4.631315430131998506e-02 0.000000000000000000e+00
5.670000000000000000e+02 2.267954216363423647e-01 8.971324533454710926e-01 2.662721893491124328e-02 3.334091943559399501e-02 4.289940828402366568e-02 0.000000000000000000e+00
5.700000000000000000e+02 2.279953974121959881e-01 8.953117888029130667e-01 2.639963586709149004e-02 3.243058716431497512e-02 4.585798816568047165e-02 0.000000000000000000e+00
5.730000000000000000e+02 2.291953731880498335e-01 8.955393718707328476e-01 2.662721893491124328e-02 3.299954483386435822e-02 4.483386436049158208e-02 0.000000000000000000e+00
5.760000000000000000e+02 2.303953489639034569e-01 8.974738279472007640e-01 2.799271734182976618e-02 3.186162949476559203e-02 4.267182521620391245e-02 0.000000000000000000e+00
5.790000000000000000e+02 2.315953247397570802e-01 8.969048702776513116e-01 2.947200728265816916e-02 3.254437869822485174e-02 4.107874374146563284e-02 0.000000000000000000e+00
5.820000000000000000e+02 2.327953005156107036e-01 8.975876194811106545e-01 3.049613108784706567e-02 3.174783796085571541e-02 4.016841147018661989e-02 0.000000000000000000e+00
5.850000000000000000e+02 2.339952762914643269e-01 8.971324533454710926e-01 3.026854802002730896e-02 3.265817023213472836e-02 3.994082840236686666e-02 0.000000000000000000e+00
5.880000000000000000e+02 2.351952520673179503e-01 9.014565316340463763e-01 2.924442421483841592e-02 2.810650887573964626e-02 4.107874374146563284e-02 1.137915339098771066e-04
5.910000000000000000e+02 2.363952278431717957e-01 9.027082385070550608e-01 2.844788347746927612e-02 2.844788347746927612e-02 4.028220300409649651e-02 1.137915339098771066e-04
5.940000000000000000e+02 2.375952036190254191e-01 9.044151115157031962e-01 2.844788347746927612e-02 2.856167501137915274e-02 3.846153846153846367e-02 1.137915339098771066e-04
5.970000000000000000e+02 2.387951793948790424e-01 9.023668639053253893e-01 3.004096495220755572e-02 3.004096495220755572e-02 3.755120619025944378e-02 0.000000000000000000e+00
6.000000000000000000e+02 2.399951551707326658e-01 9.053254437869822091e-01 3.026854802002730896e-02 2.935821574874829254e-02 3.504779244424215123e-02 0.000000000000000000e+00
6.030000000000000000e+02 2.411951309465862892e-01 9.062357760582612221e-01 3.038233955393718558e-02 2.924442421483841592e-02 3.413746017296313134e-02 0.000000000000000000e+00
6.060000000000000000e+02 2.423951067224401346e-01 9.058944014565316616e-01 3.163404642694583185e-02 3.038233955393718558e-02 3.208921256258534527e-02 0.000000000000000000e+00
6.090000000000000000e+02 2.435950824982937579e-01 9.079426490669094685e-01 3.038233955393718558e-02 3.140646335912607862e-02 3.026854802002730896e-02 0.000000000000000000e+00
6.120000000000000000e+02 2.447950582741473813e-01 9.083978152025489194e-01 3.117888029130632538e-02 2.901684114701866268e-02 3.117888029130632538e-02 2.275830678197542133e-04
6.150000000000000000e+02 2.459950340500010046e-01 9.128356850250340937e-01 2.878925807919890598e-02 3.015475648611743234e-02 2.799271734182976618e-02 2.275830678197542133e-04
6.180000000000000000e+02 2.471950098258546280e-01 9.149977241693217911e-01 2.765134274010013632e-02 2.935821574874829254e-02 2.787892580791988956e-02 1.137915339098771066e-04
6.210000000000000000e+02 2.483949856017082514e-01 9.134046426945835462e-01 2.924442421483841592e-02 2.901684114701866268e-02 2.822030040964952288e-02 1.137915339098771066e-04
6.240000000000000000e+02 2.495949613775620968e-01 9.163632225762403660e-01 2.753755120619025970e-02 2.776513427401001294e-02 2.822030040964952288e-02 1.137915339098771066e-04
6.270000000000000000e+02 2.507949371534157201e-01 9.186390532544378429e-01 2.822030040964952288e-02 2.674101046882111990e-02 2.628584433318160996e-02 1.137915339098771066e-04
6.300000000000000000e+02 2.519949129292693435e-01 9.170459717796995980e-01 2.867546654528902936e-02 2.753755120619025970e-02 2.674101046882111990e-02 0.000000000000000000e+00
6.330000000000000000e+02 2.531948887051229669e-01 9.198907601274465273e-01 2.708238507055074976e-02 2.674101046882111990e-02 2.628584433318160996e-02 0.000000000000000000e+00
6.360000000000000000e+02 2.543948644809765902e-01 9.165908056440600360e-01 2.617205279927173334e-02 2.833409194355939950e-02 2.890304961310878606e-02 0.000000000000000000e+00
6.390000000000000000e+02 2.555948402568304356e-01 9.176149294492489394e-01 2.674101046882111990e-02 2.799271734182976618e-02 2.765134274010013632e-02 0.000000000000000000e+00
6.420000000000000000e+02 2.567948160326840590e-01 9.195493855257168558e-01 2.583067819754210348e-02 2.901684114701866268e-02 2.560309512972235024e-02 0.000000000000000000e+00
6.450000000000000000e+02 2.579947918085376823e-01 9.206873008648156498e-01 2.492034592626308706e-02 2.878925807919890598e-02 2.560309512972235024e-02 0.000000000000000000e+00
6.480000000000000000e+02 2.591947675843913057e-01 9.233045061447427981e-01 2.412380518889394726e-02 2.753755120619025970e-02 2.503413746017296368e-02 0.000000000000000000e+00
6.510000000000000000e+02 2.603947433602449291e-01 9.261492944924897275e-01 2.332726445152480746e-02 2.662721893491124328e-02 2.389622212107419055e-02 0.000000000000000000e+00
6.540000000000000000e+02 2.615947191360985524e-01 9.261492944924897275e-01 2.457897132453345374e-02 2.492034592626308706e-02 2.435138825671370050e-02 0.000000000000000000e+00
6.570000000000000000e+02 2.627946949119523978e-01 9.281975421028675344e-01 2.446517979062357712e-02 2.401001365498407064e-02 2.332726445152480746e-02 0.000000000000000000e+00
6.600000000000000000e+02 2.639946706878060212e-01 9.309285389167045732e-01 2.389622212107419055e-02 2.275830678197542090e-02 2.241693218024579104e-02 0.000000000000000000e+00
6.630000000000000000e+02 2.651946464636596446e-01 9.305871643149750128e-01 2.355484751934456070e-02 2.264451524806554428e-02 2.321347291761493084e-02 0.000000000000000000e+00
6.660000000000000000e+02 2.663946222395132679e-01 9.300182066454255603e-01 2.344105598543468408e-02 2.355484751934456070e-02 2.298588984979517413e-02 0.000000000000000000e+00
6.690000000000000000e+02 2.675945980153668913e-01 9.320664542558033672e-01 2.287209831588529751e-02 2.196176604460628110e-02 2.309968138370505075e-02 0.000000000000000000e+00
6.720000000000000000e+02 2.687945737912207367e-01 9.322940373236231482e-01 2.253072371415566766e-02 2.287209831588529751e-02 2.230314064633591095e-02 0.000000000000000000e+00
6.750000000000000000e+02 2.699945495670743600e-01 9.334319526627219421e-01 2.150659990896677115e-02 2.287209831588529751e-02 2.218934911242603433e-02 0.000000000000000000e+00
6.780000000000000000e+02 2.711945253429279834e-01 9.362767410104688715e-01 2.059626763768775473e-02 2.355484751934456070e-02 1.957214383249886169e-02 0.000000000000000000e+00
6.810000000000000000e+02 2.723945011187816068e-01 9.353664087391898585e-01 2.184797451069640448e-02 2.423759672280382388e-02 1.854802002730996865e-02 0.000000000000000000e+00
