# itime ezz other fcc hcp bcc ico
0.000000000000000000e+00 0.000000000000000000e+00 6.827492034592626399e-04 9.993172507965407680e-01 0.000000000000000000e+00 0.000000000000000000e+00 0.000000000000000000e+00
2.500000000000000000e+01 9.999771295412518413e-04 1.251706873008648227e-03 9.987482931269913156e-01 0.000000000000000000e+00 0.000000000000000000e+00 0.000000000000000000e+00
5.000000000000000000e+01 1.999954259082281638e-03 9.103322712790168532e-04 9.990896677287209870e-01 0.000000000000000000e+00 0.000000000000000000e+00 0.000000000000000000e+00
7.500000000000000000e+01 2.999931388623533479e-03 1.251706873008648227e-03 9.987482931269913156e-01 0.000000000000000000e+00 0.000000000000000000e+00 0.000000000000000000e+00
1.000000000000000000e+02 3.999908518164563276e-03 4.551661356395084266e-04 9.995448338643604380e-01 0.000000000000000000e+00 0.000000000000000000e+00 0.000000000000000000e+00
1.250000000000000000e+02 4.999885647705815117e-03 6.827492034592626399e-04 9.993172507965407680e-01 0.000000000000000000e+00 0.000000000000000000e+00 0.000000000000000000e+00
1.500000000000000000e+02 5.999862777246844914e-03 9.103322712790168532e-04 9.990896677287209870e-01 0.000000000000000000e+00 0.000000000000000000e+00 0.000000000000000000e+00
1.750000000000000000e+02 6.999839906788096755e-03 3.072371415566681717e-03 9.969276285844332897e-01 0.000000000000000000e+00 0.000000000000000000e+00 0.000000000000000000e+00
2.000000000000000000e+02 7.999817036329348596e-03 7.965407373691396923e-04 9.992034592626308775e-01 0.000000000000000000e+00 0.000000000000000000e+00 0.000000000000000000e+00
2.250000000000000000e+02 8.999794165870378393e-03 1.593081474738279385e-03 9.982931269913518646e-01 0.000000000000000000e+00 1.137915339098771066e-04 0.000000000000000000e+00
2.500000000000000000e+02 9.999771295411630234e-03 1.365498406918525280e-03 9.986345015930814251e-01 0.000000000000000000e+00 0.000000000000000000e+00 0.000000000000000000e+00
2.750000000000000000e+02 1.099974842495266003e-02 5.689576695493854790e-04 9.994310423304506585e-01 0.000000000000000000e+00 0.000000000000000000e+00 0.000000000000000000e+00
3.000000000000000000e+02 1.199972555449391187e-02 7.965407373691396923e-04 9.992034592626308775e-01 0.000000000000000000e+00 0.000000000000000000e+00 0.000000000000000000e+00
3.250000000000000000e+02 1.299970268403494167e-02 2.048247610377787811e-03 9.978379608557123026e-01 0.000000000000000000e+00 1.137915339098771066e-04 0.000000000000000000e+00
3.500000000000000000e+02 1.399967981357619351e-02 1.593081474738279385e-03 9.984069185252617551e-01 0.000000000000000000e+00 0.000000000000000000e+00 0.000000000000000000e+00
3.750000000000000000e+02 1.499965694311744535e-02 1.365498406918525280e-03 9.986345015930814251e-01 0.000000000000000000e+00 0.000000000000000000e+00 0.000000000000000000e+00
4.000000000000000000e+02 1.599963407265847515e-02 1.365498406918525280e-03 9.986345015930814251e-01 0.000000000000000000e+00 0.000000000000000000e+00 0.000000000000000000e+00
4.250000000000000000e+02 1.699961120219972699e-02 4.551661356395084266e-04 9.995448338643604380e-01 0.000000000000000000e+00 0.000000000000000000e+00 0.000000000000000000e+00
4.500000000000000000e+02 1.799958833174075679e-02 2.048247610377787811e-03 9.979517523896221931e-01 0.000000000000000000e+00 0.000000000000000000e+00 0.000000000000000000e+00
4.750000000000000000e+02 1.899956546128200863e-02 1.820664542558033706e-03 9.981793354574419741e-01 0.000000000000000000e+00 0.000000000000000000e+00 0.000000000000000000e+00
5.000000000000000000e+02 1.999954259082303842e-02 3.186162949476558769e-03 9.968138370505233992e-01 0.000000000000000000e+00 0.000000000000000000e+00 0.000000000000000000e+00
5.250000000000000000e+02 2.099951972036429027e-02 3.413746017296313308e-03 9.965862539827037292e-01 0.000000000000000000e+00 0.000000000000000000e+00 0.000000000000000000e+00
5.500000000000000000e+02 2.199949684990554211e-02 2.048247610377787811e-03 9.978379608557123026e-01 0.000000000000000000e+00 1.137915339098771066e-04 0.000000000000000000e+00
5.750000000000000000e+02 2.299947397944657190e-02 3.868912152935821518e-03 9.961310878470641672e-01 0.000000000000000000e+00 0.000000000000000000e+00 0.000000000000000000e+00
6.000000000000000000e+02 2.399945110898782374e-02 3.413746017296313308e-03 9.965862539827037292e-01 0.000000000000000000e+00 0.000000000000000000e+00 0.000000000000000000e+00
6.250000000000000000e+02 2.499942823852885354e-02 2.503413746017296455e-03 9.974965862539827421e-01 0.000000000000000000e+00 0.000000000000000000e+00 0.000000000000000000e+00
6.500000000000000000e+02 2.599940536807010538e-02 3.527537551206190360e-03 9.962448793809740577e-01 0.000000000000000000e+00 2.275830678197542133e-04 0.000000000000000000e+00
6.750000000000000000e+02 2.699938249761113518e-02 2.844788347746927612e-03 9.970414201183431802e-01 0.000000000000000000e+00 1.137915339098771066e-04 0.000000000000000000e+00
7.000000000000000000e+02 2.799935962715238702e-02 4.893035958124715423e-03 9.951069640418752638e-01 0.000000000000000000e+00 0.000000000000000000e+00 0.000000000000000000e+00
7.250000000000000000e+02 2.899933675669363886e-02 4.893035958124715423e-03 9.951069640418752638e-01 0.000000000000000000e+00 0.000000000000000000e+00 0.000000000000000000e+00
7.500000000000000000e+02 2.999931388623466866e-02 4.779244424214838804e-03 9.948793809740554828e-01 0.000000000000000000e+00 3.413746017296313199e-04 0.000000000000000000e+00
7.750000000000000000e+02 3.099929101577592050e-02 3.413746017296313308e-03 9.964724624487938387e-01 0.000000000000000000e+00 1.137915339098771066e-04 0.000000000000000000e+00
8.000000000000000000e+02 3.199926814531695030e-02 5.348202093764223633e-03 9.945380063723259223e-01 0.000000000000000000e+00 1.137915339098771066e-04 0.000000000000000000e+00
8.250000000000000000e+02 3.299924527485820214e-02 5.917159763313609329e-03 9.940828402366863603e-01 0.000000000000000000e+00 0.000000000000000000e+00 0.000000000000000000e+00
8.500000000000000000e+02 3.399922240439923193e-02 5.234410559854347014e-03 9.946517979062358128e-01 0.000000000000000000e+00 1.137915339098771066e-04 0.000000000000000000e+00
8.750000000000000000e+02 3.499919953394048378e-02 4.893035958124715423e-03 9.948793809740554828e-01 0.000000000000000000e+00 2.275830678197542133e-04 0.000000000000000000e+00
9.000000000000000000e+02 3.599917666348173562e-02 7.055075102412380721e-03 9.928311333636777869e-01 0.000000000000000000e+00 1.137915339098771066e-04 0.000000000000000000e+00
9.250000000000000000e+02 3.699915379302276541e-02 7.396449704142011444e-03 9.924897587619481154e-01 0.000000000000000000e+00 1.137915339098771066e-04 0.000000000000000000e+00
9.500000000000000000e+02 3.799913092256401725e-02 8.306781975421027864e-03 9.915794264906691025e-01 0.000000000000000000e+00 1.137915339098771066e-04 0.000000000000000000e+00
9.750000000000000000e+02 3.899910805210504705e-02 6.941283568502503235e-03 9.930587164314974569e-01 0.000000000000000000e+00 0.000000000000000000e+00 0.000000000000000000e+00
1.000000000000000000e+03 3.999908518164629889e-02 5.120619025944469528e-03 9.945380063723259223e-01 0.000000000000000000e+00 3.413746017296313199e-04 0.000000000000000000e+00
1.025000000000000000e+03 4.099906231118732869e-02 6.827492034592626616e-03 9.928311333636777869e-01 0.000000000000000000e+00 3.413746017296313199e-04 0.000000000000000000e+00
1.050000000000000000e+03 4.199903944072858053e-02 1.035502958579881741e-02 9.894173873463814051e-01 0.000000000000000000e+00 2.275830678197542133e-04 0.000000000000000000e+00
1.075000000000000000e+03 4.299901657026983237e-02 8.534365043240782836e-03 9.912380518889394310e-01 0.000000000000000000e+00 2.275830678197542133e-04 0.000000000000000000e+00
1.100000000000000000e+03 4.399899369981086217e-02 9.786071916249430847e-03 9.898725534820209671e-01 0.000000000000000000e+00 3.413746017296313199e-04 0.000000000000000000e+00
1.125000000000000000e+03 4.499897082935211401e-02 7.965407373691398007e-03 9.919208010923987739e-01 0.000000000000000000e+00 1.137915339098771066e-04 0.000000000000000000e+00
1.150000000000000000e+03 4.599894795889314381e-02 1.024123805188893906e-02 9.895311788802912956e-01 0.000000000000000000e+00 2.275830678197542133e-04 0.000000000000000000e+00
1.175000000000000000e+03 4.699892508843439565e-02 1.274465179790623508e-02 9.866863905325443662e-01 0.000000000000000000e+00 5.689576695493854790e-04 0.000000000000000000e+00
1.200000000000000000e+03 4.799890221797542544e-02 1.331360946745562164e-02 9.861174328629950248e-01 0.000000000000000000e+00 5.689576695493854790e-04 0.000000000000000000e+00
1.225000000000000000e+03 4.899887934751667729e-02 1.672735548475193582e-02 9.827036868456986429e-01 0.000000000000000000e+00 5.689576695493854790e-04 0.000000000000000000e+00
1.250000000000000000e+03 4.999885647705792913e-02 1.467910787437414627e-02 9.845243513882566688e-01 0.000000000000000000e+00 7.965407373691396923e-04 0.000000000000000000e+00
1.275000000000000000e+03 5.099883360659895892e-02 1.570323167956303931e-02 9.838416021847974369e-01 0.000000000000000000e+00 4.551661356395084266e-04 0.000000000000000000e+00
1.300000000000000000e+03 5.199881073614021076e-02 2.309968138370505075e-02 9.757624032771962108e-01 0.000000000000000000e+00 1.137915339098770958e-03 0.000000000000000000e+00
1.325000000000000000e+03 5.299878786568124056e-02 1.820664542558033533e-02 9.812243969048702885e-01 0.000000000000000000e+00 5.689576695493854790e-04 0.000000000000000000e+00
1.350000000000000000e+03 5.399876499522249240e-02 1.524806554392353283e-02 9.844105598543468894e-01 0.000000000000000000e+00 3.413746017296313199e-04 0.000000000000000000e+00
1.375000000000000000e+03 5.499874212476352220e-02 1.513427401001365448e-02 9.838416021847974369e-01 0.000000000000000000e+00 1.024123805188893906e-03 0.000000000000000000e+00
1.400000000000000000e+03 5.599871925430477404e-02 1.661356395084205573e-02 9.822485207100591920e-01 0.000000000000000000e+00 1.137915339098770958e-03 0.000000000000000000e+00
1.425000000000000000e+03 5.699869638384602588e-02 1.957214383249886169e-02 9.795175238962221531e-01 0.000000000000000000e+00 9.103322712790168532e-04 0.000000000000000000e+00
1.450000000000000000e+03 5.799867351338705568e-02 2.332726445152480746e-02 9.761037778789257713e-01 0.000000000000000000e+00 5.689576695493854790e-04 0.000000000000000000e+00
1.475000000000000000e+03 5.899865064292830752e-02 1.888939462903959851e-02 9.800864815657714946e-01 0.000000000000000000e+00 1.024123805188893906e-03 0.000000000000000000e+00
1.500000000000000000e+03 5.999862777246933732e-02 2.071005917159763482e-02 9.778106508875740177e-01 0.000000000000000000e+00 1.479289940828402332e-03 0.000000000000000000e+00
1.525000000000000000e+03 6.099860490201058916e-02 2.719617660446062984e-02 9.715521165225307065e-01 0.000000000000000000e+00 1.251706873008648227e-03 0.000000000000000000e+00
1.550000000000000000e+03 6.199858203155161895e-02 2.833409194355939950e-02 9.699590350477924616e-01 0.000000000000000000e+00 1.706873008648156654e-03 0.000000000000000000e+00
1.575000000000000000e+03 6.299855916109287080e-02 3.140646335912607862e-02 9.668866636322257513e-01 0.000000000000000000e+00 1.706873008648156654e-03 0.000000000000000000e+00
1.600000000000000000e+03 6.399853629063412264e-02 3.356850250341374825e-02 9.646108329540282744e-01 0.000000000000000000e+00 1.820664542558033706e-03 0.000000000000000000e+00
1.625000000000000000e+03 6.499851342017515243e-02 3.812016385980882688e-02 9.592626308602639762e-01 0.000000000000000000e+00 2.617205279927173507e-03 0.000000000000000000e+00
1.650000000000000000e+03 6.599849054971640427e-02 3.732362312243969055e-02 9.596040054619936477e-01 0.000000000000000000e+00 3.072371415566681717e-03 0.000000000000000000e+00
1.675000000000000000e+03 6.699846767925743407e-02 4.312699135184342586e-02 9.540282203004096795e-01 0.000000000000000000e+00 2.844788347746927612e-03 0.000000000000000000e+00
1.700000000000000000e+03 6.799844480879868591e-02 4.153390987710514626e-02 9.565316340464269373e-01 0.000000000000000000e+00 1.934456076467910759e-03 0.000000000000000000e+00
1.725000000000000000e+03 6.899842193833971571e-02 3.903049613108784677e-02 9.584660901228948537e-01 0.000000000000000000e+00 2.503413746017296455e-03 0.000000000000000000e+00
1.750000000000000000e+03 6.999839906788096755e-02 4.938552571688666071e-02 9.481110605370960398e-01 0.000000000000000000e+00 2.503413746017296455e-03 0.000000000000000000e+00
1.775000000000000000e+03 7.099837619742221939e-02 5.621301775147929253e-02 9.404870277651342647e-01 0.000000000000000000e+00 3.299954483386436255e-03 0.000000000000000000e+00
1.800000000000000000e+03 7.199835332696324919e-02 5.860263996358670846e-02 9.368456986800182129e-01 0.000000000000000000e+00 4.551661356395083832e-03 0.000000000000000000e+00
1.825000000000000000e+03 7.299833045650450103e-02 6.042330450614474130e-02 9.352526172052799680e-01 0.000000000000000000e+00 4.324078288575329727e-03 0.000000000000000000e+00
1.850000000000000000e+03 7.399830758604553083e-02 5.905780609922621494e-02 9.366181156121984319e-01 0.000000000000000000e+00 4.324078288575329727e-03 0.000000000000000000e+00
1.875000000000000000e+03 7.499828471558678267e-02 5.848884842967683184e-02 9.388939462903960198e-01 0.000000000000000000e+00 2.617205279927173507e-03 0.000000000000000000e+00
1.900000000000000000e+03 7.599826184512781246e-02 6.281292671825215723e-02 9.314974965862540257e-01 0.000000000000000000e+00 5.689576695493855224e-03 0.000000000000000000e+00
1.925000000000000000e+03 7.699823897466906431e-02 7.726445152480655720e-02 9.173873463814292695e-01 0.000000000000000000e+00 5.348202093764223633e-03 0.000000000000000000e+00
1.950000000000000000e+03 7.799821610421031615e-02 7.498862084660901095e-02 9.181838871187983919e-01 0.000000000000000000e+00 6.827492034592626616e-03 0.000000000000000000e+00
1.975000000000000000e+03 7.899819323375134594e-02 8.477469276285844180e-02 9.107874374146563978e-01 0.000000000000000000e+00 4.437869822485207214e-03 0.000000000000000000e+00
2.000000000000000000e+03 7.999817036329259778e-02 8.989531178880291740e-02 9.049840691852526486e-01 0.000000000000000000e+00 5.120619025944469528e-03 0.000000000000000000e+00
2.025000000000000000e+03 8.099814749283362758e-02 8.682294037323623481e-02 9.071461083295402350e-01 0.000000000000000000e+00 6.030951297223486815e-03 0.000000000000000000e+00
2.050000000000000000e+03 8.199812462237487942e-02 9.069185252617205373e-02 9.023668639053253893e-01 0.000000000000000000e+00 6.941283568502503235e-03 0.000000000000000000e+00
2.075000000000000000e+03 8.299810175191590922e-02 9.831588529813381494e-02 8.937187073281748217e-01 0.000000000000000000e+00 7.965407373691398007e-03 0.000000000000000000e+00
2.100000000000000000e+03 8.399807888145716106e-02 1.021847974510696339e-01 8.891670459717796460e-01 0.000000000000000000e+00 8.648156577150659455e-03 0.000000000000000000e+00
2.125000000000000000e+03 8.499805601099841290e-02 1.169776968593536637e-01 8.713017751479289474e-01 0.000000000000000000e+00 1.172052799271734204e-02 0.000000000000000000e+00
2.150000000000000000e+03 8.599803314053944270e-02 1.421256258534364936e-01 8.408056440600819581e-01 0.000000000000000000e+00 1.706873008648156567e-02 0.000000000000000000e+00
2.175000000000000000e+03 8.699801027008069454e-02 1.560081929904415243e-01 8.237369139736003820e-01 0.000000000000000000e+00 2.025489303595812488e-02 0.000000000000000000e+00
2.200000000000000000e+03 8.799798739962172434e-02 1.632908511606736557e-01 8.121301775147928836e-01 0.000000000000000000e+00 2.457897132453345374e-02 0.000000000000000000e+00
2.225000000000000000e+03 8.899796452916297618e-02 1.871870732817478289e-01 7.866408739189804100e-01 0.000000000000000000e+00 2.617205279927173334e-02 0.000000000000000000e+00
2.250000000000000000e+03 8.999794165870400597e-02 1.866181156121984597e-01 7.793582157487483064e-01 0.000000000000000000e+00 3.402366863905325473e-02 0.000000000000000000e+00
2.275000000000000000e+03 9.099791878824525782e-02 2.090350477924442507e-01 7.547792444242148457e-01 0.000000000000000000e+00 3.618570778334091742e-02 0.000000000000000000e+00
2.300000000000000000e+03 9.199789591778650966e-02 2.108557123350022766e-01 7.506827492034592320e-01 0.000000000000000000e+00 3.846153846153846367e-02 0.000000000000000000e+00
2.325000000000000000e+03 9.299787304732753945e-02 2.173418297678652578e-01 7.316795630405097395e-01 2.275830678197542133e-04 5.075102412380518707e-02 0.000000000000000000e+00
2.350000000000000000e+03 9.399785017686879129e-02 2.361174328629949970e-01 7.015248065543923106e-01 0.000000000000000000e+00 6.235776058261265076e-02 0.000000000000000000e+00
2.375000000000000000e+03 9.499782730640982109e-02 2.631998179335457433e-01 6.660218479745106945e-01 1.137915339098771066e-04 7.066454255803368556e-02 0.000000000000000000e+00
2.400000000000000000e+03 9.599780443595107293e-02 2.766272189349112676e-01 6.325671370050067743e-01 4.551661356395084266e-04 9.035047792444242387e-02 0.000000000000000000e+00
2.425000000000000000e+03 9.699778156549210273e-02 2.949476558944014726e-01 5.997951752389621971e-01 4.551661356395084266e-04 1.048020027309968100e-01 0.000000000000000000e+00
2.450000000000000000e+03 9.799775869503335457e-02 3.091715976331361193e-01 5.592853891670459543e-01 9.103322712790168532e-04 1.306326809285389134e-01 0.000000000000000000e+00
2.475000000000000000e+03 9.899773582457460641e-02 3.302230314064633632e-01 5.122894856622667303e-01 1.934456076467910759e-03 1.555530268548019901e-01 0.000000000000000000e+00
2.500000000000000000e+03 9.999771295411563621e-02 3.317023213472917731e-01 4.910104688211197055e-01 2.275830678197541916e-03 1.750113791533909890e-01 0.000000000000000000e+00
2.525000000000000000e+03 1.009976900836568880e-01 3.489986345015930747e-01 4.498179335457441752e-01 5.234410559854347014e-03 1.959490213928083702e-01 0.000000000000000000e+00
2.550000000000000000e+03 1.019976672131979178e-01 3.631087847064178309e-01 4.116977696859353553e-01 9.103322712790167665e-03 2.160901228948566288e-01 0.000000000000000000e+00
2.575000000000000000e+03 1.029976443427391697e-01 3.677742375967227861e-01 3.833636777423759523e-01 1.217569412835685025e-02 2.366863905325443662e-01 0.000000000000000000e+00
2.600000000000000000e+03 1.039976214722801995e-01 3.768775603095129711e-01 3.513882567137004975e-01 1.968593536640873831e-02 2.520482476103778069e-01 0.000000000000000000e+00
2.625000000000000000e+03 1.049975986018214513e-01 3.846153846153846367e-01 3.218024578971324656e-01 1.934456076467910846e-02 2.742375967228038447e-01 0.000000000000000000e+00
2.650000000000000000e+03 1.059975757313627032e-01 3.926945835229858628e-01 2.934683659535730627e-01 2.275830678197542090e-02 2.910787437414656398e-01 0.000000000000000000e+00
2.675000000000000000e+03 1.069975528609037330e-01 3.941738734638142727e-01 2.814064633591260578e-01 2.446517979062357712e-02 2.999544833864360438e-01 0.000000000000000000e+00
2.700000000000000000e+03 1.079975299904449848e-01 3.963359126081019701e-01 2.675238962221210826e-01 2.992717341829767910e-02 3.062130177514792995e-01 0.000000000000000000e+00
2.725000000000000000e+03 1.089975071199860146e-01 3.884842967683204140e-01 2.597860719162494170e-01 3.550295857988165771e-02 3.162266727355484974e-01 0.000000000000000000e+00
2.750000000000000000e+03 1.099974842495272664e-01 4.000910332271279124e-01 2.506827492034592875e-01 4.631315430131998506e-02 3.029130632680928636e-01 0.000000000000000000e+00
2.775000000000000000e+03 1.109974613790682962e-01 3.949704142011834507e-01 2.441966317705962786e-01 5.541647701411014926e-02 3.054164770141101770e-01 0.000000000000000000e+00
2.800000000000000000e+03 1.119974385086095481e-01 4.085116067364588099e-01 2.314519799726900418e-01 6.850250341374601593e-02 2.915339098771051463e-01 0.000000000000000000e+00
2.825000000000000000e+03 1.129974156381507999e-01 3.926945835229858628e-01 2.188211197086936677e-01 7.771961766044606368e-02 3.107646791078743642e-01 0.000000000000000000e+00
2.850000000000000000e+03 1.139973927676918297e-01 4.013427401001365413e-01 1.991351843422849432e-01 7.601274465179790052e-02 3.235093309057806010e-01 0.000000000000000000e+00
2.875000000000000000e+03 1.149973698972330816e-01 3.981565771506599960e-01 1.900318616294947582e-01 8.477469276285844180e-02 3.270368684569868178e-01 0.000000000000000000e+00
2.900000000000000000e+03 1.159973470267741114e-01 3.891670459717797015e-01 1.850250341374601593e-01 9.069185252617205373e-02 3.351160673645880994e-01 0.000000000000000000e+00
2.925000000000000000e+03 1.169973241563153632e-01 3.850705507510241432e-01 1.766044606281292617e-01 9.717796995903504875e-02 3.411470186618115741e-01 0.000000000000000000e+00
2.950000000000000000e+03 1.179973012858566150e-01 3.880291306326809075e-01 1.646563495675921751e-01 9.751934456076467861e-02 3.497951752389621971e-01 0.000000000000000000e+00
2.975000000000000000e+03 1.189972784153976448e-01 3.954255803368229572e-01 1.445152480655439164e-01 9.501593081474737912e-02 3.650432407828857473e-01 0.000000000000000000e+00
3.000000000000000000e+03 1.199972555449388967e-01 3.941738734638142727e-01 1.281292671825216278e-01 1.019572143832498806e-01 3.757396449704141772e-01 0.000000000000000000e+00
3.025000000000000000e+03 1.209972326744799265e-01 3.970186618115612021e-01 1.197086936731907164e-01 1.137915339098771045e-01 3.694811106053709771e-01 0.000000000000000000e+00
3.050000000000000000e+03 1.219972098040211783e-01 3.899635867091488239e-01 1.076467910787437393e-01 1.235776058261265353e-01 3.788120163859808875e-01 0.000000000000000000e+00
3.075000000000000000e+03 1.229971869335622081e-01 3.842740100136549652e-01 1.002503413746017313e-01 1.209604005461993592e-01 3.945152480655439442e-01 0.000000000000000000e+00
3.100000000000000000e+03 1.239971640631034600e-01 3.874601729631315661e-01 9.615384615384615918e-02 1.271051433773327244e-01 3.892808375056895920e-01 0.000000000000000000e+00
3.125000000000000000e+03 1.249971411926447118e-01 4.056668183887118806e-01 9.194355939918069653e-02 1.263086026399635742e-01 3.760810195721438487e-01 0.000000000000000000e+00
3.150000000000000000e+03 1.259971183221857416e-01 4.040737369139735802e-01 8.875739644970413733e-02 1.354119253527537592e-01 3.717569412835685094e-01 0.000000000000000000e+00
3.175000000000000000e+03 1.269970954517269934e-01 3.940600819299044377e-01 8.295402822030041590e-02 1.387118798361401950e-01 3.842740100136549652e-01 0.000000000000000000e+00
3.200000000000000000e+03 1.279970725812680232e-01 3.983841602184797215e-01 8.431952662721893532e-02 1.422394173873463841e-01 3.750568957669549452e-01 0.000000000000000000e+00
3.225000000000000000e+03 1.289970497108092751e-01 4.049840691852525931e-01 7.726445152480655720e-02 1.522530723714155543e-01 3.654984069185252538e-01 0.000000000000000000e+00
3.250000000000000000e+03 1.299970268403503049e-01 4.193218024578971304e-01 7.350933090578061491e-02 1.503186162949476656e-01 3.568502503413745752e-01 0.000000000000000000e+00
3.275000000000000000e+03 1.309970039698915567e-01 4.182976786527082269e-01 7.214383249886208160e-02 1.520254893035958010e-01 3.575329995448338627e-01 0.000000000000000000e+00
3.300000000000000000e+03 1.319969810994328085e-01 4.243286299499317016e-01 6.463359126081019701e-02 1.516841147018661851e-01 3.593536640873918886e-01 0.000000000000000000e+00
3.325000000000000000e+03 1.329969582289738383e-01 4.164770141101502010e-01 6.690942193900774326e-02 1.604460628129267263e-01 3.561675011379153433e-01 0.000000000000000000e+00
3.350000000000000000e+03 1.339969353585150902e-01 4.291078743741465473e-01 6.725079654073737312e-02 1.655666818388711881e-01 3.380746472462448637e-01 0.000000000000000000e+00
3.375000000000000000e+03 1.349969124880561200e-01 4.277423759672280279e-01 6.702321347291761988e-02 1.686390532544378706e-01 3.365953573054164538e-01 0.000000000000000000e+00
3.400000000000000000e+03 1.359968896175973718e-01 4.337733272644515026e-01 6.144742831133363781e-02 1.652253072371415443e-01 3.395539371870732737e-01 0.000000000000000000e+00
3.425000000000000000e+03 1.369968667471384016e-01 4.411697769685935522e-01 6.281292671825215723e-02 1.706873008648156498e-01 3.253299954483386269e-01 0.000000000000000000e+00
3.450000000000000000e+03 1.379968438766796535e-01 4.425352753755120716e-01 6.156121984524351443e-02 1.696631770596267741e-01 3.262403277196176399e-01 0.000000000000000000e+00
3.475000000000000000e+03 1.389968210062209053e-01 4.519799726900318726e-01 5.609922621756941591e-02 1.667045971779699542e-01 3.251024123805189014e-01 1.137915339098771066e-04
3.500000000000000000e+03 1.399967981357619351e-01 4.510696404187528596e-01 6.133363677742376119e-02 1.660218479745106945e-01 3.215748748293126846e-01 0.000000000000000000e+00
3.525000000000000000e+03 1.409967752653031869e-01 4.489076012744651623e-01 5.644060081929904577e-02 1.704597177969958965e-01 3.241920801092398885e-01 0.000000000000000000e+00
3.550000000000000000e+03 1.419967523948442167e-01 4.615384615384615641e-01 5.268548020027309653e-02 1.745562130177514826e-01 3.112198452435138707e-01 0.000000000000000000e+00
3.575000000000000000e+03 1.429967295243854686e-01 4.549385525716886924e-01 5.689576695493855224e-02 1.693218024578971304e-01 3.188438780154756458e-01 0.000000000000000000e+00
3.600000000000000000e+03 1.439967066539264984e-01 4.714383249886208715e-01 5.723714155666818210e-02 1.810423304506144637e-01 2.902822030040965173e-01 0.000000000000000000e+00
3.625000000000000000e+03 1.449966837834677502e-01 4.766727355484751683e-01 5.393718707328174627e-02 1.855939918070095562e-01 2.837960855712334807e-01 0.000000000000000000e+00
3.650000000000000000e+03 1.459966609130090021e-01 4.830450614474283144e-01 5.302685480200273332e-02 1.928766499772416876e-01 2.710514337733272439e-01 0.000000000000000000e+00
3.675000000000000000e+03 1.469966380425500319e-01 4.710969503868912001e-01 5.109239872553481693e-02 1.976558944014565333e-01 2.800409649522075384e-01 1.137915339098771066e-04
3.700000000000000000e+03 1.479966151720912837e-01 4.651797906235776159e-01 5.291306326809285671e-02 1.956076467910787542e-01 2.862994993172507940e-01 0.000000000000000000e+00
3.725000000000000000e+03 1.489965923016323135e-01 4.825898953117888079e-01 5.040964952207555722e-02 1.941283568502503443e-01 2.728720983158853253e-01 0.000000000000000000e+00
3.750000000000000000e+03 1.499965694311735653e-01 4.794037323623122626e-01 5.188893946290396020e-02 1.961766044606281234e-01 2.725307237141556538e-01 0.000000000000000000e+00
3.775000000000000000e+03 1.509965465607145951e-01 4.893035958124715701e-01 5.325443786982248656e-02 1.951524806554392477e-01 2.622894856622667303e-01 0.000000000000000000e+00
3.800000000000000000e+03 1.519965236902558470e-01 4.912380518889394865e-01 5.450614474283113631e-02 1.959490213928083702e-01 2.583067819754210070e-01 0.000000000000000000e+00
3.825000000000000000e+03 1.529965008197970988e-01 4.985207100591715901e-01 4.961310878470642088e-02 1.961766044606281234e-01 2.556895766954938587e-01 0.000000000000000000e+00
3.850000000000000000e+03 1.539964779493381286e-01 5.054619936276740777e-01 5.029585798816568060e-02 2.033454710969503920e-01 2.408966772872098427e-01 0.000000000000000000e+00
3.875000000000000000e+03 1.549964550788793805e-01 5.053482020937641872e-01 5.006827492034592736e-02 1.982248520710059303e-01 2.463586709148839204e-01 0.000000000000000000e+00
3.900000000000000000e+03 1.559964322084204102e-01 5.007965407373691225e-01 4.915794264906690747e-02 2.043695949021392677e-01 2.456759217114246607e-01 0.000000000000000000e+00
3.925000000000000000e+03 1.569964093379616621e-01 4.903277196176604735e-01 5.757851615839781195e-02 2.157487482931269851e-01 2.363450159308147502e-01 0.000000000000000000e+00
3.950000000000000000e+03 1.579963864675026919e-01 5.006827492034592320e-01 5.245789713245334329e-02 2.096040054619936199e-01 2.372553482020937632e-01 0.000000000000000000e+00
3.975000000000000000e+03 1.589963635970439437e-01 5.136549840691853053e-01 5.268548020027309653e-02 2.154073736913973691e-01 2.182521620391442985e-01 0.000000000000000000e+00
4.000000000000000000e+03 1.599963407265851956e-01 5.234410559854346667e-01 5.359581247155211642e-02 2.154073736913973691e-01 2.075557578516158408e-01 0.000000000000000000e+00
4.025000000000000000e+03 1.609963178561262254e-01 5.213928083750568598e-01 5.461993627674101293e-02 2.220072826581702408e-01 2.019799726900318726e-01 0.000000000000000000e+00
4.050000000000000000e+03 1.619962949856674772e-01 5.213928083750568598e-01 5.370960400546199304e-02 2.300864815657714946e-01 1.948111060537096040e-01 0.000000000000000000e+00
4.075000000000000000e+03 1.629962721152085070e-01 5.374374146563495325e-01 5.268548020027309653e-02 2.290623577605826189e-01 1.808147473827947105e-01 0.000000000000000000e+00
4.100000000000000000e+03 1.639962492447497588e-01 5.249203459262631322e-01 5.587164314974965573e-02 2.366863905325443662e-01 1.825216203914428736e-01 0.000000000000000000e+00
4.125000000000000000e+03 1.649962263742907886e-01 5.293582157487483064e-01 5.769230769230769551e-02 2.401001365498406925e-01 1.728493400091033194e-01 0.000000000000000000e+00
4.150000000000000000e+03 1.659962035038320405e-01 5.301547564861174289e-01 5.803368229403732537e-02 2.432862994993172379e-01 1.685252617205279801e-01 0.000000000000000000e+00
4.175000000000000000e+03 1.669961806333732923e-01 5.179790623577605890e-01 6.224396904870277414e-02 2.495448338643604935e-01 1.702321347291761433e-01 0.000000000000000000e+00
4.200000000000000000e+03 1.679961577629143221e-01 5.265134274010013771e-01 6.292671825216203385e-02 2.498862084660901095e-01 1.606736458807464796e-01 0.000000000000000000e+00
4.225000000000000000e+03 1.689961348924555740e-01 5.298133818843877574e-01 5.985434683659535821e-02 2.501137915339098905e-01 1.602184797451069731e-01 0.000000000000000000e+00
4.250000000000000000e+03 1.699961120219966038e-01 5.341374601729631522e-01 6.076467910787437116e-02 2.495448338643604935e-01 1.555530268548019901e-01 0.000000000000000000e+00
4.275000000000000000e+03 1.709960891515378556e-01 5.250341374601729116e-01 5.951297223486572835e-02 2.530723714155666548e-01 1.623805188893946427e-01 0.000000000000000000e+00
4.300000000000000000e+03 1.719960662810788854e-01 5.281065088757396220e-01 5.814747382794720199e-02 2.517068730086481354e-01 1.620391442876649990e-01 0.000000000000000000e+00
4.325000000000000000e+03 1.729960434106201372e-01 5.384615384615384359e-01 5.769230769230769551e-02 2.527309968138370389e-01 1.511151570323167881e-01 0.000000000000000000e+00
4.350000000000000000e+03 1.739960205401613891e-01 5.307237141556667703e-01 6.224396904870277414e-02 2.603550295857988139e-01 1.466772872098315861e-01 0.000000000000000000e+00
4.375000000000000000e+03 1.749959976697024189e-01 5.296995903504779779e-01 6.190259444697314428e-02 2.611515703231679364e-01 1.472462448793809831e-01 0.000000000000000000e+00
4.400000000000000000e+03 1.759959747992436707e-01 5.393718707328174489e-01 6.133363677742376119e-02 2.639963586709148657e-01 1.352981338188438687e-01 0.000000000000000000e+00
4.425000000000000000e+03 1.769959519287847005e-01 5.381201638598088755e-01 6.133363677742376119e-02 2.710514337733272439e-01 1.294947655894401473e-01 0.000000000000000000e+00
4.450000000000000000e+03 1.779959290583259524e-01 5.294720072826581969e-01 6.406463359126081392e-02 2.800409649522075384e-01 1.264223941738734647e-01 0.000000000000000000e+00
4.475000000000000000e+03 1.789959061878669822e-01 5.308375056895766608e-01 6.486117432862995025e-02 2.799271734182977034e-01 1.243741465634956717e-01 0.000000000000000000e+00
4.500000000000000000e+03 1.799958833174082340e-01 5.309512972234865513e-01 6.668183887118799003e-02 2.829995448338643582e-01 1.193673190714610866e-01 0.000000000000000000e+00
4.525000000000000000e+03 1.809958604469494858e-01 5.172963131543013571e-01 6.884387801547564578e-02 2.850477924442421651e-01 1.288120163859808875e-01 0.000000000000000000e+00
4.550000000000000000e+03 1.819958375764905156e-01 5.337960855712334807e-01 6.349567592171143082e-02 2.844788347746927681e-01 1.182294037323623065e-01 0.000000000000000000e+00
4.575000000000000000e+03 1.829958147060317675e-01 5.365270823850705195e-01 6.531634046426945672e-02 2.831133363677742487e-01 1.150432407828857473e-01 0.000000000000000000e+00
4.600000000000000000e+03 1.839957918355727973e-01 5.361857077833409591e-01 6.497496586253982687e-02 2.828857532999544677e-01 1.159535730541647741e-01 0.000000000000000000e+00
4.625000000000000000e+03 1.849957689651140491e-01 5.345926263086026031e-01 6.440600819299044377e-02 2.926718252162039402e-01 1.083295402822029990e-01 0.000000000000000000e+00
4.650000000000000000e+03 1.859957460946550789e-01 5.415339098771051463e-01 6.451979972690032039e-02 2.924442421483841592e-01 1.015020482476103741e-01 0.000000000000000000e+00
4.675000000000000000e+03 1.869957232241963307e-01 5.433545744196631722e-01 6.554392353208920996e-02 2.981338188438780179e-01 9.296768320436959998e-02 0.000000000000000000e+00
4.700000000000000000e+03 1.879957003537375826e-01 5.367546654528903005e-01 6.713700500682749650e-02 3.008648156577150568e-01 9.524351388256713236e-02 0.000000000000000000e+00
4.725000000000000000e+03 1.889956774832786124e-01 5.400546199362767918e-01 6.554392353208920996e-02 3.005234410559854408e-01 9.387801547564861293e-02 0.000000000000000000e+00
4.750000000000000000e+03 1.899956546128198642e-01 5.390304961310878884e-01 6.861629494765589254e-02 3.008648156577150568e-01 9.148839326354119006e-02 0.000000000000000000e+00
4.775000000000000000e+03 1.909956317423608940e-01 5.405097860719162428e-01 6.838871187983613931e-02 3.062130177514792995e-01 8.488848429676831842e-02 0.000000000000000000e+00
4.800000000000000000e+03 1.919956088719021459e-01 5.357305416477013971e-01 6.941283568502502888e-02 3.051888939462903960e-01 8.966772872098316416e-02 0.000000000000000000e+00
4.825000000000000000e+03 1.929955860014431757e-01 5.390304961310878884e-01 7.134729176149294527e-02 3.037096040054619861e-01 8.591260810195720798e-02 0.000000000000000000e+00
4.850000000000000000e+03 1.939955631309844275e-01 5.362994993172508496e-01 7.396449704142012138e-02 3.014337733272644537e-01 8.830223031406463086e-02 0.000000000000000000e+00
4.875000000000000000e+03 1.949955402605256793e-01 5.455166135639508695e-01 7.350933090578061491e-02 2.985889849795175244e-01 8.238507055075101893e-02 0.000000000000000000e+00
4.900000000000000000e+03 1.959955173900667091e-01 5.452890304961310886e-01 7.203004096495220498e-02 3.027992717341829731e-01 7.988165680473373331e-02 0.000000000000000000e+00
4.925000000000000000e+03 1.969954945196079610e-01 5.496131087847063723e-01 7.089212562585343880e-02 3.054164770141101770e-01 7.407828857532999800e-02 0.000000000000000000e+00
4.950000000000000000e+03 1.979954716491489908e-01 5.426718252162039402e-01 7.464724624487938109e-02 3.040509786071916021e-01 7.862994993172507663e-02 0.000000000000000000e+00
4.975000000000000000e+03 1.989954487786902426e-01 5.374374146563495325e-01 7.430587164314975124e-02 3.117888029130632677e-01 7.646791078743742087e-02 0.000000000000000000e+00
5.000000000000000000e+03 1.999954259082312724e-01 5.361857077833409591e-01 7.555757851615839404e-02 3.133818843878015681e-01 7.487482931269913433e-02 0.000000000000000000e+00
5.025000000000000000e+03 2.009954030377725243e-01 5.422166590805643782e-01 6.918525261720527564e-02 3.149749658625398130e-01 7.362312243969049153e-02 0.000000000000000000e+00
5.050000000000000000e+03 2.019953801673137761e-01 5.415339098771051463e-01 7.316795630405098505e-02 3.175921711424670169e-01 6.770596267637687959e-02 0.000000000000000000e+00
5.075000000000000000e+03 2.029953572968548059e-01 5.456304050978607600e-01 7.498862084660901095e-02 3.167956304050978389e-01 6.258534365043240399e-02 0.000000000000000000e+00
5.100000000000000000e+03 2.039953344263960577e-01 5.441511151570322946e-01 7.498862084660901095e-02 3.180473372781065233e-01 6.281292671825215723e-02 0.000000000000000000e+00
5.125000000000000000e+03 2.049953115559370875e-01 5.550751024123805610e-01 7.214383249886208160e-02 3.154301319981793195e-01 5.735093309057805872e-02 0.000000000000000000e+00
5.150000000000000000e+03 2.059952886854783394e-01 5.385753299954483264e-01 7.385070550751024476e-02 3.229403732362312041e-01 6.463359126081019701e-02 0.000000000000000000e+00
5.175000000000000000e+03 2.069952658150193692e-01 5.452890304961310886e-01 7.407828857532999800e-02 3.175921711424670169e-01 6.304050978607191047e-02 0.000000000000000000e+00
5.200000000000000000e+03 2.079952429445606210e-01 5.457441966317706505e-01 7.339553937187073829e-02 3.175921711424670169e-01 6.326809285389166371e-02 0.000000000000000000e+00
5.225000000000000000e+03 2.089952200741018729e-01 5.492717341829768118e-01 7.453345471096950448e-02 3.182749203459262488e-01 5.791989076012744875e-02 0.000000000000000000e+00
5.250000000000000000e+03 2.099951972036429027e-01 5.531406463359126446e-01 7.737824305871643382e-02 3.182749203459262488e-01 5.120619025944470049e-02 0.000000000000000000e+00
5.275000000000000000e+03 2.109951743331841545e-01 5.457441966317706505e-01 7.828857532999544677e-02 3.197542102867546587e-01 5.621301775147929253e-02 0.000000000000000000e+00
5.300000000000000000e+03 2.119951514627251843e-01 5.562130177514792440e-01 7.624032771961765376e-02 3.192990441511151523e-01 4.824761037778789452e-02 0.000000000000000000e+00
5.325000000000000000e+03 2.129951285922664361e-01 5.517751479289940697e-01 7.646791078743742087e-02 3.212335002275830687e-01 5.052344105598543383e-02 0.000000000000000000e+00
5.350000000000000000e+03 2.139951057218074659e-01 5.595129722348657353e-01 7.259899863450158808e-02 3.173645880746472359e-01 5.052344105598543383e-02 0.000000000000000000e+00
5.375000000000000000e+03 2.149950828513487178e-01 5.648611743286299225e-01 7.214383249886208160e-02 3.156577150659991005e-01 4.733727810650887463e-02 0.000000000000000000e+00
5.400000000000000000e+03 2.159950599808899696e-01 5.689576695493855363e-01 7.362312243969049153e-02 3.105370960400546387e-01 4.688211197086936816e-02 0.000000000000000000e+00
5.425000000000000000e+03 2.169950371104309994e-01 5.546199362767409990e-01 7.476103777878925771e-02 3.223714155666818626e-01 4.824761037778789452e-02 0.000000000000000000e+00
5.450000000000000000e+03 2.179950142399722512e-01 5.606508875739645292e-01 7.555757851615839404e-02 3.203231679563040557e-01 4.346836595357305572e-02 0.000000000000000000e+00
5.475000000000000000e+03 2.189949913695132810e-01 5.664542558033682784e-01 7.635411925352754425e-02 3.114474283113336517e-01 4.574419663177059503e-02 0.000000000000000000e+00
5.500000000000000000e+03 2.199949684990545329e-01 5.727127901684114786e-01 7.407828857532999800e-02 3.039371870732817671e-01 4.927173418297678409e-02 0.000000000000000000e+00
5.525000000000000000e+03 2.209949456285955627e-01 5.704369594902138907e-01 7.555757851615839404e-02 3.082612653618570508e-01 4.574419663177059503e-02 0.000000000000000000e+00
5.550000000000000000e+03 2.219949227581368145e-01 5.745334547109695045e-01 7.601274465179790052e-02 3.071233500227583124e-01 4.233045061447428259e-02 0.000000000000000000e+00
5.575000000000000000e+03 2.229948998876780664e-01 5.570095584888484774e-01 7.942649066909421296e-02 3.145197997269003065e-01 4.904415111515703085e-02 0.000000000000000000e+00
5.600000000000000000e+03 2.239948770172190962e-01 5.707783340919435622e-01 7.635411925352754425e-02 3.109922621756941452e-01 4.187528447883477611e-02 0.000000000000000000e+00
5.625000000000000000e+03 2.249948541467603480e-01 5.698680018206645492e-01 7.715065999089668058e-02 3.145197997269003065e-01 3.846153846153846367e-02 0.000000000000000000e+00
5.650000000000000000e+03 2.259948312763013778e-01 5.732817478379608200e-01 7.862994993172507663e-02 3.042785616750113831e-01 4.380974055530268557e-02 0.000000000000000000e+00
5.675000000000000000e+03 2.269948084058426296e-01 5.698680018206645492e-01 8.022303140646336317e-02 3.088302230314064478e-01 4.107874374146563284e-02 0.000000000000000000e+00
