# itime ezz other fcc hcp bcc ico
0.000000000000000000e+00 0.000000000000000000e+00 9.103322712790168532e-04 9.990896677287209870e-01 0.000000000000000000e+00 0.000000000000000000e+00 0.000000000000000000e+00
2.500000000000000000e+01 9.999666073785551390e-04 1.365498406918525280e-03 9.986345015930814251e-01 0.000000000000000000e+00 0.000000000000000000e+00 0.000000000000000000e+00
5.000000000000000000e+01 1.999933214757110278e-03 7.965407373691396923e-04 9.992034592626308775e-01 0.000000000000000000e+00 0.000000000000000000e+00 0.000000000000000000e+00
7.500000000000000000e+01 2.999899822135443372e-03 5.689576695493854790e-04 9.994310423304506585e-01 0.000000000000000000e+00 0.000000000000000000e+00 0.000000000000000000e+00
1.000000000000000000e+02 3.999866429513998511e-03 4.551661356395084266e-04 9.995448338643604380e-01 0.000000000000000000e+00 0.000000000000000000e+00 0.000000000000000000e+00
1.250000000000000000e+02 4.999833036892553650e-03 6.827492034592626399e-04 9.993172507965407680e-01 0.000000000000000000e+00 0.000000000000000000e+00 0.000000000000000000e+00
1.500000000000000000e+02 5.999799644271108789e-03 3.413746017296313199e-04 9.996586253982703285e-01 0.000000000000000000e+00 0.000000000000000000e+00 0.000000000000000000e+00
1.750000000000000000e+02 6.999766251649441884e-03 1.024123805188893906e-03 9.988620846609012061e-01 0.000000000000000000e+00 1.137915339098771066e-04 0.000000000000000000e+00
2.000000000000000000e+02 7.999732859027997023e-03 4.551661356395084266e-04 9.995448338643604380e-01 0.000000000000000000e+00 0.000000000000000000e+00 0.000000000000000000e+00
2.250000000000000000e+02 8.999699466406552162e-03 1.479289940828402332e-03 9.985207100591716456e-01 0.000000000000000000e+00 0.000000000000000000e+00 0.000000000000000000e+00
2.500000000000000000e+02 9.999666073785107301e-03 5.689576695493854790e-04 9.994310423304506585e-01 0.000000000000000000e+00 0.000000000000000000e+00 0.000000000000000000e+00
2.750000000000000000e+02 1.099963268116366244e-02 2.503413746017296455e-03 9.973827947200728516e-01 0.000000000000000000e+00 1.137915339098771066e-04 0.000000000000000000e+00
3.000000000000000000e+02 1.199959928854199553e-02 1.593081474738279385e-03 9.984069185252617551e-01 0.000000000000000000e+00 0.000000000000000000e+00 0.000000000000000000e+00
3.250000000000000000e+02 1.299956589592055067e-02 1.706873008648156654e-03 9.982931269913518646e-01 0.000000000000000000e+00 0.000000000000000000e+00 0.000000000000000000e+00
3.500000000000000000e+02 1.399953250329910581e-02 3.072371415566681717e-03 9.969276285844332897e-01 0.000000000000000000e+00 0.000000000000000000e+00 0.000000000000000000e+00
3.750000000000000000e+02 1.499949911067766095e-02 2.275830678197542133e-04 9.997724169321802190e-01 0.000000000000000000e+00 0.000000000000000000e+00 0.000000000000000000e+00
4.000000000000000000e+02 1.599946571805599405e-02 2.958579881656804664e-03 9.970414201183431802e-01 0.000000000000000000e+00 0.000000000000000000e+00 0.000000000000000000e+00
4.250000000000000000e+02 1.699943232543454918e-02 1.706873008648156654e-03 9.982931269913518646e-01 0.000000000000000000e+00 0.000000000000000000e+00 0.000000000000000000e+00
4.500000000000000000e+02 1.799939893281310432e-02 2.617205279927173507e-03 9.973827947200728516e-01 0.000000000000000000e+00 0.000000000000000000e+00 0.000000000000000000e+00
4.750000000000000000e+02 1.899936554019165946e-02 1.137915339098770958e-03 9.988620846609012061e-01 0.000000000000000000e+00 0.000000000000000000e+00 0.000000000000000000e+00
5.000000000000000000e+02 1.999933214757021460e-02 2.162039144287664864e-03 9.977241693218024121e-01 0.000000000000000000e+00 1.137915339098771066e-04 0.000000000000000000e+00
5.250000000000000000e+02 2.099929875494854770e-02 2.275830678197541916e-03 9.977241693218024121e-01 0.000000000000000000e+00 0.000000000000000000e+00 0.000000000000000000e+00
5.500000000000000000e+02 2.199926536232710284e-02 2.275830678197541916e-03 9.977241693218024121e-01 0.000000000000000000e+00 0.000000000000000000e+00 0.000000000000000000e+00
5.750000000000000000e+02 2.299923196970565797e-02 3.186162949476558769e-03 9.968138370505233992e-01 0.000000000000000000e+00 0.000000000000000000e+00 0.000000000000000000e+00
6.000000000000000000e+02 2.399919857708421311e-02 4.551661356395083832e-03 9.953345471096950448e-01 0.000000000000000000e+00 1.137915339098771066e-04 0.000000000000000000e+00
6.250000000000000000e+02 2.499916518446254621e-02 3.868912152935821518e-03 9.960172963131542767e-01 0.000000000000000000e+00 1.137915339098771066e-04 0.000000000000000000e+00
6.500000000000000000e+02 2.599913179184110135e-02 2.275830678197541916e-03 9.977241693218024121e-01 0.000000000000000000e+00 0.000000000000000000e+00 0.000000000000000000e+00
6.750000000000000000e+02 2.699909839921965649e-02 3.299954483386436255e-03 9.964724624487938387e-01 0.000000000000000000e+00 2.275830678197542133e-04 0.000000000000000000e+00
7.000000000000000000e+02 2.799906500659821162e-02 4.096495220755575623e-03 9.955621301775148257e-01 0.000000000000000000e+00 3.413746017296313199e-04 0.000000000000000000e+00
7.250000000000000000e+02 2.899903161397676676e-02 4.665452890304961318e-03 9.949931725079653733e-01 0.000000000000000000e+00 3.413746017296313199e-04 0.000000000000000000e+00
7.500000000000000000e+02 2.999899822135509986e-02 7.624032771961766417e-03 9.923759672280382249e-01 0.000000000000000000e+00 0.000000000000000000e+00 0.000000000000000000e+00
7.750000000000000000e+02 3.099896482873365500e-02 1.024123805188893906e-03 9.989758761948110966e-01 0.000000000000000000e+00 0.000000000000000000e+00 0.000000000000000000e+00
8.000000000000000000e+02 3.199893143611221014e-02 5.234410559854347014e-03 9.941966317705962508e-01 0.000000000000000000e+00 5.689576695493854790e-04 0.000000000000000000e+00
8.250000000000000000e+02 3.299889804349076528e-02 3.299954483386436255e-03 9.965862539827037292e-01 0.000000000000000000e+00 1.137915339098771066e-04 0.000000000000000000e+00
8.500000000000000000e+02 3.399886465086909837e-02 4.551661356395083832e-03 9.953345471096950448e-01 0.000000000000000000e+00 1.137915339098771066e-04 0.000000000000000000e+00
8.750000000000000000e+02 3.499883125824765351e-02 6.372325898953117539e-03 9.934000910332271284e-01 0.000000000000000000e+00 2.275830678197542133e-04 0.000000000000000000e+00
9.000000000000000000e+02 3.599879786562620865e-02 5.006827492034592909e-03 9.947655894401457033e-01 0.000000000000000000e+00 2.275830678197542133e-04 0.000000000000000000e+00
9.250000000000000000e+02 3.699876447300476379e-02 3.982703686845699004e-03 9.959035047792443862e-01 0.000000000000000000e+00 1.137915339098771066e-04 0.000000000000000000e+00
9.500000000000000000e+02 3.799873108038331893e-02 5.234410559854347014e-03 9.947655894401457033e-01 0.000000000000000000e+00 0.000000000000000000e+00 0.000000000000000000e+00
9.750000000000000000e+02 3.899869768776165202e-02 6.486117432862995025e-03 9.932862994993172379e-01 0.000000000000000000e+00 2.275830678197542133e-04 0.000000000000000000e+00
1.000000000000000000e+03 3.999866429514020716e-02 5.234410559854347014e-03 9.945380063723259223e-01 0.000000000000000000e+00 2.275830678197542133e-04 0.000000000000000000e+00
1.025000000000000000e+03 4.099863090251876230e-02 6.827492034592626616e-03 9.929449248975875664e-01 0.000000000000000000e+00 2.275830678197542133e-04 0.000000000000000000e+00
1.050000000000000000e+03 4.199859750989731744e-02 9.786071916249430847e-03 9.896449704142011861e-01 0.000000000000000000e+00 5.689576695493854790e-04 0.000000000000000000e+00
1.075000000000000000e+03 4.299856411727565053e-02 1.160673645880746542e-02 9.880518889394629412e-01 0.000000000000000000e+00 3.413746017296313199e-04 0.000000000000000000e+00
1.100000000000000000e+03 4.399853072465420567e-02 1.092398725534820224e-02 9.888484296768320636e-01 0.000000000000000000e+00 2.275830678197542133e-04 0.000000000000000000e+00
1.125000000000000000e+03 4.499849733203276081e-02 8.306781975421027864e-03 9.915794264906691025e-01 0.000000000000000000e+00 1.137915339098771066e-04 0.000000000000000000e+00
1.150000000000000000e+03 4.599846393941131595e-02 1.160673645880746542e-02 9.882794720072826111e-01 0.000000000000000000e+00 1.137915339098771066e-04 0.000000000000000000e+00
1.175000000000000000e+03 4.699843054678987109e-02 1.285844333181611343e-02 9.864588074647245852e-01 0.000000000000000000e+00 6.827492034592626399e-04 0.000000000000000000e+00
1.200000000000000000e+03 4.799839715416820418e-02 1.126536185707783383e-02 9.877105143377332697e-01 0.000000000000000000e+00 1.024123805188893906e-03 0.000000000000000000e+00
1.225000000000000000e+03 4.899836376154675932e-02 1.228948566226672687e-02 9.872553482020938187e-01 0.000000000000000000e+00 4.551661356395084266e-04 0.000000000000000000e+00
1.250000000000000000e+03 4.999833036892531446e-02 1.706873008648156567e-02 9.824761037778789730e-01 0.000000000000000000e+00 4.551661356395084266e-04 0.000000000000000000e+00
1.275000000000000000e+03 5.099829697630386960e-02 2.025489303595812488e-02 9.787209831588530307e-01 0.000000000000000000e+00 1.024123805188893906e-03 0.000000000000000000e+00
1.300000000000000000e+03 5.199826358368220269e-02 1.467910787437414627e-02 9.845243513882566688e-01 0.000000000000000000e+00 7.965407373691396923e-04 0.000000000000000000e+00
1.325000000000000000e+03 5.299823019106075783e-02 1.342740100136549826e-02 9.861174328629950248e-01 0.000000000000000000e+00 4.551661356395084266e-04 0.000000000000000000e+00
1.350000000000000000e+03 5.399819679843931297e-02 1.524806554392353283e-02 9.840691852526172179e-01 0.000000000000000000e+00 6.827492034592626399e-04 0.000000000000000000e+00
1.375000000000000000e+03 5.499816340581786811e-02 1.945835229858898507e-02 9.796313154301320436e-01 0.000000000000000000e+00 9.103322712790168532e-04 0.000000000000000000e+00
1.400000000000000000e+03 5.599813001319642325e-02 1.934456076467910846e-02 9.798588984979517136e-01 0.000000000000000000e+00 7.965407373691396923e-04 0.000000000000000000e+00
1.425000000000000000e+03 5.699809662057475634e-02 2.207555757851615771e-02 9.769003186162948937e-01 0.000000000000000000e+00 1.024123805188893906e-03 0.000000000000000000e+00
1.450000000000000000e+03 5.799806322795331148e-02 1.957214383249886169e-02 9.797451069640418231e-01 0.000000000000000000e+00 6.827492034592626399e-04 0.000000000000000000e+00
1.475000000000000000e+03 5.899802983533186662e-02 2.924442421483841592e-02 9.692762858443332297e-01 0.000000000000000000e+00 1.479289940828402332e-03 0.000000000000000000e+00
1.500000000000000000e+03 5.999799644271042176e-02 2.344105598543468408e-02 9.749658625398270884e-01 0.000000000000000000e+00 1.593081474738279385e-03 0.000000000000000000e+00
1.525000000000000000e+03 6.099796305008875485e-02 2.401001365498407064e-02 9.746244879380974169e-01 0.000000000000000000e+00 1.365498406918525280e-03 0.000000000000000000e+00
1.550000000000000000e+03 6.199792965746730999e-02 2.469276285844333035e-02 9.731451979972689514e-01 0.000000000000000000e+00 2.162039144287664864e-03 0.000000000000000000e+00
1.575000000000000000e+03 6.299789626484586513e-02 2.662721893491124328e-02 9.716659080564405970e-01 0.000000000000000000e+00 1.706873008648156654e-03 0.000000000000000000e+00
1.600000000000000000e+03 6.399786287222442027e-02 3.174783796085571541e-02 9.665452890304960798e-01 0.000000000000000000e+00 1.706873008648156654e-03 0.000000000000000000e+00
1.625000000000000000e+03 6.499782947960297541e-02 3.459262630860263782e-02 9.637005006827491504e-01 0.000000000000000000e+00 1.706873008648156654e-03 0.000000000000000000e+00
1.650000000000000000e+03 6.599779608698130851e-02 3.299954483386435822e-02 9.643832498862084934e-01 0.000000000000000000e+00 2.617205279927173507e-03 0.000000000000000000e+00
1.675000000000000000e+03 6.699776269435986364e-02 3.584433318161128756e-02 9.625625853436504675e-01 0.000000000000000000e+00 1.593081474738279385e-03 0.000000000000000000e+00
1.700000000000000000e+03 6.799772930173841878e-02 3.026854802002730896e-02 9.687073281747837772e-01 0.000000000000000000e+00 1.024123805188893906e-03 0.000000000000000000e+00
1.725000000000000000e+03 6.899769590911697392e-02 4.472007282658170546e-02 9.535730541647701175e-01 0.000000000000000000e+00 1.706873008648156654e-03 0.000000000000000000e+00
1.750000000000000000e+03 6.999766251649530702e-02 4.346836595357305572e-02 9.536868456986800080e-01 0.000000000000000000e+00 2.844788347746927612e-03 0.000000000000000000e+00
1.775000000000000000e+03 7.099762912387386216e-02 5.473372781065088954e-02 9.425352753755120716e-01 0.000000000000000000e+00 2.730996813837050560e-03 0.000000000000000000e+00
1.800000000000000000e+03 7.199759573125241729e-02 5.791989076012744875e-02 9.393491124260354708e-01 0.000000000000000000e+00 2.730996813837050560e-03 0.000000000000000000e+00
1.825000000000000000e+03 7.299756233863097243e-02 6.144742831133363781e-02 9.350250341374601870e-01 0.000000000000000000e+00 3.527537551206190360e-03 0.000000000000000000e+00
1.850000000000000000e+03 7.399752894600952757e-02 5.393718707328174627e-02 9.415111515703231682e-01 0.000000000000000000e+00 4.551661356395083832e-03 0.000000000000000000e+00
1.875000000000000000e+03 7.499749555338786067e-02 6.918525261720527564e-02 9.260355029585798370e-01 0.000000000000000000e+00 4.779244424214838804e-03 0.000000000000000000e+00
1.900000000000000000e+03 7.599746216076641581e-02 6.178880291306326766e-02 9.330905780609922706e-01 0.000000000000000000e+00 5.120619025944469528e-03 0.000000000000000000e+00
1.925000000000000000e+03 7.699742876814497095e-02 7.373691397360036814e-02 9.198907601274465273e-01 0.000000000000000000e+00 6.372325898953117539e-03 0.000000000000000000e+00
1.950000000000000000e+03 7.799739537552352608e-02 7.931269913518433634e-02 9.140873918980427781e-01 0.000000000000000000e+00 6.599908966772872511e-03 0.000000000000000000e+00
1.975000000000000000e+03 7.899736198290185918e-02 9.604005461993628257e-02 8.954255803368229572e-01 0.000000000000000000e+00 8.534365043240782836e-03 0.000000000000000000e+00
2.000000000000000000e+03 7.999732859028041432e-02 9.330905780609922984e-02 8.961083295402821891e-01 0.000000000000000000e+00 1.058261265361857065e-02 0.000000000000000000e+00
2.025000000000000000e+03 8.099729519765896946e-02 1.068502503413746030e-01 8.834774692762858983e-01 0.000000000000000000e+00 9.672280382339554228e-03 0.000000000000000000e+00
2.050000000000000000e+03 8.199726180503752460e-02 1.079881656804733692e-01 8.798361401911697355e-01 0.000000000000000000e+00 1.217569412835685025e-02 0.000000000000000000e+00
2.075000000000000000e+03 8.299722841241607973e-02 1.086709148839326289e-01 8.802913063268092975e-01 0.000000000000000000e+00 1.103777878925807886e-02 0.000000000000000000e+00
2.100000000000000000e+03 8.399719501979441283e-02 1.215293582157487423e-01 8.617432862994993670e-01 0.000000000000000000e+00 1.672735548475193582e-02 0.000000000000000000e+00
2.125000000000000000e+03 8.499716162717296797e-02 1.364360491579426626e-01 8.474055530268548297e-01 0.000000000000000000e+00 1.615839781520254925e-02 0.000000000000000000e+00
2.150000000000000000e+03 8.599712823455152311e-02 1.462221210741920796e-01 8.312471552116522666e-01 0.000000000000000000e+00 2.253072371415566766e-02 0.000000000000000000e+00
2.175000000000000000e+03 8.699709484193007825e-02 1.649977241693217911e-01 8.096267637687756258e-01 0.000000000000000000e+00 2.537551206190259354e-02 0.000000000000000000e+00
2.200000000000000000e+03 8.799706144930841134e-02 1.788802913063268218e-01 7.899408284023669014e-01 0.000000000000000000e+00 3.117888029130632538e-02 0.000000000000000000e+00
2.225000000000000000e+03 8.899702805668696648e-02 1.811561219845243542e-01 7.817478379608556738e-01 1.137915339098771066e-04 3.698224852071006069e-02 0.000000000000000000e+00
2.250000000000000000e+03 8.999699466406552162e-02 1.860491579426490627e-01 7.691169776968593830e-01 1.137915339098771066e-04 4.472007282658170546e-02 0.000000000000000000e+00
2.275000000000000000e+03 9.099696127144407676e-02 2.344105598543468338e-01 7.173418297678653133e-01 1.137915339098771066e-04 4.813381884387801790e-02 0.000000000000000000e+00
2.300000000000000000e+03 9.199692787882240985e-02 2.360036413290851065e-01 7.110832954028220021e-01 0.000000000000000000e+00 5.291306326809285671e-02 0.000000000000000000e+00
2.325000000000000000e+03 9.299689448620096499e-02 2.386208466090122826e-01 6.946973145197997690e-01 3.413746017296313199e-04 6.634046426945834629e-02 0.000000000000000000e+00
2.350000000000000000e+03 9.399686109357952013e-02 2.521620391442876419e-01 6.710286754665453213e-01 2.275830678197542133e-04 7.658170232134729749e-02 0.000000000000000000e+00
2.375000000000000000e+03 9.499682770095807527e-02 2.717341829767865313e-01 6.360946745562130467e-01 3.413746017296313199e-04 9.182976786527081992e-02 0.000000000000000000e+00
2.400000000000000000e+03 9.599679430833663041e-02 3.098543468365953513e-01 5.857988165680473314e-01 7.965407373691396923e-04 1.035502958579881672e-01 0.000000000000000000e+00
2.425000000000000000e+03 9.699676091571496350e-02 3.126991351843422806e-01 5.670232134729176199e-01 2.048247610377787811e-03 1.182294037323623065e-01 0.000000000000000000e+00
2.450000000000000000e+03 9.799672752309351864e-02 3.299954483386435822e-01 5.209376422394174089e-01 3.299954483386436255e-03 1.457669549385525731e-01 0.000000000000000000e+00
2.475000000000000000e+03 9.899669413047207378e-02 3.508192990441511006e-01 4.783796085571233592e-01 6.144742831133363434e-03 1.646563495675921751e-01 0.000000000000000000e+00
2.500000000000000000e+03 9.999666073785062892e-02 3.652708238507055283e-01 4.338871187983613931e-01 8.761948111060537808e-03 1.920801092398725651e-01 0.000000000000000000e+00
2.525000000000000000e+03 1.009966273452289620e-01 3.703914428766499900e-01 4.135184342284933812e-01 9.103322712790167665e-03 2.069868001820664438e-01 0.000000000000000000e+00
2.550000000000000000e+03 1.019965939526075172e-01 3.499089667728720876e-01 4.014565316340464318e-01 1.365498406918525323e-02 2.349795175238962308e-01 0.000000000000000000e+00
2.575000000000000000e+03 1.029965605599860723e-01 3.732362312243969193e-01 3.645880746472462408e-01 1.649977241693217911e-02 2.456759217114246607e-01 0.000000000000000000e+00
2.600000000000000000e+03 1.039965271673646274e-01 3.818843878015475424e-01 3.289713245334547342e-01 1.729631315430131891e-02 2.718479745106964218e-01 0.000000000000000000e+00
2.625000000000000000e+03 1.049964937747431826e-01 3.977014110150204895e-01 3.108784706417842547e-01 1.706873008648156567e-02 2.743513882567136797e-01 0.000000000000000000e+00
2.650000000000000000e+03 1.059964603821215157e-01 3.981565771506599960e-01 2.951752389622211981e-01 1.763768775603095224e-02 2.890304961310878329e-01 0.000000000000000000e+00
2.675000000000000000e+03 1.069964269895000708e-01 3.954255803368229572e-01 3.010923987255348377e-01 2.423759672280382388e-02 2.792444242148384159e-01 0.000000000000000000e+00
2.700000000000000000e+03 1.079963935968786259e-01 4.053254437869822646e-01 2.827719617660446327e-01 2.514792899408284030e-02 2.867546654528903005e-01 0.000000000000000000e+00
2.725000000000000000e+03 1.089963602042571811e-01 3.967910787437414766e-01 2.762858443331815961e-01 2.890304961310878606e-02 2.980200273099681274e-01 0.000000000000000000e+00
2.750000000000000000e+03 1.099963268116355142e-01 4.180700955848885014e-01 2.606964041875284299e-01 3.060992262175694228e-02 2.906235776058261333e-01 0.000000000000000000e+00
2.775000000000000000e+03 1.109962934190140693e-01 4.099908966772872199e-01 2.495448338643604935e-01 3.675466545289030745e-02 3.037096040054619861e-01 0.000000000000000000e+00
2.800000000000000000e+03 1.119962600263926245e-01 4.190942193900774049e-01 2.479517523896222209e-01 3.937187073281747662e-02 2.935821574874829532e-01 0.000000000000000000e+00
2.825000000000000000e+03 1.129962266337711796e-01 4.284251251706873154e-01 2.284934000910332219e-01 4.369594902139280895e-02 2.993855257168866468e-01 0.000000000000000000e+00
2.850000000000000000e+03 1.139961932411497347e-01 4.330905780609922706e-01 2.184797451069640517e-01 5.120619025944470049e-02 2.972234865725990050e-01 0.000000000000000000e+00
2.875000000000000000e+03 1.149961598485280678e-01 4.289940828402367123e-01 2.229176149294492537e-01 5.507510241238051940e-02 2.930131998179335562e-01 0.000000000000000000e+00
2.900000000000000000e+03 1.159961264559066230e-01 4.220527992717341692e-01 2.206417842512516936e-01 6.258534365043240399e-02 2.947200728265816916e-01 0.000000000000000000e+00
2.925000000000000000e+03 1.169960930632851781e-01 4.185252617205280079e-01 2.212107419208010906e-01 6.258534365043240399e-02 2.976786527082385114e-01 0.000000000000000000e+00
2.950000000000000000e+03 1.179960596706637332e-01 4.245562130177514826e-01 2.129039599453800558e-01 6.781975421028675621e-02 2.947200728265816916e-01 0.000000000000000000e+00
2.975000000000000000e+03 1.189960262780420663e-01 4.255803368229403860e-01 2.111970869367319203e-01 6.656804733727811341e-02 2.966545289030496080e-01 0.000000000000000000e+00
3.000000000000000000e+03 1.199959928854206215e-01 4.437869822485207005e-01 1.995903504779244497e-01 7.009558488848430247e-02 2.865270823850705750e-01 0.000000000000000000e+00
3.025000000000000000e+03 1.209959594927991766e-01 4.426490669094219621e-01 1.888939462903959920e-01 7.305416477014110843e-02 2.954028220300409791e-01 0.000000000000000000e+00
3.050000000000000000e+03 1.219959261001777318e-01 4.378698224852071164e-01 1.958352298588985074e-01 7.988165680473373331e-02 2.864132908511606845e-01 0.000000000000000000e+00
3.075000000000000000e+03 1.229958927075562869e-01 4.386663632225762388e-01 2.009558488848429691e-01 8.249886208466089554e-02 2.778789258079198965e-01 0.000000000000000000e+00
3.100000000000000000e+03 1.239958593149346200e-01 4.394629039599453613e-01 1.835457441966317771e-01 8.784706417842512438e-02 2.891442876649977234e-01 0.000000000000000000e+00
3.125000000000000000e+03 1.249958259223131751e-01 4.457214383249886169e-01 1.739872553482020856e-01 8.989531178880291740e-02 2.903959945380063523e-01 0.000000000000000000e+00
3.150000000000000000e+03 1.259957925296917303e-01 4.470869367319071364e-01 1.686390532544378706e-01 9.285389167045972336e-02 2.914201183431952558e-01 0.000000000000000000e+00
3.175000000000000000e+03 1.269957591370702854e-01 4.408284023668638807e-01 1.626081019572143960e-01 9.740555302685480199e-02 2.991579426490669213e-01 0.000000000000000000e+00
3.200000000000000000e+03 1.279957257444486185e-01 4.433318161128811941e-01 1.586253982703686727e-01 9.990896677287210148e-02 2.981338188438780179e-01 0.000000000000000000e+00
3.225000000000000000e+03 1.289956923518271736e-01 4.515248065543923661e-01 1.451979972690031762e-01 9.592626308602640595e-02 3.073509330905780379e-01 0.000000000000000000e+00
3.250000000000000000e+03 1.299956589592057288e-01 4.475421028675466428e-01 1.436049157942649035e-01 1.028675466545289074e-01 3.059854346836595185e-01 0.000000000000000000e+00
3.275000000000000000e+03 1.309956255665842839e-01 4.528903049613108855e-01 1.370050068274920319e-01 1.030951297223486607e-01 3.070095584888484219e-01 0.000000000000000000e+00
3.300000000000000000e+03 1.319955921739628391e-01 4.575557578516158408e-01 1.354119253527537592e-01 1.043468365953573035e-01 3.026854802002730827e-01 0.000000000000000000e+00
3.325000000000000000e+03 1.329955587813411721e-01 4.608557123350022766e-01 1.297223486572599005e-01 1.048020027309968100e-01 3.046199362767409990e-01 0.000000000000000000e+00
3.350000000000000000e+03 1.339955253887197273e-01 4.575557578516158408e-01 1.325671370050068298e-01 1.131087847064178448e-01 2.967683204369594985e-01 0.000000000000000000e+00
3.375000000000000000e+03 1.349954919960982824e-01 4.707555757851615841e-01 1.200500682749203463e-01 1.061675011379153433e-01 3.030268548020027541e-01 0.000000000000000000e+00
3.400000000000000000e+03 1.359954586034768376e-01 4.625625853436504120e-01 1.182294037323623065e-01 1.126536185707783383e-01 3.065543923532089154e-01 0.000000000000000000e+00
3.425000000000000000e+03 1.369954252108551707e-01 4.715521165225307065e-01 1.147018661811561174e-01 1.123122439690487084e-01 3.014337733272644537e-01 0.000000000000000000e+00
3.450000000000000000e+03 1.379953918182337258e-01 4.693900773782430647e-01 1.118570778334091881e-01 1.102639963586709154e-01 3.084888484296768318e-01 0.000000000000000000e+00
3.475000000000000000e+03 1.389953584256122809e-01 4.767865270823850588e-01 1.022985889849795244e-01 1.172052799271734169e-01 3.037096040054619861e-01 0.000000000000000000e+00
3.500000000000000000e+03 1.399953250329908361e-01 4.761037778789258268e-01 1.049157942649066866e-01 1.177742375967228000e-01 3.012061902594446727e-01 0.000000000000000000e+00
3.525000000000000000e+03 1.409952916403693912e-01 4.981793354574419741e-01 9.786071916249430847e-02 1.195949021392808398e-01 2.843650432407828776e-01 0.000000000000000000e+00
3.550000000000000000e+03 1.419952582477477243e-01 4.919208010923987184e-01 9.751934456076467861e-02 1.218707328174783860e-01 2.886891215293582169e-01 0.000000000000000000e+00
3.575000000000000000e+03 1.429952248551262795e-01 4.875967228038233792e-01 9.797451069640418508e-02 1.222121074192080159e-01 2.922166590805644337e-01 0.000000000000000000e+00
3.600000000000000000e+03 1.439951914625048346e-01 5.154756486117433312e-01 8.875739644970413733e-02 1.228948566226672756e-01 2.728720983158853253e-01 0.000000000000000000e+00
3.625000000000000000e+03 1.449951580698833897e-01 5.113791533909877174e-01 8.682294037323623481e-02 1.284706417842512438e-01 2.733272644515248317e-01 0.000000000000000000e+00
3.650000000000000000e+03 1.459951246772617228e-01 5.027309968138370389e-01 8.670914883932635819e-02 1.404187528447883582e-01 2.701411015020482309e-01 0.000000000000000000e+00
3.675000000000000000e+03 1.469950912846402780e-01 5.220755575785162028e-01 8.158852981338188259e-02 1.363222576240327721e-01 2.600136549840691980e-01 0.000000000000000000e+00
3.700000000000000000e+03 1.479950578920188331e-01 5.204824761037778469e-01 8.136094674556212936e-02 1.358670914883932657e-01 2.622894856622667303e-01 0.000000000000000000e+00
3.725000000000000000e+03 1.489950244993973882e-01 5.197997269003186149e-01 8.010923987255348655e-02 1.333636777423759801e-01 2.667273554847519601e-01 0.000000000000000000e+00
3.750000000000000000e+03 1.499949911067759434e-01 5.254893035958124736e-01 7.794720072826581692e-02 1.356395084205735124e-01 2.609239872553482109e-01 0.000000000000000000e+00
3.775000000000000000e+03 1.509949577141542765e-01 5.223031406463358728e-01 8.113336367774237612e-02 1.415566681838871244e-01 2.550068274920345712e-01 0.000000000000000000e+00
3.800000000000000000e+03 1.519949243215328316e-01 5.368684569868001910e-01 8.056440600819299303e-02 1.465634956759217233e-01 2.360036413290851065e-01 0.000000000000000000e+00
3.825000000000000000e+03 1.529948909289113868e-01 5.347064178425124936e-01 8.272644515248064878e-02 1.380291306326809353e-01 2.445380063723258945e-01 0.000000000000000000e+00
3.850000000000000000e+03 1.539948575362899419e-01 5.410787437414655843e-01 7.954028220300408958e-02 1.445152480655439164e-01 2.348657259899863403e-01 0.000000000000000000e+00
3.875000000000000000e+03 1.549948241436682750e-01 5.547337278106508895e-01 7.771961766044606368e-02 1.425807919890760000e-01 2.249658625398270329e-01 0.000000000000000000e+00
3.900000000000000000e+03 1.559947907510468301e-01 5.467683204369594430e-01 7.555757851615839404e-02 1.405325443786982209e-01 2.371415566681839004e-01 0.000000000000000000e+00
3.925000000000000000e+03 1.569947573584253853e-01 5.609922621756940897e-01 7.464724624487938109e-02 1.378015475648611821e-01 2.265589440145653055e-01 0.000000000000000000e+00
3.950000000000000000e+03 1.579947239658039404e-01 5.609922621756940897e-01 7.282658170232134132e-02 1.415566681838871244e-01 2.246244879380974169e-01 0.000000000000000000e+00
3.975000000000000000e+03 1.589946905731824955e-01 5.573509330905780379e-01 7.271279016841146470e-02 1.450842057350933134e-01 2.248520710059171701e-01 0.000000000000000000e+00
4.000000000000000000e+03 1.599946571805608286e-01 5.637232589895311285e-01 7.532999544833864081e-02 1.458807464724624359e-01 2.150659990896677254e-01 0.000000000000000000e+00
4.025000000000000000e+03 1.609946237879393838e-01 5.758989531178880794e-01 7.624032771961765376e-02 1.481565771506599960e-01 1.997041420118343125e-01 0.000000000000000000e+00
4.050000000000000000e+03 1.619945903953179389e-01 5.779472007282657753e-01 7.669549385525717411e-02 1.498634501593081592e-01 1.954938552571688637e-01 0.000000000000000000e+00
4.075000000000000000e+03 1.629945570026964941e-01 5.686162949476558648e-01 7.589895311788802390e-02 1.511151570323167881e-01 2.043695949021392677e-01 0.000000000000000000e+00
4.100000000000000000e+03 1.639945236100748271e-01 5.685025034137459743e-01 7.157487482931269851e-02 1.530496131087847045e-01 2.068730086481565811e-01 0.000000000000000000e+00
4.125000000000000000e+03 1.649944902174533823e-01 5.857988165680473314e-01 6.986800182066454923e-02 1.634046426945835184e-01 1.809285389167046010e-01 0.000000000000000000e+00
4.150000000000000000e+03 1.659944568248319374e-01 5.797678652708238012e-01 7.555757851615839404e-02 1.651115157032316816e-01 1.795630405097860816e-01 0.000000000000000000e+00
4.175000000000000000e+03 1.669944234322104926e-01 5.801092398725534727e-01 7.123350022758306865e-02 1.737596722803823324e-01 1.748975876194810986e-01 0.000000000000000000e+00
4.200000000000000000e+03 1.679943900395890477e-01 5.839781520254893055e-01 7.612653618570777714e-02 1.808147473827947105e-01 1.590805644060081792e-01 0.000000000000000000e+00
4.225000000000000000e+03 1.689943566469673808e-01 5.846609012289485374e-01 7.954028220300408958e-02 1.755803368229403860e-01 1.602184797451069731e-01 0.000000000000000000e+00
4.250000000000000000e+03 1.699943232543459359e-01 5.810195721438324856e-01 7.976786527082385669e-02 1.851388256713700498e-01 1.540737369139736079e-01 0.000000000000000000e+00
4.275000000000000000e+03 1.709942898617244911e-01 5.927401001365498745e-01 7.715065999089668058e-02 1.861629494765589532e-01 1.439462903959945472e-01 0.000000000000000000e+00
4.300000000000000000e+03 1.719942564691030462e-01 5.934228493400091065e-01 7.794720072826581692e-02 1.850250341374601593e-01 1.436049157942649035e-01 0.000000000000000000e+00
4.325000000000000000e+03 1.729942230764813793e-01 5.906918525261720676e-01 7.544378698224851743e-02 1.886663632225762388e-01 1.451979972690031762e-01 0.000000000000000000e+00
4.350000000000000000e+03 1.739941896838599344e-01 5.985434683659536237e-01 7.328174783796086167e-02 1.875284478834774726e-01 1.406463359126081114e-01 0.000000000000000000e+00
4.375000000000000000e+03 1.749941562912384896e-01 5.955848884842968038e-01 7.521620391442876419e-02 1.987938097405552995e-01 1.304050978607191602e-01 0.000000000000000000e+00
4.400000000000000000e+03 1.759941228986170447e-01 5.989986345015930747e-01 7.851615839781520001e-02 1.949248975876194945e-01 1.275603095129722309e-01 0.000000000000000000e+00
4.425000000000000000e+03 1.769940895059955999e-01 5.926263086026399840e-01 7.783340919435594030e-02 1.982248520710059303e-01 1.313154301319981732e-01 0.000000000000000000e+00
4.450000000000000000e+03 1.779940561133739330e-01 5.956986800182066943e-01 8.045061447428311641e-02 2.014110150204824756e-01 1.224396904870277691e-01 0.000000000000000000e+00
4.475000000000000000e+03 1.789940227207524881e-01 5.992262175694128556e-01 8.318161128812016913e-02 2.060764679107874309e-01 1.115157032316795582e-01 0.000000000000000000e+00
4.500000000000000000e+03 1.799939893281310432e-01 5.928538916704597650e-01 8.249886208466089554e-02 2.026627218934911323e-01 1.219845243513882627e-01 0.000000000000000000e+00
4.525000000000000000e+03 1.809939559355095984e-01 5.988848429676831842e-01 8.727810650887574129e-02 2.033454710969503920e-01 1.104915794264906687e-01 0.000000000000000000e+00
4.550000000000000000e+03 1.819939225428879315e-01 6.021847974510696755e-01 8.705052344105598805e-02 2.045971779699590487e-01 1.061675011379153433e-01 0.000000000000000000e+00
4.575000000000000000e+03 1.829938891502664866e-01 5.997951752389621971e-01 8.761948111060537114e-02 2.028903049613108855e-01 1.096950386891215323e-01 0.000000000000000000e+00
4.600000000000000000e+03 1.839938557576450417e-01 5.987710514337732937e-01 8.454710969503868856e-02 2.085798816568047442e-01 1.081019572143832458e-01 0.000000000000000000e+00
4.625000000000000000e+03 1.849938223650235969e-01 5.996813837050523066e-01 8.921256258534364381e-02 2.126763768775603025e-01 9.842967683204369156e-02 0.000000000000000000e+00
4.650000000000000000e+03 1.859937889724021520e-01 6.018434228493400040e-01 8.807464724624487762e-02 2.072143832498861971e-01 1.028675466545289074e-01 0.000000000000000000e+00
4.675000000000000000e+03 1.869937555797804851e-01 6.126536185707783799e-01 8.614019116977697510e-02 2.031178880291306388e-01 9.808830223031406170e-02 0.000000000000000000e+00
4.700000000000000000e+03 1.879937221871590403e-01 6.058261265361857273e-01 8.693673190714611143e-02 2.096040054619936199e-01 9.763313609467455523e-02 0.000000000000000000e+00
4.725000000000000000e+03 1.889936887945375954e-01 6.109467455621301335e-01 8.670914883932635819e-02 2.099453800637232637e-01 9.239872553482020301e-02 0.000000000000000000e+00
4.750000000000000000e+03 1.899936554019161505e-01 6.021847974510696755e-01 9.091943559399180697e-02 2.139280837505689592e-01 9.296768320436959998e-02 0.000000000000000000e+00
4.775000000000000000e+03 1.909936220092944836e-01 6.077605826126536437e-01 8.909877105143376719e-02 2.179107874374146547e-01 8.522985889849794827e-02 0.000000000000000000e+00
4.800000000000000000e+03 1.919935886166730388e-01 6.166363222576239922e-01 8.773327264451524776e-02 2.144970414201183562e-01 8.113336367774237612e-02 0.000000000000000000e+00
4.825000000000000000e+03 1.929935552240515939e-01 6.024123805188893455e-01 8.955393718707328754e-02 2.232589895311788697e-01 8.477469276285844180e-02 0.000000000000000000e+00
4.850000000000000000e+03 1.939935218314301490e-01 6.151570323167956378e-01 8.636777423759672834e-02 2.195038689121529274e-01 7.897132453345470648e-02 0.000000000000000000e+00
4.875000000000000000e+03 1.949934884388087042e-01 6.106053709604005730e-01 8.397815202548930547e-02 2.232589895311788697e-01 8.215748748293126569e-02 0.000000000000000000e+00
4.900000000000000000e+03 1.959934550461870373e-01 6.128812016385980499e-01 8.773327264451524776e-02 2.245106964041875264e-01 7.476103777878925771e-02 1.137915339098771066e-04
4.925000000000000000e+03 1.969934216535655924e-01 6.081019572143832042e-01 8.875739644970413733e-02 2.274692762858443462e-01 7.567137005006827066e-02 0.000000000000000000e+00
4.950000000000000000e+03 1.979933882609441476e-01 6.123122439690487084e-01 8.636777423759672834e-02 2.281520254893036059e-01 7.316795630405098505e-02 0.000000000000000000e+00
4.975000000000000000e+03 1.989933548683227027e-01 6.150432407828857473e-01 8.659535730541648157e-02 2.250796540737369233e-01 7.328174783796086167e-02 0.000000000000000000e+00
5.000000000000000000e+03 1.999933214757010358e-01 6.167501137915338827e-01 8.568502503413745475e-02 2.299726900318616318e-01 6.747837960855712636e-02 1.137915339098771066e-04
5.025000000000000000e+03 2.009932880830795909e-01 6.209604005461993870e-01 8.591260810195720798e-02 2.246244879380974169e-01 6.850250341374601593e-02 0.000000000000000000e+00
5.050000000000000000e+03 2.019932546904581461e-01 6.176604460628128956e-01 8.898497951752389057e-02 2.224624487938097472e-01 7.089212562585343880e-02 0.000000000000000000e+00
5.075000000000000000e+03 2.029932212978367012e-01 6.209604005461993870e-01 8.955393718707328754e-02 2.254210286754665393e-01 6.395084205735093730e-02 1.137915339098771066e-04
5.100000000000000000e+03 2.039931879052152564e-01 6.243741465634956578e-01 8.568502503413745475e-02 2.295175238962221254e-01 6.030951297223486468e-02 1.137915339098771066e-04
5.125000000000000000e+03 2.049931545125935894e-01 6.236913973600364258e-01 8.579881656804733137e-02 2.303140646335912478e-01 5.996813837050523482e-02 2.275830678197542133e-04
5.150000000000000000e+03 2.059931211199721446e-01 6.248293126991352198e-01 8.909877105143376719e-02 2.243969048702776636e-01 6.167501137915339104e-02 0.000000000000000000e+00
5.175000000000000000e+03 2.069930877273506997e-01 6.241465634956758768e-01 8.784706417842512438e-02 2.274692762858443462e-01 6.053709604005461792e-02 0.000000000000000000e+00
5.200000000000000000e+03 2.079930543347292549e-01 6.231224396904869733e-01 8.579881656804733137e-02 2.330450614474283144e-01 5.803368229403732537e-02 0.000000000000000000e+00
5.225000000000000000e+03 2.089930209421075880e-01 6.317705962676376519e-01 8.568502503413745475e-02 2.283796085571233592e-01 5.405097860719162289e-02 1.137915339098771066e-04
5.250000000000000000e+03 2.099929875494861431e-01 6.244879380974055483e-01 9.046426945835230049e-02 2.329312699135184239e-01 5.211652253072371344e-02 0.000000000000000000e+00
5.275000000000000000e+03 2.109929541568646982e-01 6.319981793354574329e-01 8.852981338188438409e-02 2.297451069640418786e-01 4.961310878470642088e-02 1.137915339098771066e-04
5.300000000000000000e+03 2.119929207642432534e-01 6.297223486572598450e-01 8.818843878015475424e-02 2.311106053709603980e-01 5.097860719162494031e-02 0.000000000000000000e+00
5.325000000000000000e+03 2.129928873716218085e-01 6.269913518434228061e-01 9.023668639053254725e-02 2.297451069640418786e-01 5.302685480200273332e-02 0.000000000000000000e+00
5.350000000000000000e+03 2.139928539790001416e-01 6.329085116067364458e-01 8.887118798361401395e-02 2.263313609467455523e-01 5.188893946290396020e-02 0.000000000000000000e+00
5.375000000000000000e+03 2.149928205863786967e-01 6.358670914883932657e-01 9.023668639053254725e-02 2.255348202093764298e-01 4.836140191169777114e-02 0.000000000000000000e+00
5.400000000000000000e+03 2.159927871937572519e-01 6.365498406918524976e-01 9.069185252617205373e-02 2.270141101502048120e-01 4.574419663177059503e-02 0.000000000000000000e+00
5.425000000000000000e+03 2.169927538011358070e-01 6.338188438780154588e-01 9.137460172963131344e-02 2.329312699135184239e-01 4.187528447883477611e-02 0.000000000000000000e+00
5.450000000000000000e+03 2.179927204085141401e-01 6.446290395994538347e-01 9.069185252617205373e-02 2.210969503868912278e-01 4.358215748748293233e-02 0.000000000000000000e+00
5.475000000000000000e+03 2.189926870158926953e-01 6.438324988620847122e-01 8.796085571233500100e-02 2.226900318616295005e-01 4.540282203004096517e-02 1.137915339098771066e-04
5.500000000000000000e+03 2.199926536232712504e-01 6.405325443786982209e-01 9.330905780609922984e-02 2.213245334547109811e-01 4.483386436049158208e-02 0.000000000000000000e+00
5.525000000000000000e+03 2.209926202306498055e-01 6.426945835229859183e-01 9.023668639053254725e-02 2.245106964041875264e-01 4.255803368229403583e-02 0.000000000000000000e+00
5.550000000000000000e+03 2.219925868380283607e-01 6.596495220755576039e-01 8.818843878015475424e-02 2.154073736913973691e-01 3.664087391898043083e-02 1.137915339098771066e-04
5.575000000000000000e+03 2.229925534454066938e-01 6.494082840236686804e-01 9.103322712790168358e-02 2.187073281747838049e-01 4.073736913973600299e-02 1.137915339098771066e-04
5.600000000000000000e+03 2.239925200527852489e-01 6.524806554392352798e-01 9.091943559399180697e-02 2.193900773782430647e-01 3.720983158852981393e-02 0.000000000000000000e+00
5.625000000000000000e+03 2.249924866601638040e-01 6.481565771506599960e-01 9.046426945835230049e-02 2.199590350477924339e-01 4.142011834319526964e-02 0.000000000000000000e+00
5.650000000000000000e+03 2.259924532675423592e-01 6.563495675921711126e-01 8.796085571233500100e-02 2.146108329540282189e-01 4.107874374146563284e-02 0.000000000000000000e+00
5.675000000000000000e+03 2.269924198749206923e-01 6.609012289485661773e-01 8.705052344105598805e-02 2.122212107419207960e-01 3.982703686845699004e-02 0.000000000000000000e+00
