# itime ezz other fcc hcp bcc ico
0.000000000000000000e+00 0.000000000000000000e+00 6.827492034592626399e-04 9.993172507965407680e-01 0.000000000000000000e+00 0.000000000000000000e+00 0.000000000000000000e+00
3.000000000000000000e+01 1.200001380838555676e-02 1.024123805188893906e-03 9.989758761948110966e-01 0.000000000000000000e+00 0.000000000000000000e+00 0.000000000000000000e+00
6.000000000000000000e+01 2.400002761677111351e-02 2.503413746017296455e-03 9.974965862539827421e-01 0.000000000000000000e+00 0.000000000000000000e+00 0.000000000000000000e+00
9.000000000000000000e+01 3.600004142515667027e-02 4.096495220755575623e-03 9.959035047792443862e-01 0.000000000000000000e+00 0.000000000000000000e+00 0.000000000000000000e+00
1.200000000000000000e+02 4.800005523354244907e-02 9.558488848429677609e-03 9.896449704142011861e-01 0.000000000000000000e+00 7.965407373691396923e-04 0.000000000000000000e+00
1.500000000000000000e+02 6.000006904192800583e-02 1.957214383249886169e-02 9.798588984979517136e-01 0.000000000000000000e+00 5.689576695493854790e-04 0.000000000000000000e+00
1.800000000000000000e+02 7.200008285031356259e-02 3.390987710514337811e-02 9.634729176149294805e-01 0.000000000000000000e+00 2.617205279927173507e-03 0.000000000000000000e+00
2.100000000000000000e+02 8.400009665869911935e-02 6.907146108329539902e-02 9.274010013654984119e-01 0.000000000000000000e+00 3.527537551206190360e-03 0.000000000000000000e+00
2.400000000000000000e+02 9.600011046708467610e-02 1.243741465634956717e-01 8.689121529358215801e-01 0.000000000000000000e+00 6.713700500682749130e-03 0.000000000000000000e+00
2.700000000000000000e+02 1.080001242754702329e-01 2.253072371415566766e-01 7.567137005006827621e-01 0.000000000000000000e+00 1.797906235776058209e-02 0.000000000000000000e+00
3.000000000000000000e+02 1.200001380838557896e-01 3.667501137915338827e-01 5.979745106964041712e-01 0.000000000000000000e+00 3.527537551206190447e-02 0.000000000000000000e+00
3.300000000000000000e+02 1.320001518922415684e-01 5.251479289940828021e-01 4.127218934911242587e-01 1.251706873008648227e-03 6.087847064178425471e-02 0.000000000000000000e+00
3.600000000000000000e+02 1.440001657006271252e-01 6.475876194811106545e-01 2.339553937187073274e-01 6.258534365043240920e-03 1.121984524351388318e-01 0.000000000000000000e+00
3.900000000000000000e+02 1.560001795090126819e-01 7.306554392353209471e-01 1.144742831133363642e-01 1.422394173873463806e-02 1.406463359126081114e-01 0.000000000000000000e+00
4.200000000000000000e+02 1.680001933173982387e-01 7.756030951297223641e-01 5.894401456531633832e-02 2.173418297678652786e-02 1.437187073281747940e-01 0.000000000000000000e+00
4.500000000000000000e+02 1.800002071257837954e-01 7.895994538006372299e-01 4.380974055530268557e-02 2.901684114701866268e-02 1.375739644970414288e-01 0.000000000000000000e+00
4.800000000000000000e+02 1.920002209341693522e-01 8.312471552116522666e-01 3.675466545289030745e-02 3.004096495220755572e-02 1.019572143832498806e-01 0.000000000000000000e+00
5.100000000000000000e+02 2.040002347425549090e-01 8.594674556213017791e-01 2.924442421483841592e-02 2.890304961310878606e-02 8.238507055075101893e-02 0.000000000000000000e+00
5.400000000000000000e+02 2.160002485509406878e-01 8.934911242603550408e-01 2.196176604460628110e-02 2.776513427401001294e-02 5.678197542102867562e-02 0.000000000000000000e+00
5.700000000000000000e+02 2.280002623593262445e-01 9.078288575329995780e-01 2.002730996813837164e-02 2.730996813837050646e-02 4.460628129267182190e-02 2.275830678197542133e-04
6.000000000000000000e+02 2.400002761677118013e-01 9.264906690942193990e-01 1.729631315430131891e-02 2.401001365498407064e-02 3.220300409649522189e-02 0.000000000000000000e+00
6.300000000000000000e+02 2.520002899760973580e-01 9.316112881201638052e-01 1.729631315430131891e-02 2.389622212107419055e-02 2.719617660446062984e-02 0.000000000000000000e+00
6.600000000000000000e+02 2.640003037844829148e-01 9.368456986800182129e-01 1.741010468821119553e-02 2.264451524806554428e-02 2.309968138370505075e-02 0.000000000000000000e+00
6.900000000000000000e+02 2.760003175928684716e-01 9.470869367319071364e-01 1.684114701866181243e-02 1.934456076467910846e-02 1.672735548475193582e-02 0.000000000000000000e+00
7.200000000000000000e+02 2.880003314012540283e-01 9.500455166135639562e-01 1.604460628129267263e-02 1.752389622212107562e-02 1.638598088302230249e-02 0.000000000000000000e+00
7.500000000000000000e+02 3.000003452096395851e-01 9.567592171142467183e-01 1.206190259444697363e-02 1.684114701866181243e-02 1.433773327264451468e-02 0.000000000000000000e+00
7.800000000000000000e+02 3.120003590180253639e-01 9.574419663177059503e-01 1.502048247610377786e-02 1.558944014565316269e-02 1.160673645880746542e-02 3.413746017296313199e-04
8.100000000000000000e+02 3.240003728264109206e-01 9.617660446062813451e-01 1.308602639963586667e-02 1.524806554392353283e-02 9.899863450159307465e-03 0.000000000000000000e+00
8.400000000000000000e+02 3.360003866347964774e-01 9.647246244879380539e-01 1.399635867091488309e-02 1.137915339098771045e-02 9.672280382339554228e-03 2.275830678197542133e-04
8.700000000000000000e+02 3.480004004431820341e-01 9.722348657259899385e-01 9.672280382339554228e-03 1.228948566226672687e-02 5.803368229403732710e-03 0.000000000000000000e+00
9.000000000000000000e+02 3.600004142515675909e-01 9.747382794720073074e-01 8.989531178880291046e-03 1.012744651797906244e-02 6.030951297223486815e-03 1.137915339098771066e-04
9.300000000000000000e+02 3.720004280599531477e-01 9.751934456076467583e-01 8.761948111060537808e-03 1.001365498406918582e-02 6.030951297223486815e-03 0.000000000000000000e+00
9.600000000000000000e+02 3.840004418683389265e-01 9.802002730996813851e-01 7.624032771961766417e-03 7.851615839781519654e-03 4.096495220755575623e-03 2.275830678197542133e-04
9.900000000000000000e+02 3.960004556767244832e-01 9.815657715065999600e-01 6.486117432862995025e-03 7.396449704142011444e-03 4.210286754665453109e-03 3.413746017296313199e-04
1.020000000000000000e+03 4.080004694851098179e-01 9.828174783796085334e-01 6.144742831133363434e-03 7.168866636322257339e-03 3.186162949476558769e-03 6.827492034592626399e-04
1.050000000000000000e+03 4.200004832934955967e-01 9.850933090578061213e-01 4.893035958124715423e-03 6.827492034592626616e-03 2.730996813837050560e-03 4.551661356395084266e-04
1.080000000000000000e+03 4.320004971018813755e-01 9.844105598543468894e-01 4.437869822485207214e-03 7.624032771961766417e-03 3.186162949476558769e-03 3.413746017296313199e-04
1.110000000000000000e+03 4.440005109102667102e-01 9.864588074647245852e-01 4.324078288575329727e-03 6.827492034592626616e-03 2.275830678197541916e-03 1.137915339098771066e-04
1.140000000000000000e+03 4.560005247186522670e-01 9.874829312699134887e-01 3.641329085116067413e-03 6.030951297223486815e-03 2.503413746017296455e-03 3.413746017296313199e-04
1.170000000000000000e+03 4.680005385270378238e-01 9.901001365498406370e-01 2.503413746017296455e-03 5.234410559854347014e-03 1.365498406918525280e-03 7.965407373691396923e-04
1.200000000000000000e+03 4.800005523354236026e-01 9.916932180245789930e-01 2.730996813837050560e-03 3.641329085116067413e-03 1.365498406918525280e-03 5.689576695493854790e-04
1.230000000000000000e+03 4.920005661438091593e-01 9.929449248975875664e-01 1.820664542558033706e-03 2.958579881656804664e-03 1.820664542558033706e-03 4.551661356395084266e-04
1.260000000000000000e+03 5.040005799521944940e-01 9.907828857532999800e-01 2.617205279927173507e-03 3.982703686845699004e-03 1.934456076467910759e-03 6.827492034592626399e-04
1.290000000000000000e+03 5.160005937605802728e-01 9.930587164314974569e-01 1.820664542558033706e-03 2.844788347746927612e-03 1.593081474738279385e-03 6.827492034592626399e-04
1.320000000000000000e+03 5.280006075689660516e-01 9.921483841602184439e-01 1.479289940828402332e-03 3.982703686845699004e-03 1.820664542558033706e-03 5.689576695493854790e-04
1.350000000000000000e+03 5.400006213773513863e-01 9.926035502958580059e-01 1.934456076467910759e-03 3.186162949476558769e-03 1.365498406918525280e-03 9.103322712790168532e-04
1.380000000000000000e+03 5.520006351857369431e-01 9.936276741010469093e-01 1.593081474738279385e-03 2.730996813837050560e-03 1.251706873008648227e-03 7.965407373691396923e-04
1.410000000000000000e+03 5.640006489941227219e-01 9.945380063723259223e-01 1.137915339098770958e-03 3.072371415566681717e-03 5.689576695493854790e-04 6.827492034592626399e-04
1.440000000000000000e+03 5.760006628025082787e-01 9.939690487027764698e-01 1.251706873008648227e-03 3.868912152935821518e-03 4.551661356395084266e-04 4.551661356395084266e-04
1.470000000000000000e+03 5.880006766108938354e-01 9.951069640418752638e-01 1.024123805188893906e-03 2.503413746017296455e-03 1.024123805188893906e-03 3.413746017296313199e-04
1.500000000000000000e+03 6.000006904192791701e-01 9.953345471096950448e-01 1.706873008648156654e-03 2.162039144287664864e-03 5.689576695493854790e-04 2.275830678197542133e-04
1.530000000000000000e+03 6.120007042276649489e-01 9.943104233045061413e-01 1.137915339098770958e-03 3.186162949476558769e-03 7.965407373691396923e-04 5.689576695493854790e-04
1.560000000000000000e+03 6.240007180360505057e-01 9.953345471096950448e-01 9.103322712790168532e-04 2.503413746017296455e-03 1.137915339098770958e-03 1.137915339098771066e-04
1.590000000000000000e+03 6.360007318444360624e-01 9.953345471096950448e-01 1.024123805188893906e-03 2.162039144287664864e-03 1.024123805188893906e-03 4.551661356395084266e-04
1.620000000000000000e+03 6.480007456528216192e-01 9.943104233045061413e-01 1.706873008648156654e-03 2.503413746017296455e-03 9.103322712790168532e-04 5.689576695493854790e-04
1.650000000000000000e+03 6.600007594612073980e-01 9.947655894401457033e-01 1.137915339098770958e-03 2.844788347746927612e-03 7.965407373691396923e-04 4.551661356395084266e-04
1.680000000000000000e+03 6.720007732695927327e-01 9.959035047792443862e-01 7.965407373691396923e-04 1.593081474738279385e-03 1.137915339098770958e-03 5.689576695493854790e-04
1.710000000000000000e+03 6.840007870779785115e-01 9.969276285844332897e-01 6.827492034592626399e-04 1.024123805188893906e-03 9.103322712790168532e-04 4.551661356395084266e-04
1.740000000000000000e+03 6.960008008863638462e-01 9.960172963131542767e-01 5.689576695493854790e-04 2.162039144287664864e-03 5.689576695493854790e-04 6.827492034592626399e-04
1.770000000000000000e+03 7.080008146947496250e-01 9.970414201183431802e-01 2.275830678197542133e-04 1.593081474738279385e-03 5.689576695493854790e-04 5.689576695493854790e-04
1.800000000000000000e+03 7.200008285031354038e-01 9.978379608557123026e-01 4.551661356395084266e-04 1.024123805188893906e-03 1.137915339098771066e-04 5.689576695493854790e-04
1.830000000000000000e+03 7.320008423115209606e-01 9.976103777878926326e-01 4.551661356395084266e-04 7.965407373691396923e-04 3.413746017296313199e-04 7.965407373691396923e-04
1.860000000000000000e+03 7.440008561199062953e-01 9.974965862539827421e-01 6.827492034592626399e-04 9.103322712790168532e-04 4.551661356395084266e-04 4.551661356395084266e-04
1.890000000000000000e+03 7.560008699282920741e-01 9.974965862539827421e-01 5.689576695493854790e-04 1.137915339098770958e-03 1.137915339098771066e-04 6.827492034592626399e-04
1.920000000000000000e+03 7.680008837366778529e-01 9.965862539827037292e-01 6.827492034592626399e-04 1.479289940828402332e-03 3.413746017296313199e-04 9.103322712790168532e-04
1.950000000000000000e+03 7.800008975450631876e-01 9.972690031861629611e-01 3.413746017296313199e-04 9.103322712790168532e-04 3.413746017296313199e-04 1.137915339098770958e-03
1.980000000000000000e+03 7.920009113534487444e-01 9.971552116522530707e-01 2.275830678197542133e-04 1.251706873008648227e-03 3.413746017296313199e-04 1.024123805188893906e-03
2.010000000000000000e+03 8.040009251618343011e-01 9.979517523896221931e-01 1.137915339098771066e-04 7.965407373691396923e-04 3.413746017296313199e-04 7.965407373691396923e-04
2.040000000000000000e+03 8.160009389702200799e-01 9.968138370505233992e-01 5.689576695493854790e-04 1.706873008648156654e-03 1.137915339098771066e-04 7.965407373691396923e-04
2.070000000000000000e+03 8.280009527786056367e-01 9.973827947200728516e-01 4.551661356395084266e-04 1.593081474738279385e-03 2.275830678197542133e-04 3.413746017296313199e-04
2.100000000000000000e+03 8.400009665869909714e-01 9.973827947200728516e-01 3.413746017296313199e-04 1.251706873008648227e-03 2.275830678197542133e-04 7.965407373691396923e-04
2.130000000000000000e+03 8.520009803953767502e-01 9.968138370505233992e-01 3.413746017296313199e-04 1.024123805188893906e-03 6.827492034592626399e-04 1.137915339098770958e-03
2.160000000000000000e+03 8.640009942037625290e-01 9.967000455166135087e-01 4.551661356395084266e-04 1.137915339098770958e-03 6.827492034592626399e-04 1.024123805188893906e-03
2.190000000000000000e+03 8.760010080121478637e-01 9.976103777878926326e-01 1.137915339098771066e-04 6.827492034592626399e-04 5.689576695493854790e-04 1.024123805188893906e-03
2.220000000000000000e+03 8.880010218205334205e-01 9.974965862539827421e-01 1.137915339098771066e-04 6.827492034592626399e-04 4.551661356395084266e-04 1.251706873008648227e-03
2.250000000000000000e+03 9.000010356289189772e-01 9.977241693218024121e-01 2.275830678197542133e-04 7.965407373691396923e-04 3.413746017296313199e-04 9.103322712790168532e-04
2.280000000000000000e+03 9.120010494373047560e-01 9.986345015930814251e-01 1.137915339098771066e-04 4.551661356395084266e-04 0.000000000000000000e+00 7.965407373691396923e-04
2.310000000000000000e+03 9.240010632456903128e-01 9.967000455166135087e-01 1.137915339098771066e-04 1.024123805188893906e-03 9.103322712790168532e-04 1.251706873008648227e-03
2.340000000000000000e+03 9.360010770540756475e-01 9.976103777878926326e-01 2.275830678197542133e-04 9.103322712790168532e-04 4.551661356395084266e-04 7.965407373691396923e-04
2.370000000000000000e+03 9.480010908624614263e-01 9.971552116522530707e-01 4.551661356395084266e-04 6.827492034592626399e-04 2.275830678197542133e-04 1.479289940828402332e-03
2.400000000000000000e+03 9.600011046708472051e-01 9.978379608557123026e-01 3.413746017296313199e-04 2.275830678197542133e-04 3.413746017296313199e-04 1.251706873008648227e-03
2.430000000000000000e+03 9.720011184792325398e-01 9.970414201183431802e-01 2.275830678197542133e-04 4.551661356395084266e-04 2.275830678197542133e-04 2.048247610377787811e-03
2.460000000000000000e+03 9.840011322876180966e-01 9.982931269913518646e-01 3.413746017296313199e-04 0.000000000000000000e+00 1.137915339098771066e-04 1.251706873008648227e-03
2.490000000000000000e+03 9.960011460960038754e-01 9.982931269913518646e-01 3.413746017296313199e-04 1.137915339098771066e-04 4.551661356395084266e-04 7.965407373691396923e-04
