# itime ezz other fcc hcp bcc ico
0.000000000000000000e+00 0.000000000000000000e+00 4.551661356395084266e-04 9.995448338643604380e-01 0.000000000000000000e+00 0.000000000000000000e+00 0.000000000000000000e+00
4.000000000000000000e+03 9.999451312934226621e-04 9.103322712790168532e-04 9.990896677287209870e-01 0.000000000000000000e+00 0.000000000000000000e+00 0.000000000000000000e+00
8.000000000000000000e+03 1.999890262586845324e-03 9.103322712790168532e-04 9.990896677287209870e-01 0.000000000000000000e+00 0.000000000000000000e+00 0.000000000000000000e+00
1.200000000000000000e+04 2.999835393880267986e-03 9.103322712790168532e-04 9.990896677287209870e-01 0.000000000000000000e+00 0.000000000000000000e+00 0.000000000000000000e+00
1.600000000000000000e+04 3.999780525173690648e-03 1.479289940828402332e-03 9.985207100591716456e-01 0.000000000000000000e+00 0.000000000000000000e+00 0.000000000000000000e+00
2.000000000000000000e+04 4.999725656467113311e-03 1.137915339098771066e-04 9.998862084660901095e-01 0.000000000000000000e+00 0.000000000000000000e+00 0.000000000000000000e+00
2.400000000000000000e+04 5.999670787760758017e-03 2.730996813837050560e-03 9.971552116522530707e-01 0.000000000000000000e+00 1.137915339098771066e-04 0.000000000000000000e+00
2.800000000000000000e+04 6.999615919054180679e-03 1.137915339098771066e-04 9.998862084660901095e-01 0.000000000000000000e+00 0.000000000000000000e+00 0.000000000000000000e+00
3.200000000000000000e+04 7.999561050347603341e-03 5.689576695493854790e-04 9.994310423304506585e-01 0.000000000000000000e+00 0.000000000000000000e+00 0.000000000000000000e+00
3.600000000000000000e+04 8.999506181641026004e-03 2.048247610377787811e-03 9.979517523896221931e-01 0.000000000000000000e+00 0.000000000000000000e+00 0.000000000000000000e+00
4.000000000000000000e+04 9.999451312934448666e-03 6.827492034592626399e-04 9.993172507965407680e-01 0.000000000000000000e+00 0.000000000000000000e+00 0.000000000000000000e+00
4.400000000000000000e+04 1.099939644422787133e-02 2.162039144287664864e-03 9.978379608557123026e-01 0.000000000000000000e+00 0.000000000000000000e+00 0.000000000000000000e+00
4.800000000000000000e+04 1.199934157552129399e-02 1.593081474738279385e-03 9.984069185252617551e-01 0.000000000000000000e+00 0.000000000000000000e+00 0.000000000000000000e+00
5.200000000000000000e+04 1.299928670681471665e-02 2.275830678197541916e-03 9.976103777878926326e-01 0.000000000000000000e+00 1.137915339098771066e-04 0.000000000000000000e+00
5.600000000000000000e+04 1.399923183810813931e-02 4.551661356395084266e-04 9.995448338643604380e-01 0.000000000000000000e+00 0.000000000000000000e+00 0.000000000000000000e+00
6.000000000000000000e+04 1.499917696940156198e-02 1.593081474738279385e-03 9.984069185252617551e-01 0.000000000000000000e+00 0.000000000000000000e+00 0.000000000000000000e+00
6.400000000000000000e+04 1.599912210069498464e-02 2.844788347746927612e-03 9.971552116522530707e-01 0.000000000000000000e+00 0.000000000000000000e+00 0.000000000000000000e+00
6.800000000000000000e+04 1.699906723198862935e-02 1.820664542558033706e-03 9.981793354574419741e-01 0.000000000000000000e+00 0.000000000000000000e+00 0.000000000000000000e+00
7.200000000000000000e+04 1.799901236328205201e-02 1.137915339098770958e-03 9.988620846609012061e-01 0.000000000000000000e+00 0.000000000000000000e+00 0.000000000000000000e+00
7.600000000000000000e+04 1.899895749457547467e-02 1.706873008648156654e-03 9.982931269913518646e-01 0.000000000000000000e+00 0.000000000000000000e+00 0.000000000000000000e+00
8.000000000000000000e+04 1.999890262586889733e-02 1.365498406918525280e-03 9.986345015930814251e-01 0.000000000000000000e+00 0.000000000000000000e+00 0.000000000000000000e+00
8.400000000000000000e+04 2.099884775716231999e-02 2.389622212107419402e-03 9.976103777878926326e-01 0.000000000000000000e+00 0.000000000000000000e+00 0.000000000000000000e+00
8.800000000000000000e+04 2.199879288845574266e-02 1.137915339098770958e-03 9.988620846609012061e-01 0.000000000000000000e+00 0.000000000000000000e+00 0.000000000000000000e+00
9.200000000000000000e+04 2.299873801974916532e-02 3.982703686845699004e-03 9.957897132453344957e-01 0.000000000000000000e+00 2.275830678197542133e-04 0.000000000000000000e+00
9.600000000000000000e+04 2.399868315104258798e-02 3.299954483386436255e-03 9.965862539827037292e-01 0.000000000000000000e+00 1.137915339098771066e-04 0.000000000000000000e+00
1.000000000000000000e+05 2.499862828233601064e-02 6.827492034592626399e-04 9.993172507965407680e-01 0.000000000000000000e+00 0.000000000000000000e+00 0.000000000000000000e+00
1.040000000000000000e+05 2.599857341362943330e-02 4.437869822485207214e-03 9.955621301775148257e-01 0.000000000000000000e+00 0.000000000000000000e+00 0.000000000000000000e+00
1.080000000000000000e+05 2.699851854492285597e-02 4.096495220755575623e-03 9.956759217114247162e-01 0.000000000000000000e+00 2.275830678197542133e-04 0.000000000000000000e+00
1.120000000000000000e+05 2.799846367621650067e-02 1.934456076467910759e-03 9.980655439235320836e-01 0.000000000000000000e+00 0.000000000000000000e+00 0.000000000000000000e+00
1.160000000000000000e+05 2.899840880750992334e-02 4.210286754665453109e-03 9.955621301775148257e-01 0.000000000000000000e+00 2.275830678197542133e-04 0.000000000000000000e+00
1.200000000000000000e+05 2.999835393880334600e-02 5.006827492034592909e-03 9.948793809740554828e-01 0.000000000000000000e+00 1.137915339098771066e-04 0.000000000000000000e+00
1.240000000000000000e+05 3.099829907009676866e-02 3.072371415566681717e-03 9.965862539827037292e-01 0.000000000000000000e+00 3.413746017296313199e-04 0.000000000000000000e+00
1.280000000000000000e+05 3.199824420139019132e-02 4.551661356395083832e-03 9.954483386436049352e-01 0.000000000000000000e+00 0.000000000000000000e+00 0.000000000000000000e+00
1.320000000000000000e+05 3.299818933268361398e-02 4.210286754665453109e-03 9.957897132453344957e-01 0.000000000000000000e+00 0.000000000000000000e+00 0.000000000000000000e+00
1.360000000000000000e+05 3.399813446397703665e-02 5.348202093764223633e-03 9.945380063723259223e-01 0.000000000000000000e+00 1.137915339098771066e-04 0.000000000000000000e+00
1.400000000000000000e+05 3.499807959527045931e-02 8.648156577150659455e-03 9.911242603550295405e-01 0.000000000000000000e+00 2.275830678197542133e-04 0.000000000000000000e+00
1.440000000000000000e+05 3.599802472656388197e-02 5.120619025944469528e-03 9.948793809740554828e-01 0.000000000000000000e+00 0.000000000000000000e+00 0.000000000000000000e+00
1.480000000000000000e+05 3.699796985785730463e-02 6.486117432862995025e-03 9.935138825671370189e-01 0.000000000000000000e+00 0.000000000000000000e+00 0.000000000000000000e+00
1.520000000000000000e+05 3.799791498915072729e-02 5.006827492034592909e-03 9.948793809740554828e-01 0.000000000000000000e+00 1.137915339098771066e-04 0.000000000000000000e+00
1.560000000000000000e+05 3.899786012044437200e-02 5.575785161583977738e-03 9.943104233045061413e-01 0.000000000000000000e+00 1.137915339098771066e-04 0.000000000000000000e+00
1.600000000000000000e+05 3.999780525173779466e-02 7.282658170232134826e-03 9.920345926263085534e-01 0.000000000000000000e+00 6.827492034592626399e-04 0.000000000000000000e+00
1.640000000000000000e+05 4.099775038303121732e-02 5.234410559854347014e-03 9.947655894401457033e-01 0.000000000000000000e+00 0.000000000000000000e+00 0.000000000000000000e+00
1.680000000000000000e+05 4.199769551432463999e-02 8.761948111060537808e-03 9.911242603550295405e-01 0.000000000000000000e+00 1.137915339098771066e-04 0.000000000000000000e+00
1.720000000000000000e+05 4.299764064561806265e-02 1.160673645880746542e-02 9.880518889394629412e-01 0.000000000000000000e+00 3.413746017296313199e-04 0.000000000000000000e+00
1.760000000000000000e+05 4.399758577691148531e-02 1.069640418752844727e-02 9.889622212107419541e-01 0.000000000000000000e+00 3.413746017296313199e-04 0.000000000000000000e+00
1.800000000000000000e+05 4.499753090820490797e-02 6.599908966772872511e-03 9.931725079654073474e-01 0.000000000000000000e+00 2.275830678197542133e-04 0.000000000000000000e+00
1.840000000000000000e+05 4.599747603949833064e-02 8.989531178880291046e-03 9.906690942193900895e-01 0.000000000000000000e+00 3.413746017296313199e-04 0.000000000000000000e+00
1.880000000000000000e+05 4.699742117079175330e-02 1.137915339098771045e-02 9.880518889394629412e-01 0.000000000000000000e+00 5.689576695493854790e-04 0.000000000000000000e+00
1.920000000000000000e+05 4.799736630208517596e-02 1.046882111970869403e-02 9.891898042785616241e-01 0.000000000000000000e+00 3.413746017296313199e-04 0.000000000000000000e+00
1.960000000000000000e+05 4.899731143337859862e-02 1.388256713700500647e-02 9.855484751934455723e-01 0.000000000000000000e+00 5.689576695493854790e-04 0.000000000000000000e+00
2.000000000000000000e+05 4.999725656467224333e-02 1.240327719617660522e-02 9.869139736003641472e-01 0.000000000000000000e+00 6.827492034592626399e-04 0.000000000000000000e+00
2.040000000000000000e+05 5.099720169596566599e-02 1.376877560309512985e-02 9.852071005917160118e-01 0.000000000000000000e+00 1.024123805188893906e-03 0.000000000000000000e+00
2.080000000000000000e+05 5.199714682725908865e-02 1.547564861174328607e-02 9.838416021847974369e-01 0.000000000000000000e+00 6.827492034592626399e-04 0.000000000000000000e+00
2.120000000000000000e+05 5.299709195855251131e-02 1.502048247610377786e-02 9.841829767865271084e-01 0.000000000000000000e+00 7.965407373691396923e-04 0.000000000000000000e+00
2.160000000000000000e+05 5.399703708984593398e-02 1.752389622212107562e-02 9.821347291761493015e-01 0.000000000000000000e+00 3.413746017296313199e-04 0.000000000000000000e+00
2.200000000000000000e+05 5.499698222113935664e-02 2.002730996813837164e-02 9.792899408284023721e-01 0.000000000000000000e+00 6.827492034592626399e-04 0.000000000000000000e+00
2.240000000000000000e+05 5.599692735243277930e-02 2.139280837505689453e-02 9.776968593536641272e-01 0.000000000000000000e+00 9.103322712790168532e-04 0.000000000000000000e+00
2.280000000000000000e+05 5.699687248372620196e-02 2.548930359581247015e-02 9.737141556668184039e-01 0.000000000000000000e+00 7.965407373691396923e-04 0.000000000000000000e+00
2.320000000000000000e+05 5.799681761501962463e-02 2.036868456986800149e-02 9.789485662266727006e-01 0.000000000000000000e+00 6.827492034592626399e-04 0.000000000000000000e+00
2.360000000000000000e+05 5.899676274631304729e-02 2.514792899408284030e-02 9.738279472007282944e-01 0.000000000000000000e+00 1.024123805188893906e-03 0.000000000000000000e+00
2.400000000000000000e+05 5.999670787760646995e-02 3.288575329995448160e-02 9.660901228948566288e-01 0.000000000000000000e+00 1.024123805188893906e-03 0.000000000000000000e+00
2.440000000000000000e+05 6.099665300889989261e-02 2.309968138370505075e-02 9.753072371415566488e-01 0.000000000000000000e+00 1.593081474738279385e-03 0.000000000000000000e+00
2.480000000000000000e+05 6.199659814019353732e-02 3.322712790168411146e-02 9.656349567592170668e-01 0.000000000000000000e+00 1.137915339098770958e-03 0.000000000000000000e+00
2.520000000000000000e+05 6.299654327148695998e-02 2.992717341829767910e-02 9.682521620391443262e-01 0.000000000000000000e+00 1.820664542558033706e-03 0.000000000000000000e+00
2.560000000000000000e+05 6.399648840278038264e-02 3.345471096950387163e-02 9.640418752844788219e-01 0.000000000000000000e+00 2.503413746017296455e-03 0.000000000000000000e+00
2.600000000000000000e+05 6.499643353407380530e-02 3.914428766499772339e-02 9.580109239872554028e-01 0.000000000000000000e+00 2.844788347746927612e-03 0.000000000000000000e+00
2.640000000000000000e+05 6.599637866536722797e-02 3.743741465634956717e-02 9.604005461993627701e-01 0.000000000000000000e+00 2.162039144287664864e-03 0.000000000000000000e+00
2.680000000000000000e+05 6.699632379666065063e-02 4.050978607191624975e-02 9.567592171142467183e-01 0.000000000000000000e+00 2.730996813837050560e-03 0.000000000000000000e+00
2.720000000000000000e+05 6.799626892795407329e-02 4.460628129267182190e-02 9.523213472917615441e-01 0.000000000000000000e+00 3.072371415566681717e-03 0.000000000000000000e+00
2.760000000000000000e+05 6.899621405924749595e-02 4.494765589440145870e-02 9.517523896222120916e-01 0.000000000000000000e+00 3.299954483386436255e-03 0.000000000000000000e+00
2.800000000000000000e+05 6.999615919054091862e-02 4.938552571688666071e-02 9.462903959945380139e-01 0.000000000000000000e+00 4.324078288575329727e-03 0.000000000000000000e+00
2.840000000000000000e+05 7.099610432183434128e-02 5.496131087847064278e-02 9.407146108329540457e-01 0.000000000000000000e+00 4.324078288575329727e-03 0.000000000000000000e+00
2.880000000000000000e+05 7.199604945312776394e-02 5.962676376877560497e-02 9.362767410104688715e-01 0.000000000000000000e+00 4.096495220755575623e-03 0.000000000000000000e+00
2.920000000000000000e+05 7.299599458442140865e-02 7.567137005006827066e-02 9.187528447883477334e-01 0.000000000000000000e+00 5.575785161583977738e-03 0.000000000000000000e+00
2.960000000000000000e+05 7.399593971571483131e-02 7.134729176149294527e-02 9.235320892125625791e-01 0.000000000000000000e+00 5.120619025944469528e-03 0.000000000000000000e+00
3.000000000000000000e+05 7.499588484700825397e-02 8.409194355939918208e-02 9.071461083295402350e-01 0.000000000000000000e+00 8.761948111060537808e-03 0.000000000000000000e+00
3.040000000000000000e+05 7.599582997830167663e-02 8.522985889849794827e-02 9.078288575329995780e-01 0.000000000000000000e+00 6.941283568502503235e-03 0.000000000000000000e+00
3.080000000000000000e+05 7.699577510959509929e-02 8.784706417842512438e-02 9.015703231679562668e-01 0.000000000000000000e+00 1.058261265361857065e-02 0.000000000000000000e+00
3.120000000000000000e+05 7.799572024088852196e-02 8.682294037323623481e-02 9.017979062357760478e-01 0.000000000000000000e+00 1.137915339098771045e-02 0.000000000000000000e+00
3.160000000000000000e+05 7.899566537218194462e-02 1.177742375967228000e-01 8.692535275375512516e-01 0.000000000000000000e+00 1.297223486572599005e-02 0.000000000000000000e+00
3.200000000000000000e+05 7.999561050347536728e-02 1.244879380974055483e-01 8.501365498406918686e-01 0.000000000000000000e+00 2.537551206190259354e-02 0.000000000000000000e+00
3.240000000000000000e+05 8.099555563476878994e-02 1.160673645880746507e-01 8.647018661811560758e-01 0.000000000000000000e+00 1.923076923076923184e-02 0.000000000000000000e+00
3.280000000000000000e+05 8.199550076606221261e-02 1.347291761492944995e-01 8.353436504324078804e-01 7.965407373691396923e-04 2.913063268092853930e-02 0.000000000000000000e+00
3.320000000000000000e+05 8.299544589735563527e-02 1.512289485662266786e-01 8.090578060992261733e-01 0.000000000000000000e+00 3.971324533454710648e-02 0.000000000000000000e+00
3.360000000000000000e+05 8.399539102864927997e-02 1.784251251706872876e-01 7.545516613563950648e-01 5.689576695493854790e-04 6.645425580336822291e-02 0.000000000000000000e+00
3.400000000000000000e+05 8.499533615994270264e-02 1.007055075102412378e-01 7.518206645425580259e-01 1.350705507510241155e-01 1.240327719617660522e-02 0.000000000000000000e+00
3.440000000000000000e+05 8.599528129123612530e-02 1.053709604005461931e-01 7.481793354574419741e-01 1.334774692762858428e-01 1.297223486572599005e-02 0.000000000000000000e+00
3.480000000000000000e+05 8.699522642252954796e-02 1.096950386891215323e-01 7.420345926263085534e-01 1.329085116067364458e-01 1.536185707783340945e-02 0.000000000000000000e+00
3.520000000000000000e+05 8.799517155382297062e-02 1.102639963586709154e-01 7.422621756941283344e-01 1.342740100136549930e-01 1.319981793354574502e-02 0.000000000000000000e+00
3.560000000000000000e+05 8.899511668511639328e-02 8.773327264451524776e-02 6.659080564406008040e-01 2.276968593536640995e-01 1.866181156121984527e-02 0.000000000000000000e+00
3.600000000000000000e+05 8.999506181640981595e-02 8.932635411925353430e-02 6.672735548475193790e-01 2.294037323623122349e-01 1.399635867091488309e-02 0.000000000000000000e+00
3.640000000000000000e+05 9.099500694770323861e-02 8.648156577150660496e-02 6.693218024578971859e-01 2.282658170232134687e-01 1.593081474738279601e-02 0.000000000000000000e+00
3.680000000000000000e+05 9.199495207899666127e-02 9.274010013654984674e-02 6.628356850250340937e-01 2.276968593536640995e-01 1.672735548475193582e-02 0.000000000000000000e+00
3.720000000000000000e+05 9.299489721029008393e-02 1.058261265361857134e-01 6.481565771506599960e-01 2.273554847519344557e-01 1.866181156121984527e-02 0.000000000000000000e+00
3.760000000000000000e+05 9.399484234158350660e-02 1.037778789258079204e-01 6.472462448793809831e-01 2.287209831588529751e-01 2.025489303595812488e-02 0.000000000000000000e+00
3.800000000000000000e+05 9.499478747287715130e-02 1.070778334091943562e-01 6.425807919890760278e-01 2.245106964041875264e-01 2.583067819754210348e-02 0.000000000000000000e+00
3.840000000000000000e+05 9.599473260417057396e-02 1.028675466545289074e-01 6.461083295402821891e-01 2.263313609467455523e-01 2.469276285844333035e-02 0.000000000000000000e+00
3.880000000000000000e+05 9.699467773546399663e-02 1.123122439690487084e-01 6.381429221665908535e-01 2.250796540737369233e-01 2.446517979062357712e-02 0.000000000000000000e+00
3.920000000000000000e+05 9.799462286675741929e-02 1.156121984524351443e-01 6.362084660901229372e-01 2.250796540737369233e-01 2.309968138370505075e-02 0.000000000000000000e+00
3.960000000000000000e+05 9.899456799805084195e-02 1.277878925807919841e-01 6.243741465634956578e-01 2.239417387346381294e-01 2.389622212107419055e-02 0.000000000000000000e+00
4.000000000000000000e+05 9.999451312934426461e-02 1.285844333181611343e-01 6.250568957669548897e-01 2.199590350477924339e-01 2.639963586709149004e-02 0.000000000000000000e+00
4.040000000000000000e+05 1.009944582606376873e-01 1.371187983614019223e-01 6.183431952662722386e-01 2.155211652253072319e-01 2.901684114701866268e-02 0.000000000000000000e+00
4.080000000000000000e+05 1.019944033919311099e-01 1.487255348202093652e-01 6.077605826126536437e-01 2.137005006827492060e-01 2.981338188438780248e-02 0.000000000000000000e+00
4.120000000000000000e+05 1.029943485232245326e-01 1.554392353208921274e-01 5.799954483386435822e-01 2.189349112426035582e-01 4.563040509786071841e-02 0.000000000000000000e+00
4.160000000000000000e+05 1.039942936545179553e-01 5.143377332726445372e-02 6.952662721893491105e-01 2.225762403277196100e-01 3.072371415566681890e-02 0.000000000000000000e+00
4.200000000000000000e+05 1.049942387858113779e-01 6.065088757396449454e-02 6.906008192990441552e-01 2.242831133363677731e-01 2.446517979062357712e-02 0.000000000000000000e+00
4.240000000000000000e+05 1.059941839171050226e-01 5.996813837050523482e-02 6.924214838416021811e-01 2.248520710059171701e-01 2.275830678197542090e-02 0.000000000000000000e+00
4.280000000000000000e+05 1.069941290483984453e-01 5.848884842967683184e-02 6.939007737824305355e-01 2.253072371415566766e-01 2.230314064633591095e-02 0.000000000000000000e+00
4.320000000000000000e+05 1.079940741796918680e-01 6.304050978607191047e-02 6.898042785616750328e-01 2.226900318616295005e-01 2.446517979062357712e-02 0.000000000000000000e+00
4.360000000000000000e+05 1.089940193109852906e-01 6.565771506599908658e-02 6.880974055530268974e-01 2.215521165225307343e-01 2.469276285844333035e-02 0.000000000000000000e+00
4.400000000000000000e+05 1.099939644422787133e-01 6.804733727810650945e-02 6.875284478834774449e-01 2.222348657259899940e-01 2.218934911242603433e-02 0.000000000000000000e+00
4.440000000000000000e+05 1.109939095735721359e-01 6.645425580336822291e-02 6.867319071461083224e-01 2.231451979972690070e-01 2.366863905325443732e-02 0.000000000000000000e+00
4.480000000000000000e+05 1.119938547048655586e-01 6.850250341374601593e-02 6.845698680018206250e-01 2.226900318616295005e-01 2.423759672280382388e-02 0.000000000000000000e+00
4.520000000000000000e+05 1.129937998361589813e-01 7.589895311788802390e-02 6.817250796540736957e-01 2.199590350477924339e-01 2.241693218024579104e-02 0.000000000000000000e+00
4.560000000000000000e+05 1.139937449674524039e-01 7.259899863450158808e-02 6.818388711879835862e-01 2.220072826581702408e-01 2.355484751934456070e-02 0.000000000000000000e+00
4.600000000000000000e+05 1.149936900987458266e-01 7.942649066909421296e-02 6.795630405097861093e-01 2.213245334547109811e-01 1.968593536640873831e-02 0.000000000000000000e+00
4.640000000000000000e+05 1.159936352300392493e-01 7.407828857532999800e-02 6.837733272644515026e-01 2.218934911242603503e-01 2.025489303595812488e-02 0.000000000000000000e+00
4.680000000000000000e+05 1.169935803613328940e-01 7.498862084660901095e-02 6.814974965862540257e-01 2.200728265817023244e-01 2.344105598543468408e-02 0.000000000000000000e+00
4.720000000000000000e+05 1.179935254926263166e-01 7.624032771961765376e-02 6.784251251706873154e-01 2.192762858443331742e-01 2.605826126536185672e-02 0.000000000000000000e+00
4.760000000000000000e+05 1.189934706239197393e-01 7.908511606736458310e-02 6.787664997724169869e-01 2.200728265817023244e-01 2.207555757851615771e-02 0.000000000000000000e+00
4.800000000000000000e+05 1.199934157552131619e-01 8.090578060992262288e-02 6.793354574419663283e-01 2.192762858443331742e-01 2.048247610377787811e-02 0.000000000000000000e+00
4.840000000000000000e+05 1.209933608865065846e-01 8.192990441511151245e-02 6.762630860263996180e-01 2.181383705052344080e-01 2.366863905325443732e-02 0.000000000000000000e+00
4.880000000000000000e+05 1.219933060178000073e-01 8.147473827947200598e-02 6.771734182976786309e-01 2.200728265817023244e-01 2.127901684114701791e-02 0.000000000000000000e+00
4.920000000000000000e+05 1.229932511490934299e-01 8.670914883932635819e-02 6.723941738734637852e-01 2.173418297678652578e-01 2.355484751934456070e-02 0.000000000000000000e+00
4.960000000000000000e+05 1.239931962803868526e-01 8.557123350022757813e-02 6.694355939918069653e-01 2.158625398270368756e-01 2.913063268092853930e-02 0.000000000000000000e+00
5.000000000000000000e+05 1.249931414116802753e-01 8.363677742375967561e-02 6.720527992717342247e-01 2.204142011834319403e-01 2.389622212107419055e-02 0.000000000000000000e+00
5.040000000000000000e+05 1.259930865429736979e-01 7.771961766044606368e-02 6.766044606281292895e-01 2.204142011834319403e-01 2.526172052799271692e-02 0.000000000000000000e+00
5.080000000000000000e+05 1.269930316742671206e-01 8.716431497496586467e-02 6.693218024578971859e-01 2.180245789713245452e-01 2.548930359581247015e-02 0.000000000000000000e+00
5.120000000000000000e+05 1.279929768055607653e-01 9.319526627218935322e-02 6.647701411015020101e-01 2.171142467000455045e-01 2.492034592626308706e-02 0.000000000000000000e+00
5.160000000000000000e+05 1.289929219368541879e-01 8.864360491579426071e-02 6.676149294492489394e-01 2.182521620391442985e-01 2.548930359581247015e-02 0.000000000000000000e+00
5.200000000000000000e+05 1.299928670681476106e-01 8.978152025489304078e-02 6.667045971779699265e-01 2.164314974965862448e-01 2.708238507055074976e-02 0.000000000000000000e+00
5.240000000000000000e+05 1.309928121994410333e-01 9.501593081474737912e-02 6.638598088302229971e-01 2.137005006827492060e-01 2.742375967228038308e-02 0.000000000000000000e+00
5.280000000000000000e+05 1.319927573307344559e-01 1.001365498406918547e-01 6.569185252617205650e-01 2.110832954028220299e-01 3.186162949476559203e-02 0.000000000000000000e+00
5.320000000000000000e+05 1.329927024620278786e-01 1.019572143832498806e-01 6.545289030496130867e-01 2.159763313609467383e-01 2.753755120619025970e-02 0.000000000000000000e+00
5.360000000000000000e+05 1.339926475933213013e-01 1.033227127901684139e-01 6.554392353208920996e-01 2.140418752844788219e-01 2.719617660446062984e-02 0.000000000000000000e+00
5.400000000000000000e+05 1.349925927246147239e-01 1.073054164770141095e-01 6.536185707783340737e-01 2.129039599453800558e-01 2.617205279927173334e-02 0.000000000000000000e+00
5.440000000000000000e+05 1.359925378559081466e-01 1.096950386891215323e-01 6.494082840236686804e-01 2.150659990896677254e-01 2.583067819754210348e-02 0.000000000000000000e+00
5.480000000000000000e+05 1.369924829872015692e-01 1.128812016385980915e-01 6.455393718707328476e-01 2.146108329540282189e-01 2.696859353664087314e-02 0.000000000000000000e+00
5.520000000000000000e+05 1.379924281184949919e-01 1.143604915794264876e-01 6.465634956759217511e-01 2.115384615384615363e-01 2.753755120619025970e-02 0.000000000000000000e+00
5.560000000000000000e+05 1.389923732497886366e-01 1.161811561219845274e-01 6.454255803368229572e-01 2.110832954028220299e-01 2.730996813837050646e-02 0.000000000000000000e+00
5.600000000000000000e+05 1.399923183810820593e-01 1.189121529358215801e-01 6.375739644970414011e-01 2.129039599453800558e-01 3.060992262175694228e-02 0.000000000000000000e+00
5.640000000000000000e+05 1.409922635123754819e-01 1.314292216659080637e-01 6.312016385980883104e-01 2.078971324533454845e-01 2.947200728265816916e-02 0.000000000000000000e+00
5.680000000000000000e+05 1.419922086436689046e-01 1.205052344105598527e-01 6.370050068274920596e-01 2.090350477924442507e-01 3.345471096950387163e-02 0.000000000000000000e+00
5.720000000000000000e+05 1.429921537749623273e-01 1.508875739644970349e-01 5.920573509330905315e-01 2.213245334547109811e-01 3.573054164770141095e-02 0.000000000000000000e+00
5.760000000000000000e+05 1.439920989062557499e-01 1.532771961766044577e-01 5.870505234410560158e-01 2.257624032771961831e-01 3.390987710514337811e-02 0.000000000000000000e+00
5.800000000000000000e+05 1.449920440375491726e-01 1.750113791533909890e-01 5.369822485207100815e-01 2.432862994993172379e-01 4.472007282658170546e-02 0.000000000000000000e+00
5.840000000000000000e+05 1.459919891688425952e-01 1.490669094219390090e-01 5.733955393718707105e-01 2.570550751024123781e-01 2.048247610377787811e-02 0.000000000000000000e+00
5.880000000000000000e+05 1.469919343001360179e-01 4.187528447883477611e-02 6.731907146108329076e-01 2.802685480200273194e-01 4.665452890304961318e-03 0.000000000000000000e+00
5.920000000000000000e+05 1.479918794314294406e-01 3.914428766499772339e-02 6.736458807464724696e-01 2.819754210286754548e-01 5.234410559854347014e-03 0.000000000000000000e+00
5.960000000000000000e+05 1.489918245627228632e-01 3.561675011379153433e-02 6.748975876194811541e-01 2.868684569868001910e-01 2.617205279927173507e-03 0.000000000000000000e+00
6.000000000000000000e+05 1.499917696940165079e-01 3.186162949476559203e-02 6.783113336367774249e-01 2.874374146563495880e-01 2.389622212107419402e-03 0.000000000000000000e+00
6.040000000000000000e+05 1.509917148253099306e-01 1.797906235776058209e-02 6.804733727810651223e-01 3.010923987255348377e-01 4.551661356395084266e-04 0.000000000000000000e+00
6.080000000000000000e+05 1.519916599566033533e-01 1.593081474738279601e-02 6.820664542558033672e-01 3.016613563950841792e-01 3.413746017296313199e-04 0.000000000000000000e+00
6.120000000000000000e+05 1.529916050878967759e-01 1.524806554392353283e-02 6.821802457897132577e-01 3.024578971324533572e-01 1.137915339098771066e-04 0.000000000000000000e+00
6.160000000000000000e+05 1.539915502191901986e-01 1.536185707783340945e-02 6.824078288575330387e-01 3.020027309968138507e-01 2.275830678197542133e-04 0.000000000000000000e+00
6.200000000000000000e+05 1.549914953504836213e-01 1.581702321347291593e-02 6.813837050523441352e-01 3.022303140646335762e-01 5.689576695493854790e-04 0.000000000000000000e+00
6.240000000000000000e+05 1.559914404817770439e-01 1.752389622212107562e-02 6.818388711879835862e-01 3.006372325898953313e-01 0.000000000000000000e+00 0.000000000000000000e+00
6.280000000000000000e+05 1.569913856130704666e-01 1.797906235776058209e-02 6.796768320436959998e-01 3.016613563950841792e-01 6.827492034592626399e-04 0.000000000000000000e+00
6.320000000000000000e+05 1.579913307443638892e-01 1.615839781520254925e-02 6.799044151115156698e-01 3.033682294037323701e-01 5.689576695493854790e-04 0.000000000000000000e+00
6.360000000000000000e+05 1.589912758756573119e-01 1.820664542558033533e-02 6.802457897132453413e-01 3.013199817933545632e-01 2.275830678197542133e-04 0.000000000000000000e+00
6.400000000000000000e+05 1.599912210069507346e-01 2.435138825671370050e-02 6.743286299499317016e-01 3.006372325898953313e-01 6.827492034592626399e-04 0.000000000000000000e+00
6.440000000000000000e+05 1.609911661382441572e-01 2.139280837505689453e-02 6.770596267637687404e-01 3.009786071916249472e-01 5.689576695493854790e-04 0.000000000000000000e+00
6.480000000000000000e+05 1.619911112695378019e-01 2.014110150204824826e-02 6.783113336367774249e-01 3.010923987255348377e-01 4.551661356395084266e-04 0.000000000000000000e+00
6.520000000000000000e+05 1.629910564008312246e-01 2.150659990896677115e-02 6.774010013654984119e-01 3.008648156577150568e-01 2.275830678197542133e-04 0.000000000000000000e+00
6.560000000000000000e+05 1.639910015321246473e-01 2.105143377332726468e-02 6.771734182976786309e-01 3.010923987255348377e-01 6.827492034592626399e-04 0.000000000000000000e+00
6.600000000000000000e+05 1.649909466634180699e-01 2.913063268092853930e-02 6.689804278561675144e-01 3.008648156577150568e-01 1.024123805188893906e-03 0.000000000000000000e+00
6.640000000000000000e+05 1.659908917947114926e-01 2.321347291761493084e-02 6.761492944924897275e-01 2.999544833864360438e-01 6.827492034592626399e-04 0.000000000000000000e+00
6.680000000000000000e+05 1.669908369260049152e-01 2.344105598543468408e-02 6.747837960855712636e-01 3.009786071916249472e-01 7.965407373691396923e-04 0.000000000000000000e+00
6.720000000000000000e+05 1.679907820572983379e-01 2.412380518889394726e-02 6.738734638142922506e-01 3.006372325898953313e-01 1.365498406918525280e-03 0.000000000000000000e+00
6.760000000000000000e+05 1.689907271885917606e-01 2.958579881656804578e-02 6.690942193900774049e-01 3.000682749203459343e-01 1.251706873008648227e-03 0.000000000000000000e+00
6.800000000000000000e+05 1.699906723198851832e-01 2.492034592626308706e-02 6.739872553482021411e-01 3.004096495220755503e-01 6.827492034592626399e-04 0.000000000000000000e+00
6.840000000000000000e+05 1.709906174511786059e-01 3.254437869822485174e-02 6.654528903049613531e-01 2.993855257168866468e-01 2.617205279927173507e-03 0.000000000000000000e+00
6.880000000000000000e+05 1.719905625824720286e-01 3.140646335912607862e-02 6.661356395084205850e-01 3.007510241238051663e-01 1.706873008648156654e-03 0.000000000000000000e+00
6.920000000000000000e+05 1.729905077137656733e-01 3.311333636777423484e-02 6.644287664997724496e-01 3.001820664542558248e-01 2.275830678197541916e-03 0.000000000000000000e+00
6.960000000000000000e+05 1.739904528450590959e-01 2.469276285844333035e-02 6.736458807464724696e-01 3.012061902594446727e-01 4.551661356395084266e-04 0.000000000000000000e+00
7.000000000000000000e+05 1.749903979763525186e-01 3.504779244424215123e-02 6.637460172963131066e-01 3.002958579881656598e-01 9.103322712790168532e-04 0.000000000000000000e+00
7.040000000000000000e+05 1.759903431076459412e-01 3.584433318161128756e-02 6.614701866181156298e-01 3.001820664542558248e-01 2.503413746017296455e-03 0.000000000000000000e+00
7.080000000000000000e+05 1.769902882389393639e-01 4.107874374146563284e-02 6.565771506599908935e-01 3.007510241238051663e-01 1.593081474738279385e-03 0.000000000000000000e+00
7.120000000000000000e+05 1.779902333702327866e-01 4.301319981793354230e-02 6.572598998634501255e-01 2.976786527082385114e-01 2.048247610377787811e-03 0.000000000000000000e+00
7.160000000000000000e+05 1.789901785015262092e-01 4.460628129267182190e-02 6.541875284478835262e-01 2.980200273099681274e-01 3.186162949476558769e-03 0.000000000000000000e+00
7.200000000000000000e+05 1.799901236328196319e-01 3.823395539371871044e-02 6.607874374146563978e-01 2.989303595812471404e-01 2.048247610377787811e-03 0.000000000000000000e+00
7.240000000000000000e+05 1.809900687641130546e-01 3.868912152935821691e-02 6.618115612198451903e-01 2.981338188438780179e-01 1.365498406918525280e-03 0.000000000000000000e+00
7.280000000000000000e+05 1.819900138954064772e-01 4.050978607191624975e-02 6.586253982703687004e-01 2.994993172507965373e-01 1.365498406918525280e-03 0.000000000000000000e+00
7.320000000000000000e+05 1.829899590266998999e-01 4.745106964041875125e-02 6.511151570323168158e-01 2.983614019116977434e-01 3.072371415566681717e-03 0.000000000000000000e+00
7.360000000000000000e+05 1.839899041579935446e-01 4.005461993627674328e-02 6.593081474738279324e-01 2.987027765134274149e-01 1.934456076467910759e-03 0.000000000000000000e+00
7.400000000000000000e+05 1.849898492892869672e-01 5.370960400546199304e-02 6.446290395994538347e-01 2.980200273099681274e-01 3.641329085116067413e-03 0.000000000000000000e+00
7.440000000000000000e+05 1.859897944205803899e-01 5.530268548020027264e-02 6.425807919890760278e-01 2.985889849795175244e-01 3.527537551206190360e-03 0.000000000000000000e+00
7.480000000000000000e+05 1.869897395518738126e-01 5.223031406463359005e-02 6.499772416932180219e-01 2.949476558944014726e-01 2.844788347746927612e-03 0.000000000000000000e+00
7.520000000000000000e+05 1.879896846831672352e-01 6.383705052344106068e-02 6.383705052344105235e-01 2.940373236231224596e-01 3.755120619025944465e-03 0.000000000000000000e+00
7.560000000000000000e+05 1.889896298144606579e-01 5.632680928538916915e-02 6.441738734638142727e-01 2.959717796995903760e-01 3.527537551206190360e-03 0.000000000000000000e+00
7.600000000000000000e+05 1.899895749457540806e-01 5.883022303140646170e-02 6.441738734638142727e-01 2.940373236231224596e-01 2.958579881656804664e-03 0.000000000000000000e+00
7.640000000000000000e+05 1.909895200770475032e-01 6.076467910787437116e-02 6.406463359126081114e-01 2.954028220300409791e-01 3.186162949476558769e-03 0.000000000000000000e+00
7.680000000000000000e+05 1.919894652083409259e-01 8.033682294037323979e-02 6.190259444697314706e-01 2.935821574874829532e-01 7.055075102412380721e-03 0.000000000000000000e+00
7.720000000000000000e+05 1.929894103396343485e-01 6.110605370960400795e-02 6.373463814292216201e-01 2.964269458352298825e-01 5.120619025944469528e-03 0.000000000000000000e+00
7.760000000000000000e+05 1.939893554709277712e-01 7.578516158397814728e-02 6.225534820209376319e-01 2.944924897587619661e-01 7.168866636322257339e-03 0.000000000000000000e+00
7.800000000000000000e+05 1.949893006022214159e-01 7.419208010923987462e-02 6.236913973600364258e-01 2.948338643604915821e-01 7.282658170232134826e-03 0.000000000000000000e+00
7.840000000000000000e+05 1.959892457335148386e-01 9.660901228948566566e-02 6.040054619936277014e-01 2.884615384615384359e-01 1.092398725534820224e-02 0.000000000000000000e+00
7.880000000000000000e+05 1.969891908648082612e-01 9.182976786527081992e-02 6.077605826126536437e-01 2.901684114701866268e-01 1.024123805188893906e-02 0.000000000000000000e+00
7.920000000000000000e+05 1.979891359961016839e-01 1.037778789258079204e-01 5.961538461538461453e-01 2.913063268092853653e-01 8.761948111060537808e-03 0.000000000000000000e+00
7.960000000000000000e+05 1.989890811273951066e-01 9.865725989986344480e-02 5.964952207555758168e-01 2.906235776058261333e-01 1.422394173873463806e-02 0.000000000000000000e+00
8.000000000000000000e+05 1.999890262586885292e-01 1.494082840236686527e-01 5.407373691397360238e-01 2.815202548930359483e-01 2.833409194355939950e-02 0.000000000000000000e+00
8.040000000000000000e+05 2.009889713899819519e-01 1.301775147928994070e-01 4.066909421939007840e-01 4.344560764679107900e-01 2.867546654528902936e-02 0.000000000000000000e+00
8.080000000000000000e+05 2.019889165212753745e-01 1.347291761492944995e-01 3.978152025489303800e-01 4.336595357305416676e-01 3.379608557123350149e-02 0.000000000000000000e+00
8.120000000000000000e+05 2.029888616525687972e-01 1.389394629039599482e-01 3.950842057350932857e-01 4.283113336367774249e-01 3.766499772416932040e-02 0.000000000000000000e+00
8.160000000000000000e+05 2.039888067838622199e-01 1.421256258534364936e-01 3.865498406918525531e-01 4.177287209831588299e-01 5.359581247155211642e-02 0.000000000000000000e+00
8.200000000000000000e+05 2.049887519151556425e-01 1.556668183887118806e-01 3.814292216659080359e-01 4.120391442876649712e-01 5.086481565771506369e-02 0.000000000000000000e+00
8.240000000000000000e+05 2.059886970464492872e-01 1.616977696859353553e-01 3.756258534365043422e-01 4.074874829312699065e-01 5.518889394629039602e-02 0.000000000000000000e+00
8.280000000000000000e+05 2.069886421777427099e-01 1.744424214838415921e-01 3.648156577150660218e-01 4.070323167956304000e-01 5.370960400546199304e-02 0.000000000000000000e+00
8.320000000000000000e+05 2.079885873090361326e-01 1.708010923987255403e-01 3.614019116977696955e-01 3.964497041420118606e-01 7.134729176149294527e-02 0.000000000000000000e+00
8.360000000000000000e+05 2.089885324403295552e-01 1.820664542558033672e-01 3.608329540282202985e-01 3.914428766499772339e-01 6.565771506599908658e-02 0.000000000000000000e+00
8.400000000000000000e+05 2.099884775716229779e-01 1.828629949931725174e-01 3.549157942649067143e-01 3.930359581247155343e-01 6.918525261720527564e-02 0.000000000000000000e+00
8.440000000000000000e+05 2.109884227029164006e-01 1.910559854346836617e-01 3.411470186618115741e-01 3.860946745562129911e-01 8.170232134729175921e-02 0.000000000000000000e+00
8.480000000000000000e+05 2.119883678342098232e-01 2.024351388256713791e-01 3.419435593991806965e-01 3.920118343195266308e-01 6.360946745562130744e-02 0.000000000000000000e+00
8.520000000000000000e+05 2.129883129655032459e-01 2.030040964952207483e-01 3.406918525261720676e-01 3.887118798361401950e-01 6.759217114246700298e-02 0.000000000000000000e+00
8.560000000000000000e+05 2.139882580967966685e-01 2.031178880291306388e-01 3.406918525261720676e-01 3.909877105143377274e-01 6.520254893035958010e-02 0.000000000000000000e+00
8.600000000000000000e+05 2.149882032280900912e-01 1.999317250796540657e-01 3.356850250341374409e-01 3.900773782430587144e-01 7.430587164314975124e-02 0.000000000000000000e+00
8.640000000000000000e+05 2.159881483593835139e-01 2.063040509786071841e-01 3.323850705507510050e-01 3.941738734638142727e-01 6.713700500682749650e-02 0.000000000000000000e+00
8.680000000000000000e+05 2.169880934906771586e-01 2.307692307692307820e-01 3.235093309057806010e-01 3.714155666818388934e-01 7.430587164314975124e-02 0.000000000000000000e+00
8.720000000000000000e+05 2.179880386219705812e-01 2.193900773782430647e-01 3.330678197542102925e-01 3.740327719617660418e-01 7.350933090578061491e-02 0.000000000000000000e+00
8.760000000000000000e+05 2.189879837532640039e-01 2.292899408284023721e-01 3.141784251251706905e-01 3.779016841147018746e-01 7.862994993172507663e-02 0.000000000000000000e+00
8.800000000000000000e+05 2.199879288845574266e-01 2.368001820664542567e-01 3.056440600819299025e-01 3.603777878925807920e-01 9.717796995903504875e-02 0.000000000000000000e+00
8.840000000000000000e+05 2.209878740158508492e-01 2.577378243058716656e-01 2.902822030040965173e-01 3.573054164770141372e-01 9.467455621301774926e-02 0.000000000000000000e+00
8.880000000000000000e+05 2.219878191471442719e-01 2.405553026854801990e-01 3.107646791078743642e-01 3.618570778334092020e-01 8.682294037323623481e-02 0.000000000000000000e+00
8.920000000000000000e+05 2.229877642784376945e-01 2.511379153390987939e-01 3.047337278106508895e-01 3.507055075102412656e-01 9.342284934000910646e-02 0.000000000000000000e+00
8.960000000000000000e+05 2.239877094097311172e-01 2.678652708238506985e-01 2.834547109695038647e-01 3.475193445607646647e-01 1.011606736458807443e-01 0.000000000000000000e+00
9.000000000000000000e+05 2.249876545410245399e-01 2.616067364588074429e-01 2.891442876649977234e-01 3.593536640873918886e-01 8.989531178880291740e-02 0.000000000000000000e+00
9.040000000000000000e+05 2.259875996723179625e-01 2.593309057806099105e-01 2.930131998179335562e-01 3.430814747382794905e-01 1.045744196631770567e-01 0.000000000000000000e+00
9.080000000000000000e+05 2.269875448036113852e-01 2.743513882567136797e-01 2.969959035047792240e-01 3.261265361857078049e-01 1.025261720527992776e-01 0.000000000000000000e+00
