# itime ezz other fcc hcp bcc ico
0.000000000000000000e+00 0.000000000000000000e+00 4.551661356395084266e-04 9.995448338643604380e-01 0.000000000000000000e+00 0.000000000000000000e+00 0.000000000000000000e+00
8.000000000000000000e+03 1.999975545208254601e-03 9.103322712790168532e-04 9.990896677287209870e-01 0.000000000000000000e+00 0.000000000000000000e+00 0.000000000000000000e+00
1.600000000000000000e+04 3.999951090416509203e-03 1.479289940828402332e-03 9.985207100591716456e-01 0.000000000000000000e+00 0.000000000000000000e+00 0.000000000000000000e+00
2.400000000000000000e+04 5.999926635624985849e-03 2.730996813837050560e-03 9.971552116522530707e-01 0.000000000000000000e+00 1.137915339098771066e-04 0.000000000000000000e+00
3.200000000000000000e+04 7.999902180833240450e-03 5.689576695493854790e-04 9.994310423304506585e-01 0.000000000000000000e+00 0.000000000000000000e+00 0.000000000000000000e+00
4.000000000000000000e+04 9.999877726041495052e-03 6.827492034592626399e-04 9.993172507965407680e-01 0.000000000000000000e+00 0.000000000000000000e+00 0.000000000000000000e+00
4.800000000000000000e+04 1.199985327124974965e-02 1.593081474738279385e-03 9.984069185252617551e-01 0.000000000000000000e+00 0.000000000000000000e+00 0.000000000000000000e+00
5.600000000000000000e+04 1.399982881645822630e-02 4.551661356395084266e-04 9.995448338643604380e-01 0.000000000000000000e+00 0.000000000000000000e+00 0.000000000000000000e+00
6.400000000000000000e+04 1.599980436166648090e-02 2.844788347746927612e-03 9.971552116522530707e-01 0.000000000000000000e+00 0.000000000000000000e+00 0.000000000000000000e+00
7.200000000000000000e+04 1.799977990687473550e-02 1.137915339098770958e-03 9.988620846609012061e-01 0.000000000000000000e+00 0.000000000000000000e+00 0.000000000000000000e+00
8.000000000000000000e+04 1.999975545208299010e-02 1.365498406918525280e-03 9.986345015930814251e-01 0.000000000000000000e+00 0.000000000000000000e+00 0.000000000000000000e+00
8.800000000000000000e+04 2.199973099729124471e-02 1.137915339098770958e-03 9.988620846609012061e-01 0.000000000000000000e+00 0.000000000000000000e+00 0.000000000000000000e+00
9.600000000000000000e+04 2.399970654249972135e-02 3.299954483386436255e-03 9.965862539827037292e-01 0.000000000000000000e+00 1.137915339098771066e-04 0.000000000000000000e+00
1.040000000000000000e+05 2.599968208770797595e-02 4.437869822485207214e-03 9.955621301775148257e-01 0.000000000000000000e+00 0.000000000000000000e+00 0.000000000000000000e+00
1.120000000000000000e+05 2.799965763291623055e-02 1.934456076467910759e-03 9.980655439235320836e-01 0.000000000000000000e+00 0.000000000000000000e+00 0.000000000000000000e+00
1.200000000000000000e+05 2.999963317812448516e-02 5.006827492034592909e-03 9.948793809740554828e-01 0.000000000000000000e+00 1.137915339098771066e-04 0.000000000000000000e+00
1.280000000000000000e+05 3.199960872333296180e-02 4.551661356395083832e-03 9.954483386436049352e-01 0.000000000000000000e+00 0.000000000000000000e+00 0.000000000000000000e+00
1.360000000000000000e+05 3.399958426854121640e-02 5.348202093764223633e-03 9.945380063723259223e-01 0.000000000000000000e+00 1.137915339098771066e-04 0.000000000000000000e+00
1.440000000000000000e+05 3.599955981374947100e-02 5.120619025944469528e-03 9.948793809740554828e-01 0.000000000000000000e+00 0.000000000000000000e+00 0.000000000000000000e+00
1.520000000000000000e+05 3.799953535895772561e-02 5.006827492034592909e-03 9.948793809740554828e-01 0.000000000000000000e+00 1.137915339098771066e-04 0.000000000000000000e+00
1.600000000000000000e+05 3.999951090416598021e-02 7.282658170232134826e-03 9.920345926263085534e-01 0.000000000000000000e+00 6.827492034592626399e-04 0.000000000000000000e+00
1.680000000000000000e+05 4.199948644937445685e-02 8.761948111060537808e-03 9.911242603550295405e-01 0.000000000000000000e+00 1.137915339098771066e-04 0.000000000000000000e+00
1.760000000000000000e+05 4.399946199458271145e-02 1.069640418752844727e-02 9.889622212107419541e-01 0.000000000000000000e+00 3.413746017296313199e-04 0.000000000000000000e+00
1.840000000000000000e+05 4.599943753979096606e-02 8.989531178880291046e-03 9.906690942193900895e-01 0.000000000000000000e+00 3.413746017296313199e-04 0.000000000000000000e+00
1.920000000000000000e+05 4.799941308499922066e-02 1.046882111970869403e-02 9.891898042785616241e-01 0.000000000000000000e+00 3.413746017296313199e-04 0.000000000000000000e+00
2.000000000000000000e+05 4.999938863020747526e-02 1.240327719617660522e-02 9.869139736003641472e-01 0.000000000000000000e+00 6.827492034592626399e-04 0.000000000000000000e+00
2.080000000000000000e+05 5.199936417541595191e-02 1.547564861174328607e-02 9.838416021847974369e-01 0.000000000000000000e+00 6.827492034592626399e-04 0.000000000000000000e+00
2.160000000000000000e+05 5.399933972062420651e-02 1.752389622212107562e-02 9.821347291761493015e-01 0.000000000000000000e+00 3.413746017296313199e-04 0.000000000000000000e+00
2.240000000000000000e+05 5.599931526583246111e-02 2.139280837505689453e-02 9.776968593536641272e-01 0.000000000000000000e+00 9.103322712790168532e-04 0.000000000000000000e+00
2.320000000000000000e+05 5.799929081104071571e-02 2.036868456986800149e-02 9.789485662266727006e-01 0.000000000000000000e+00 6.827492034592626399e-04 0.000000000000000000e+00
2.400000000000000000e+05 5.999926635624919236e-02 3.288575329995448160e-02 9.660901228948566288e-01 0.000000000000000000e+00 1.024123805188893906e-03 0.000000000000000000e+00
2.480000000000000000e+05 6.199924190145744696e-02 3.322712790168411146e-02 9.656349567592170668e-01 0.000000000000000000e+00 1.137915339098770958e-03 0.000000000000000000e+00
2.560000000000000000e+05 6.399921744666570156e-02 3.345471096950387163e-02 9.640418752844788219e-01 0.000000000000000000e+00 2.503413746017296455e-03 0.000000000000000000e+00
2.640000000000000000e+05 6.599919299187395616e-02 3.743741465634956717e-02 9.604005461993627701e-01 0.000000000000000000e+00 2.162039144287664864e-03 0.000000000000000000e+00
2.720000000000000000e+05 6.799916853708221076e-02 4.460628129267182190e-02 9.523213472917615441e-01 0.000000000000000000e+00 3.072371415566681717e-03 0.000000000000000000e+00
2.800000000000000000e+05 6.999914408229068741e-02 4.938552571688666071e-02 9.462903959945380139e-01 0.000000000000000000e+00 4.324078288575329727e-03 0.000000000000000000e+00
2.880000000000000000e+05 7.199911962749894201e-02 5.962676376877560497e-02 9.362767410104688715e-01 0.000000000000000000e+00 4.096495220755575623e-03 0.000000000000000000e+00
2.960000000000000000e+05 7.399909517270719661e-02 7.134729176149294527e-02 9.235320892125625791e-01 0.000000000000000000e+00 5.120619025944469528e-03 0.000000000000000000e+00
3.040000000000000000e+05 7.599907071791545121e-02 8.522985889849794827e-02 9.078288575329995780e-01 0.000000000000000000e+00 6.941283568502503235e-03 0.000000000000000000e+00
3.120000000000000000e+05 7.799904626312392786e-02 8.682294037323623481e-02 9.017979062357760478e-01 0.000000000000000000e+00 1.137915339098771045e-02 0.000000000000000000e+00
3.200000000000000000e+05 7.999902180833218246e-02 1.244879380974055483e-01 8.501365498406918686e-01 0.000000000000000000e+00 2.537551206190259354e-02 0.000000000000000000e+00
3.280000000000000000e+05 8.199899735354043706e-02 1.347291761492944995e-01 8.353436504324078804e-01 7.965407373691396923e-04 2.913063268092853930e-02 0.000000000000000000e+00
3.360000000000000000e+05 8.399897289874869166e-02 1.784251251706872876e-01 7.545516613563950648e-01 5.689576695493854790e-04 6.645425580336822291e-02 0.000000000000000000e+00
3.440000000000000000e+05 8.599894844395694626e-02 1.053709604005461931e-01 7.481793354574419741e-01 1.334774692762858428e-01 1.297223486572599005e-02 0.000000000000000000e+00
3.520000000000000000e+05 8.799892398916542291e-02 1.102639963586709154e-01 7.422621756941283344e-01 1.342740100136549930e-01 1.319981793354574502e-02 0.000000000000000000e+00
3.600000000000000000e+05 8.999889953437367751e-02 8.932635411925353430e-02 6.672735548475193790e-01 2.294037323623122349e-01 1.399635867091488309e-02 0.000000000000000000e+00
3.680000000000000000e+05 9.199887507958193211e-02 9.274010013654984674e-02 6.628356850250340937e-01 2.276968593536640995e-01 1.672735548475193582e-02 0.000000000000000000e+00
3.760000000000000000e+05 9.399885062479018671e-02 1.037778789258079204e-01 6.472462448793809831e-01 2.287209831588529751e-01 2.025489303595812488e-02 0.000000000000000000e+00
3.840000000000000000e+05 9.599882616999866336e-02 1.028675466545289074e-01 6.461083295402821891e-01 2.263313609467455523e-01 2.469276285844333035e-02 0.000000000000000000e+00
3.920000000000000000e+05 9.799880171520691796e-02 1.156121984524351443e-01 6.362084660901229372e-01 2.250796540737369233e-01 2.309968138370505075e-02 0.000000000000000000e+00
4.000000000000000000e+05 9.999877726041517256e-02 1.285844333181611343e-01 6.250568957669548897e-01 2.199590350477924339e-01 2.639963586709149004e-02 0.000000000000000000e+00
4.080000000000000000e+05 1.019987528056234272e-01 1.487255348202093652e-01 6.077605826126536437e-01 2.137005006827492060e-01 2.981338188438780248e-02 0.000000000000000000e+00
4.160000000000000000e+05 1.039987283508316818e-01 5.143377332726445372e-02 6.952662721893491105e-01 2.225762403277196100e-01 3.072371415566681890e-02 0.000000000000000000e+00
4.240000000000000000e+05 1.059987038960401584e-01 5.996813837050523482e-02 6.924214838416021811e-01 2.248520710059171701e-01 2.275830678197542090e-02 0.000000000000000000e+00
4.320000000000000000e+05 1.079986794412484130e-01 6.304050978607191047e-02 6.898042785616750328e-01 2.226900318616295005e-01 2.446517979062357712e-02 0.000000000000000000e+00
4.400000000000000000e+05 1.099986549864566676e-01 6.804733727810650945e-02 6.875284478834774449e-01 2.222348657259899940e-01 2.218934911242603433e-02 0.000000000000000000e+00
4.480000000000000000e+05 1.119986305316649222e-01 6.850250341374601593e-02 6.845698680018206250e-01 2.226900318616295005e-01 2.423759672280382388e-02 0.000000000000000000e+00
4.560000000000000000e+05 1.139986060768731768e-01 7.259899863450158808e-02 6.818388711879835862e-01 2.220072826581702408e-01 2.355484751934456070e-02 0.000000000000000000e+00
4.640000000000000000e+05 1.159985816220816535e-01 7.407828857532999800e-02 6.837733272644515026e-01 2.218934911242603503e-01 2.025489303595812488e-02 0.000000000000000000e+00
4.720000000000000000e+05 1.179985571672899081e-01 7.624032771961765376e-02 6.784251251706873154e-01 2.192762858443331742e-01 2.605826126536185672e-02 0.000000000000000000e+00
4.800000000000000000e+05 1.199985327124981627e-01 8.090578060992262288e-02 6.793354574419663283e-01 2.192762858443331742e-01 2.048247610377787811e-02 0.000000000000000000e+00
4.880000000000000000e+05 1.219985082577064173e-01 8.147473827947200598e-02 6.771734182976786309e-01 2.200728265817023244e-01 2.127901684114701791e-02 0.000000000000000000e+00
4.960000000000000000e+05 1.239984838029148939e-01 8.557123350022757813e-02 6.694355939918069653e-01 2.158625398270368756e-01 2.913063268092853930e-02 0.000000000000000000e+00
5.040000000000000000e+05 1.259984593481231485e-01 7.771961766044606368e-02 6.766044606281292895e-01 2.204142011834319403e-01 2.526172052799271692e-02 0.000000000000000000e+00
5.120000000000000000e+05 1.279984348933314031e-01 9.319526627218935322e-02 6.647701411015020101e-01 2.171142467000455045e-01 2.492034592626308706e-02 0.000000000000000000e+00
5.200000000000000000e+05 1.299984104385396577e-01 8.978152025489304078e-02 6.667045971779699265e-01 2.164314974965862448e-01 2.708238507055074976e-02 0.000000000000000000e+00
5.280000000000000000e+05 1.319983859837479123e-01 1.001365498406918547e-01 6.569185252617205650e-01 2.110832954028220299e-01 3.186162949476559203e-02 0.000000000000000000e+00
5.360000000000000000e+05 1.339983615289563890e-01 1.033227127901684139e-01 6.554392353208920996e-01 2.140418752844788219e-01 2.719617660446062984e-02 0.000000000000000000e+00
5.440000000000000000e+05 1.359983370741646436e-01 1.096950386891215323e-01 6.494082840236686804e-01 2.150659990896677254e-01 2.583067819754210348e-02 0.000000000000000000e+00
5.520000000000000000e+05 1.379983126193728982e-01 1.143604915794264876e-01 6.465634956759217511e-01 2.115384615384615363e-01 2.753755120619025970e-02 0.000000000000000000e+00
5.600000000000000000e+05 1.399982881645811528e-01 1.189121529358215801e-01 6.375739644970414011e-01 2.129039599453800558e-01 3.060992262175694228e-02 0.000000000000000000e+00
5.680000000000000000e+05 1.419982637097896294e-01 1.205052344105598527e-01 6.370050068274920596e-01 2.090350477924442507e-01 3.345471096950387163e-02 0.000000000000000000e+00
5.760000000000000000e+05 1.439982392549978840e-01 1.532771961766044577e-01 5.870505234410560158e-01 2.257624032771961831e-01 3.390987710514337811e-02 0.000000000000000000e+00
5.840000000000000000e+05 1.459982148002061386e-01 1.490669094219390090e-01 5.733955393718707105e-01 2.570550751024123781e-01 2.048247610377787811e-02 0.000000000000000000e+00
5.920000000000000000e+05 1.479981903454143932e-01 3.914428766499772339e-02 6.736458807464724696e-01 2.819754210286754548e-01 5.234410559854347014e-03 0.000000000000000000e+00
6.000000000000000000e+05 1.499981658906226478e-01 3.186162949476559203e-02 6.783113336367774249e-01 2.874374146563495880e-01 2.389622212107419402e-03 0.000000000000000000e+00
6.080000000000000000e+05 1.519981414358311245e-01 1.593081474738279601e-02 6.820664542558033672e-01 3.016613563950841792e-01 3.413746017296313199e-04 0.000000000000000000e+00
6.160000000000000000e+05 1.539981169810393791e-01 1.536185707783340945e-02 6.824078288575330387e-01 3.020027309968138507e-01 2.275830678197542133e-04 0.000000000000000000e+00
6.240000000000000000e+05 1.559980925262476337e-01 1.752389622212107562e-02 6.818388711879835862e-01 3.006372325898953313e-01 0.000000000000000000e+00 0.000000000000000000e+00
6.320000000000000000e+05 1.579980680714558883e-01 1.615839781520254925e-02 6.799044151115156698e-01 3.033682294037323701e-01 5.689576695493854790e-04 0.000000000000000000e+00
6.400000000000000000e+05 1.599980436166643649e-01 2.435138825671370050e-02 6.743286299499317016e-01 3.006372325898953313e-01 6.827492034592626399e-04 0.000000000000000000e+00
6.480000000000000000e+05 1.619980191618726195e-01 2.014110150204824826e-02 6.783113336367774249e-01 3.010923987255348377e-01 4.551661356395084266e-04 0.000000000000000000e+00
6.560000000000000000e+05 1.639979947070808741e-01 2.105143377332726468e-02 6.771734182976786309e-01 3.010923987255348377e-01 6.827492034592626399e-04 0.000000000000000000e+00
6.640000000000000000e+05 1.659979702522891287e-01 2.321347291761493084e-02 6.761492944924897275e-01 2.999544833864360438e-01 6.827492034592626399e-04 0.000000000000000000e+00
6.720000000000000000e+05 1.679979457974973833e-01 2.412380518889394726e-02 6.738734638142922506e-01 3.006372325898953313e-01 1.365498406918525280e-03 0.000000000000000000e+00
6.800000000000000000e+05 1.699979213427058600e-01 2.492034592626308706e-02 6.739872553482021411e-01 3.004096495220755503e-01 6.827492034592626399e-04 0.000000000000000000e+00
6.880000000000000000e+05 1.719978968879141146e-01 3.140646335912607862e-02 6.661356395084205850e-01 3.007510241238051663e-01 1.706873008648156654e-03 0.000000000000000000e+00
6.960000000000000000e+05 1.739978724331223692e-01 2.469276285844333035e-02 6.736458807464724696e-01 3.012061902594446727e-01 4.551661356395084266e-04 0.000000000000000000e+00
7.040000000000000000e+05 1.759978479783306238e-01 3.584433318161128756e-02 6.614701866181156298e-01 3.001820664542558248e-01 2.503413746017296455e-03 0.000000000000000000e+00
7.120000000000000000e+05 1.779978235235388784e-01 4.301319981793354230e-02 6.572598998634501255e-01 2.976786527082385114e-01 2.048247610377787811e-03 0.000000000000000000e+00
7.200000000000000000e+05 1.799977990687473550e-01 3.823395539371871044e-02 6.607874374146563978e-01 2.989303595812471404e-01 2.048247610377787811e-03 0.000000000000000000e+00
7.280000000000000000e+05 1.819977746139556096e-01 4.050978607191624975e-02 6.586253982703687004e-01 2.994993172507965373e-01 1.365498406918525280e-03 0.000000000000000000e+00
7.360000000000000000e+05 1.839977501591638642e-01 4.005461993627674328e-02 6.593081474738279324e-01 2.987027765134274149e-01 1.934456076467910759e-03 0.000000000000000000e+00
7.440000000000000000e+05 1.859977257043721188e-01 5.530268548020027264e-02 6.425807919890760278e-01 2.985889849795175244e-01 3.527537551206190360e-03 0.000000000000000000e+00
7.520000000000000000e+05 1.879977012495805955e-01 6.383705052344106068e-02 6.383705052344105235e-01 2.940373236231224596e-01 3.755120619025944465e-03 0.000000000000000000e+00
7.600000000000000000e+05 1.899976767947888501e-01 5.883022303140646170e-02 6.441738734638142727e-01 2.940373236231224596e-01 2.958579881656804664e-03 0.000000000000000000e+00
7.680000000000000000e+05 1.919976523399971047e-01 8.033682294037323979e-02 6.190259444697314706e-01 2.935821574874829532e-01 7.055075102412380721e-03 0.000000000000000000e+00
7.760000000000000000e+05 1.939976278852053593e-01 7.578516158397814728e-02 6.225534820209376319e-01 2.944924897587619661e-01 7.168866636322257339e-03 0.000000000000000000e+00
7.840000000000000000e+05 1.959976034304136139e-01 9.660901228948566566e-02 6.040054619936277014e-01 2.884615384615384359e-01 1.092398725534820224e-02 0.000000000000000000e+00
7.920000000000000000e+05 1.979975789756220905e-01 1.037778789258079204e-01 5.961538461538461453e-01 2.913063268092853653e-01 8.761948111060537808e-03 0.000000000000000000e+00
8.000000000000000000e+05 1.999975545208303451e-01 1.494082840236686527e-01 5.407373691397360238e-01 2.815202548930359483e-01 2.833409194355939950e-02 0.000000000000000000e+00
8.080000000000000000e+05 2.019975300660385997e-01 1.347291761492944995e-01 3.978152025489303800e-01 4.336595357305416676e-01 3.379608557123350149e-02 0.000000000000000000e+00
8.160000000000000000e+05 2.039975056112468543e-01 1.421256258534364936e-01 3.865498406918525531e-01 4.177287209831588299e-01 5.359581247155211642e-02 0.000000000000000000e+00
8.240000000000000000e+05 2.059974811564553310e-01 1.616977696859353553e-01 3.756258534365043422e-01 4.074874829312699065e-01 5.518889394629039602e-02 0.000000000000000000e+00
8.320000000000000000e+05 2.079974567016635856e-01 1.708010923987255403e-01 3.614019116977696955e-01 3.964497041420118606e-01 7.134729176149294527e-02 0.000000000000000000e+00
8.400000000000000000e+05 2.099974322468718402e-01 1.828629949931725174e-01 3.549157942649067143e-01 3.930359581247155343e-01 6.918525261720527564e-02 0.000000000000000000e+00
8.480000000000000000e+05 2.119974077920800948e-01 2.024351388256713791e-01 3.419435593991806965e-01 3.920118343195266308e-01 6.360946745562130744e-02 0.000000000000000000e+00
8.560000000000000000e+05 2.139973833372883494e-01 2.031178880291306388e-01 3.406918525261720676e-01 3.909877105143377274e-01 6.520254893035958010e-02 0.000000000000000000e+00
8.640000000000000000e+05 2.159973588824968260e-01 2.063040509786071841e-01 3.323850705507510050e-01 3.941738734638142727e-01 6.713700500682749650e-02 0.000000000000000000e+00
8.720000000000000000e+05 2.179973344277050806e-01 2.193900773782430647e-01 3.330678197542102925e-01 3.740327719617660418e-01 7.350933090578061491e-02 0.000000000000000000e+00
8.800000000000000000e+05 2.199973099729133352e-01 2.368001820664542567e-01 3.056440600819299025e-01 3.603777878925807920e-01 9.717796995903504875e-02 0.000000000000000000e+00
8.880000000000000000e+05 2.219972855181215898e-01 2.405553026854801990e-01 3.107646791078743642e-01 3.618570778334092020e-01 8.682294037323623481e-02 0.000000000000000000e+00
8.960000000000000000e+05 2.239972610633300665e-01 2.678652708238506985e-01 2.834547109695038647e-01 3.475193445607646647e-01 1.011606736458807443e-01 0.000000000000000000e+00
9.040000000000000000e+05 2.259972366085383211e-01 2.593309057806099105e-01 2.930131998179335562e-01 3.430814747382794905e-01 1.045744196631770567e-01 0.000000000000000000e+00
9.120000000000000000e+05 2.279972121537465757e-01 2.651342740100136597e-01 3.082612653618570508e-01 3.397815202548930547e-01 8.682294037323623481e-02 0.000000000000000000e+00
9.200000000000000000e+05 2.299971876989548303e-01 2.572826581702321591e-01 3.258989531178880239e-01 3.328402366863905115e-01 8.397815202548930547e-02 0.000000000000000000e+00
9.280000000000000000e+05 2.319971632441630849e-01 2.668411470186617951e-01 3.083750568957669413e-01 3.428538916704597095e-01 8.192990441511151245e-02 0.000000000000000000e+00
9.360000000000000000e+05 2.339971387893715615e-01 2.498862084660901095e-01 3.150887573964497035e-01 3.739189804278561513e-01 6.110605370960400795e-02 0.000000000000000000e+00
9.440000000000000000e+05 2.359971143345798161e-01 2.198452435138825711e-01 3.398953117888028896e-01 3.905325443786982209e-01 4.972690031861629750e-02 0.000000000000000000e+00
9.520000000000000000e+05 2.379970898797880707e-01 2.117660446062812896e-01 3.403504779244423961e-01 4.156804733727810786e-01 3.220300409649522189e-02 0.000000000000000000e+00
9.600000000000000000e+05 2.399970654249963253e-01 2.086936731907146070e-01 3.216886663632225751e-01 4.431042330450614686e-01 2.651342740100136666e-02 0.000000000000000000e+00
9.680000000000000000e+05 2.419970409702045799e-01 1.890077378243058825e-01 3.096267637687756258e-01 4.799726900318616041e-01 2.139280837505689453e-02 0.000000000000000000e+00
9.760000000000000000e+05 2.439970165154130566e-01 1.911697769685935244e-01 2.954028220300409791e-01 4.893035958124715701e-01 2.412380518889394726e-02 0.000000000000000000e+00
9.840000000000000000e+05 2.459969920606213112e-01 1.895766954938552518e-01 2.981338188438780179e-01 4.885070550751023921e-01 2.378243058716431393e-02 0.000000000000000000e+00
9.920000000000000000e+05 2.479969676058295658e-01 1.908284023668639084e-01 2.969959035047792240e-01 4.896449704142011861e-01 2.253072371415566766e-02 0.000000000000000000e+00
1.000000000000000000e+06 2.499969431510378204e-01 1.887801547564861293e-01 2.959717796995903760e-01 4.888484296768320636e-01 2.639963586709149004e-02 0.000000000000000000e+00
1.008000000000000000e+06 2.519969186962462970e-01 1.909421939007737712e-01 2.969959035047792240e-01 4.911242603550295960e-01 2.093764223941738806e-02 0.000000000000000000e+00
1.016000000000000000e+06 2.539968942414545516e-01 1.985662266727355463e-01 2.973372781065088954e-01 4.848657259899863403e-01 1.923076923076923184e-02 0.000000000000000000e+00
1.024000000000000000e+06 2.559968697866628062e-01 1.924214838416021811e-01 2.980200273099681274e-01 4.922621756941283344e-01 1.729631315430131891e-02 0.000000000000000000e+00
1.032000000000000000e+06 2.579968453318710608e-01 1.931042330450614408e-01 2.988165680473373054e-01 4.889622212107418986e-01 1.911697769685935522e-02 0.000000000000000000e+00
1.040000000000000000e+06 2.599968208770793154e-01 2.067592171142466906e-01 2.921028675466545432e-01 4.824761037778789174e-01 1.866181156121984527e-02 0.000000000000000000e+00
1.048000000000000000e+06 2.619967964222877921e-01 1.981110605370960398e-01 2.972234865725990050e-01 4.899863450159308020e-01 1.467910787437414627e-02 0.000000000000000000e+00
1.056000000000000000e+06 2.639967719674960467e-01 2.028903049613108855e-01 2.913063268092853653e-01 4.896449704142011861e-01 1.615839781520254925e-02 0.000000000000000000e+00
1.064000000000000000e+06 2.659967475127043013e-01 2.042558033682294050e-01 2.770823850705507740e-01 5.015930814747382449e-01 1.706873008648156567e-02 0.000000000000000000e+00
1.072000000000000000e+06 2.679967230579125559e-01 1.978834774692762866e-01 2.708238507055075184e-01 5.164997724169322346e-01 1.479289940828402289e-02 0.000000000000000000e+00
1.080000000000000000e+06 2.699966986031210325e-01 2.044833864360491582e-01 2.683204369594902050e-01 5.142239417387346467e-01 1.297223486572599005e-02 0.000000000000000000e+00
1.088000000000000000e+06 2.719966741483292871e-01 2.122212107419207960e-01 2.666135639508420696e-01 5.067137005006827621e-01 1.445152480655439303e-02 0.000000000000000000e+00
1.096000000000000000e+06 2.739966496935375417e-01 2.059626763768775681e-01 2.692307692307692180e-01 5.124032771961766208e-01 1.240327719617660522e-02 0.000000000000000000e+00
1.104000000000000000e+06 2.759966252387457963e-01 2.076695493855257035e-01 2.683204369594902050e-01 5.118343195266271684e-01 1.217569412835685025e-02 0.000000000000000000e+00
1.112000000000000000e+06 2.779966007839540509e-01 2.073281747837960876e-01 2.708238507055075184e-01 5.042102867546655043e-01 1.763768775603095224e-02 0.000000000000000000e+00
1.120000000000000000e+06 2.799965763291625276e-01 2.097177969959035104e-01 2.719617660446062568e-01 5.020482476103778069e-01 1.627218934911242587e-02 0.000000000000000000e+00
1.128000000000000000e+06 2.819965518743707822e-01 2.137005006827492060e-01 2.750341374601729671e-01 4.956759217114246607e-01 1.558944014565316269e-02 0.000000000000000000e+00
1.136000000000000000e+06 2.839965274195790368e-01 2.094902139280837572e-01 2.736686390532544477e-01 4.970414201183431802e-01 1.979972690031861493e-02 0.000000000000000000e+00
1.144000000000000000e+06 2.859965029647872914e-01 2.121074192080109333e-01 2.758306781975420896e-01 4.907828857532999800e-01 2.127901684114701791e-02 0.000000000000000000e+00
1.152000000000000000e+06 2.879964785099957680e-01 2.198452435138825711e-01 2.717341829767865313e-01 4.883932635411925571e-01 2.002730996813837164e-02 0.000000000000000000e+00
1.160000000000000000e+06 2.899964540552040226e-01 2.190487027765134209e-01 2.726445152480655443e-01 4.887346381429221731e-01 1.957214383249886169e-02 0.000000000000000000e+00
1.168000000000000000e+06 2.919964296004122772e-01 2.215521165225307343e-01 2.695721438324988894e-01 4.886208466090122826e-01 2.025489303595812488e-02 0.000000000000000000e+00
1.176000000000000000e+06 2.939964051456205318e-01 1.998179335457442030e-01 3.236231224396904915e-01 4.657487482931270129e-01 1.081019572143832562e-02 0.000000000000000000e+00
1.184000000000000000e+06 2.959963806908287864e-01 2.011834319526627224e-01 3.389849795175238767e-01 4.516385980883022566e-01 8.192990441511151245e-03 0.000000000000000000e+00
1.192000000000000000e+06 2.979963562360372631e-01 2.002730996813837094e-01 3.361401911697769473e-01 4.522075557578515981e-01 1.137915339098771045e-02 0.000000000000000000e+00
1.200000000000000000e+06 2.999963317812455177e-01 1.966317705962676299e-01 3.395539371870732737e-01 4.507282658170231882e-01 1.308602639963586667e-02 0.000000000000000000e+00
1.208000000000000000e+06 3.019963073264537723e-01 1.993627674101046965e-01 3.343195266272189214e-01 4.533454710969503920e-01 1.297223486572599005e-02 0.000000000000000000e+00
1.216000000000000000e+06 3.039962828716620269e-01 1.983386436049157930e-01 3.367091488393263443e-01 4.526627218934911046e-01 1.228948566226672687e-02 0.000000000000000000e+00
1.224000000000000000e+06 3.059962584168702815e-01 2.020937642239417353e-01 3.356850250341374409e-01 4.495903504779244497e-01 1.263086026399635846e-02 0.000000000000000000e+00
1.232000000000000000e+06 3.079962339620787581e-01 2.020937642239417353e-01 3.355712335002276059e-01 4.502730996813836817e-01 1.206190259444697363e-02 0.000000000000000000e+00
1.240000000000000000e+06 3.099962095072870127e-01 2.006144742831133254e-01 3.372781065088757413e-01 4.522075557578515981e-01 9.899863450159307465e-03 0.000000000000000000e+00
1.248000000000000000e+06 3.119961850524952673e-01 2.019799726900318726e-01 3.375056895766954668e-01 4.501593081474738467e-01 1.035502958579881741e-02 0.000000000000000000e+00
1.256000000000000000e+06 3.139961605977035219e-01 1.960628129267182607e-01 3.472917614929449392e-01 4.469731451979972459e-01 9.672280382339554228e-03 0.000000000000000000e+00
1.264000000000000000e+06 3.159961361429119986e-01 1.978834774692762866e-01 3.472917614929449392e-01 4.435593991807009751e-01 1.126536185707783383e-02 0.000000000000000000e+00
1.272000000000000000e+06 3.179961116881202532e-01 2.036868456986800080e-01 3.414883932635411901e-01 4.436731907146108100e-01 1.115157032316795548e-02 0.000000000000000000e+00
1.280000000000000000e+06 3.199960872333285078e-01 2.042558033682294050e-01 3.454710969503869133e-01 4.390077378243058548e-01 1.126536185707783383e-02 0.000000000000000000e+00
1.288000000000000000e+06 3.219960627785367624e-01 2.142694583522985752e-01 3.466090122894856518e-01 4.286527082385070408e-01 1.046882111970869403e-02 0.000000000000000000e+00
1.296000000000000000e+06 3.239960383237450170e-01 2.130177514792899462e-01 3.433090578060992160e-01 4.327492034592626546e-01 1.092398725534820224e-02 0.000000000000000000e+00
1.304000000000000000e+06 3.259960138689534936e-01 2.156349567592171224e-01 3.587847064178424916e-01 4.156804733727810786e-01 9.899863450159307465e-03 0.000000000000000000e+00
1.312000000000000000e+06 3.279959894141617482e-01 2.097177969959035104e-01 3.612881201638598050e-01 4.188666363222576239e-01 1.012744651797906244e-02 0.000000000000000000e+00
1.320000000000000000e+06 3.299959649593700028e-01 2.010696404187528319e-01 3.858670914883932657e-01 4.027082385070550608e-01 1.035502958579881741e-02 0.000000000000000000e+00
1.328000000000000000e+06 3.319959405045782574e-01 2.078971324533454845e-01 3.800637232589895165e-01 4.031634046426945672e-01 8.875739644970414427e-03 0.000000000000000000e+00
1.336000000000000000e+06 3.339959160497867341e-01 2.033454710969503920e-01 3.878015475648611821e-01 4.008875739644970349e-01 7.965407373691398007e-03 0.000000000000000000e+00
1.344000000000000000e+06 3.359958915949949887e-01 2.015248065543923661e-01 3.889394629039599205e-01 4.019116977696859383e-01 7.624032771961766417e-03 0.000000000000000000e+00
1.352000000000000000e+06 3.379958671402032433e-01 2.078971324533454845e-01 3.834774692762858428e-01 3.986117432862995025e-01 1.001365498406918582e-02 0.000000000000000000e+00
1.360000000000000000e+06 3.399958426854114979e-01 2.122212107419207960e-01 3.747155211652253293e-01 4.007737824305871444e-01 1.228948566226672687e-02 0.000000000000000000e+00
1.368000000000000000e+06 3.419958182306197525e-01 2.099453800637232637e-01 3.752844788347746707e-01 4.032771961766044577e-01 1.149294492489758707e-02 0.000000000000000000e+00
1.376000000000000000e+06 3.439957937758282291e-01 2.177969959035047920e-01 3.677742375967227861e-01 4.008875739644970349e-01 1.354119253527537488e-02 0.000000000000000000e+00
1.384000000000000000e+06 3.459957693210364837e-01 2.135867091488393155e-01 3.588984979517523821e-01 4.113563950842057393e-01 1.615839781520254925e-02 0.000000000000000000e+00
1.392000000000000000e+06 3.479957448662447383e-01 2.122212107419207960e-01 3.343195266272189214e-01 4.399180700955848677e-01 1.354119253527537488e-02 0.000000000000000000e+00
1.400000000000000000e+06 3.499957204114529929e-01 2.075557578516158408e-01 3.314747382794719921e-01 4.470869367319071364e-01 1.388256713700500647e-02 0.000000000000000000e+00
1.408000000000000000e+06 3.519956959566614696e-01 2.170004551661356418e-01 3.261265361857078049e-01 4.440145653163404815e-01 1.285844333181611343e-02 0.000000000000000000e+00
1.416000000000000000e+06 3.539956715018697242e-01 2.107419208010923861e-01 3.299954483386435822e-01 4.481110605370960398e-01 1.115157032316795548e-02 0.000000000000000000e+00
1.424000000000000000e+06 3.559956470470779788e-01 2.134729176149294527e-01 3.303368229403732537e-01 4.446973145197997135e-01 1.149294492489758707e-02 0.000000000000000000e+00
1.432000000000000000e+06 3.579956225922862334e-01 2.088074647246244975e-01 3.301092398725534727e-01 4.516385980883022566e-01 9.444697314519799256e-03 0.000000000000000000e+00
1.440000000000000000e+06 3.599955981374944880e-01 2.114246700045516736e-01 3.298816568047337472e-01 4.475421028675466428e-01 1.115157032316795548e-02 0.000000000000000000e+00
1.448000000000000000e+06 3.619955736827029646e-01 2.096040054619936199e-01 3.278334091943559403e-01 4.508420573509330787e-01 1.172052799271734204e-02 0.000000000000000000e+00
1.456000000000000000e+06 3.639955492279112192e-01 2.148384160218479721e-01 3.284023668639053373e-01 4.470869367319071364e-01 9.672280382339554228e-03 0.000000000000000000e+00
1.464000000000000000e+06 3.659955247731194738e-01 2.115384615384615363e-01 3.299954483386435822e-01 4.481110605370960398e-01 1.035502958579881741e-02 0.000000000000000000e+00
1.472000000000000000e+06 3.679955003183277285e-01 2.192762858443331742e-01 3.269230769230769273e-01 4.473145197997269173e-01 6.486117432862995025e-03 0.000000000000000000e+00
1.480000000000000000e+06 3.699954758635359831e-01 2.203004096495220776e-01 3.272644515248065433e-01 4.432180245789713036e-01 9.217114246700046018e-03 0.000000000000000000e+00
1.488000000000000000e+06 3.719954514087444597e-01 2.233727810650887602e-01 3.213472917614929592e-01 4.468593536640874109e-01 8.420573509330906217e-03 0.000000000000000000e+00
1.496000000000000000e+06 3.739954269539527143e-01 2.213245334547109811e-01 3.174783796085571264e-01 4.519799726900318726e-01 9.217114246700046018e-03 0.000000000000000000e+00
1.504000000000000000e+06 3.759954024991609689e-01 2.210969503868912278e-01 3.210059171597632877e-01 4.493627674101046687e-01 8.534365043240782836e-03 0.000000000000000000e+00
1.512000000000000000e+06 3.779953780443692235e-01 2.197314519799726806e-01 3.287437414656349532e-01 4.435593991807009751e-01 7.965407373691398007e-03 0.000000000000000000e+00
1.520000000000000000e+06 3.799953535895777001e-01 2.143832498862084657e-01 3.447883477469276259e-01 4.330905780609922706e-01 7.737824305871643035e-03 0.000000000000000000e+00
1.528000000000000000e+06 3.819953291347859547e-01 2.243969048702776636e-01 3.426263086026399840e-01 4.252389622212107145e-01 7.737824305871643035e-03 0.000000000000000000e+00
1.536000000000000000e+06 3.839953046799942094e-01 2.243969048702776636e-01 3.444469731451980099e-01 4.209148839326354308e-01 1.024123805188893906e-02 0.000000000000000000e+00
1.544000000000000000e+06 3.859952802252024640e-01 2.215521165225307343e-01 3.474055530268548297e-01 4.244424214838415921e-01 6.599908966772872511e-03 0.000000000000000000e+00
1.552000000000000000e+06 3.879952557704107186e-01 2.236003641329085134e-01 3.468365953573054328e-01 4.231907146108329631e-01 6.372325898953117539e-03 0.000000000000000000e+00
1.560000000000000000e+06 3.899952313156191952e-01 2.218934911242603503e-01 3.503641329085115941e-01 4.201183431952662528e-01 7.624032771961766417e-03 0.000000000000000000e+00
1.568000000000000000e+06 3.919952068608274498e-01 2.243969048702776636e-01 3.501365498406918686e-01 4.157942649066909691e-01 9.672280382339554228e-03 0.000000000000000000e+00
1.576000000000000000e+06 3.939951824060357044e-01 2.312243969048702885e-01 3.496813837050523621e-01 4.114701866181156298e-01 7.624032771961766417e-03 0.000000000000000000e+00
1.584000000000000000e+06 3.959951579512439590e-01 2.383932635411925294e-01 3.398953117888028896e-01 4.147701411015020656e-01 6.941283568502503235e-03 0.000000000000000000e+00
1.592000000000000000e+06 3.979951334964524357e-01 2.469276285844333174e-01 3.317023213472917731e-01 4.145425580336822846e-01 6.827492034592626616e-03 0.000000000000000000e+00
1.600000000000000000e+06 3.999951090416606903e-01 2.423759672280382249e-01 3.347746927628584279e-01 4.134046426945835462e-01 9.444697314519799256e-03 0.000000000000000000e+00
1.608000000000000000e+06 4.019950845868689449e-01 2.455621301775147980e-01 3.352298588984979344e-01 4.121529358215748617e-01 7.055075102412380721e-03 0.000000000000000000e+00
1.616000000000000000e+06 4.039950601320771995e-01 2.452207555757851543e-01 3.352298588984979344e-01 4.099908966772872199e-01 9.558488848429677609e-03 0.000000000000000000e+00
1.624000000000000000e+06 4.059950356772854541e-01 2.553482020937642427e-01 3.302230314064633632e-01 4.063495675921711681e-01 8.079198907601274626e-03 0.000000000000000000e+00
1.632000000000000000e+06 4.079950112224939307e-01 2.500000000000000000e-01 3.360263996358671124e-01 4.063495675921711681e-01 7.624032771961766417e-03 0.000000000000000000e+00
1.640000000000000000e+06 4.099949867677021853e-01 2.528447883477469293e-01 3.293126991351843502e-01 4.112426035502958488e-01 6.599908966772872511e-03 0.000000000000000000e+00
1.648000000000000000e+06 4.119949623129104399e-01 2.594446973145198010e-01 3.243058716431497235e-01 4.109012289485662328e-01 5.348202093764223633e-03 0.000000000000000000e+00
1.656000000000000000e+06 4.139949378581186945e-01 2.693445607646791085e-01 3.157715065999089910e-01 4.078288575329995225e-01 7.055075102412380721e-03 0.000000000000000000e+00
1.664000000000000000e+06 4.159949134033271712e-01 2.702548930359581214e-01 3.156577150659991005e-01 4.070323167956304000e-01 7.055075102412380721e-03 0.000000000000000000e+00
1.672000000000000000e+06 4.179948889485354258e-01 2.650204824761037692e-01 3.181611288120163583e-01 4.097633136094674389e-01 7.055075102412380721e-03 0.000000000000000000e+00
1.680000000000000000e+06 4.199948644937436804e-01 2.650204824761037692e-01 3.179335457441966328e-01 4.068047337278106745e-01 1.024123805188893906e-02 0.000000000000000000e+00
1.688000000000000000e+06 4.219948400389519350e-01 2.726445152480655443e-01 3.163404642694583324e-01 4.007737824305871444e-01 1.024123805188893906e-02 0.000000000000000000e+00
1.696000000000000000e+06 4.239948155841601896e-01 2.685480200273099860e-01 3.154301319981793195e-01 4.079426490669094130e-01 8.079198907601274626e-03 0.000000000000000000e+00
1.704000000000000000e+06 4.259947911293686662e-01 2.743513882567136797e-01 2.944924897587619661e-01 4.179563040509786109e-01 1.319981793354574502e-02 0.000000000000000000e+00
1.712000000000000000e+06 4.279947666745769208e-01 2.760582612653618706e-01 2.941511151570322946e-01 4.205735093309057593e-01 9.217114246700046018e-03 0.000000000000000000e+00
1.720000000000000000e+06 4.299947422197851754e-01 2.919890760127446527e-01 2.901684114701866268e-01 4.072598998634501810e-01 1.058261265361857065e-02 0.000000000000000000e+00
1.728000000000000000e+06 4.319947177649934300e-01 2.889167045971779424e-01 2.852753755120618906e-01 4.142011834319526686e-01 1.160673645880746542e-02 0.000000000000000000e+00
1.736000000000000000e+06 4.339946933102016846e-01 2.883477469276286009e-01 2.662721893491124536e-01 4.319526627218934767e-01 1.342740100136549826e-02 0.000000000000000000e+00
1.744000000000000000e+06 4.359946688554101613e-01 2.997269003186163183e-01 2.604688211197087044e-01 4.280837505689576439e-01 1.172052799271734204e-02 0.000000000000000000e+00
1.752000000000000000e+06 4.379946444006184159e-01 2.981338188438780179e-01 2.636549840691852498e-01 4.264906690942193990e-01 1.172052799271734204e-02 0.000000000000000000e+00
1.760000000000000000e+06 4.399946199458266705e-01 3.009786071916249472e-01 2.604688211197087044e-01 4.270596267637687959e-01 1.149294492489758707e-02 0.000000000000000000e+00
1.768000000000000000e+06 4.419945954910349251e-01 3.039371870732817671e-01 2.589895311788802945e-01 4.279699590350478089e-01 9.103322712790167665e-03 0.000000000000000000e+00
1.776000000000000000e+06 4.439945710362434017e-01 3.063268092853891900e-01 2.583067819754210070e-01 4.252389622212107145e-01 1.012744651797906244e-02 0.000000000000000000e+00
1.784000000000000000e+06 4.459945465814516563e-01 3.040509786071916021e-01 2.589895311788802945e-01 4.253527537551206050e-01 1.160673645880746542e-02 0.000000000000000000e+00
1.792000000000000000e+06 4.479945221266599109e-01 3.106508875739644737e-01 2.570550751024123781e-01 4.219390077378242787e-01 1.035502958579881741e-02 0.000000000000000000e+00
1.800000000000000000e+06 4.499944976718681655e-01 3.065543923532089154e-01 2.589895311788802945e-01 4.233045061447428536e-01 1.115157032316795548e-02 0.000000000000000000e+00
1.808000000000000000e+06 4.519944732170764201e-01 3.084888484296768318e-01 2.575102412380518846e-01 4.237596722803823601e-01 1.024123805188893906e-02 0.000000000000000000e+00
1.816000000000000000e+06 4.539944487622848968e-01 3.133818843878015681e-01 2.550068274920345712e-01 4.192080109239872399e-01 1.240327719617660522e-02 0.000000000000000000e+00
