# itime ezz other fcc hcp bcc ico
0.000000000000000000e+00 0.000000000000000000e+00 0.000000000000000000e+00 1.000000000000000000e+00 0.000000000000000000e+00 0.000000000000000000e+00 0.000000000000000000e+00
2.500000000000000000e+02 9.999997201635357769e-03 0.000000000000000000e+00 1.000000000000000000e+00 0.000000000000000000e+00 0.000000000000000000e+00 0.000000000000000000e+00
5.000000000000000000e+02 1.999999440327093758e-02 0.000000000000000000e+00 1.000000000000000000e+00 0.000000000000000000e+00 0.000000000000000000e+00 0.000000000000000000e+00
7.500000000000000000e+02 2.999999160490629535e-02 0.000000000000000000e+00 1.000000000000000000e+00 0.000000000000000000e+00 0.000000000000000000e+00 0.000000000000000000e+00
1.000000000000000000e+03 3.999998880654187516e-02 0.000000000000000000e+00 1.000000000000000000e+00 0.000000000000000000e+00 0.000000000000000000e+00 0.000000000000000000e+00
1.250000000000000000e+03 4.999998600817723293e-02 0.000000000000000000e+00 1.000000000000000000e+00 0.000000000000000000e+00 0.000000000000000000e+00 0.000000000000000000e+00
1.500000000000000000e+03 5.999998320981281275e-02 0.000000000000000000e+00 1.000000000000000000e+00 0.000000000000000000e+00 0.000000000000000000e+00 0.000000000000000000e+00
1.750000000000000000e+03 6.999998041144817051e-02 0.000000000000000000e+00 1.000000000000000000e+00 0.000000000000000000e+00 0.000000000000000000e+00 0.000000000000000000e+00
2.000000000000000000e+03 7.999997761308352828e-02 2.275830678197542133e-04 9.997724169321802190e-01 0.000000000000000000e+00 0.000000000000000000e+00 0.000000000000000000e+00
2.250000000000000000e+03 8.999997481471910810e-02 2.275830678197542133e-04 9.997724169321802190e-01 0.000000000000000000e+00 0.000000000000000000e+00 0.000000000000000000e+00
2.500000000000000000e+03 9.999997201635446586e-02 2.617205279927173507e-03 9.972690031861629611e-01 0.000000000000000000e+00 1.137915339098771066e-04 0.000000000000000000e+00
2.750000000000000000e+03 1.099999692179900457e-01 7.737824305871643035e-03 9.920345926263085534e-01 0.000000000000000000e+00 2.275830678197542133e-04 0.000000000000000000e+00
3.000000000000000000e+03 1.199999664196254034e-01 4.335457441966317910e-02 9.476558944014564778e-01 0.000000000000000000e+00 8.989531178880291046e-03 0.000000000000000000e+00
3.250000000000000000e+03 1.299999636212607612e-01 3.569640418752844657e-01 1.232362312243969055e-01 0.000000000000000000e+00 5.197997269003186149e-01 0.000000000000000000e+00
3.500000000000000000e+03 1.399999608228963410e-01 3.068957669549385314e-01 1.317705962676376796e-01 2.981338188438780248e-02 5.315202548930360038e-01 0.000000000000000000e+00
3.750000000000000000e+03 1.499999580245316988e-01 3.746017296313154388e-01 3.075785161583978189e-01 1.935593991807009473e-01 1.242603550295857950e-01 0.000000000000000000e+00
4.000000000000000000e+03 1.599999552261672786e-01 3.805188893946290229e-01 3.018889394629039602e-01 2.057350933090578149e-01 1.118570778334091881e-01 0.000000000000000000e+00
4.250000000000000000e+03 1.699999524278026364e-01 3.850705507510241432e-01 3.224852071005916976e-01 2.075557578516158408e-01 8.488848429676831842e-02 0.000000000000000000e+00
4.500000000000000000e+03 1.799999496294382162e-01 3.983841602184797215e-01 3.186162949476559203e-01 2.117660446062812896e-01 7.123350022758306865e-02 0.000000000000000000e+00
4.750000000000000000e+03 1.899999468310735740e-01 4.144287664997723941e-01 3.178197542102867423e-01 2.118798361401911801e-01 5.587164314974965573e-02 0.000000000000000000e+00
5.000000000000000000e+03 1.999999440327089317e-01 4.358215748748293095e-01 3.039371870732817671e-01 2.113108784706417831e-01 4.893035958124715423e-02 0.000000000000000000e+00
5.250000000000000000e+03 2.099999412343445115e-01 4.503868912152935722e-01 2.931269913518434467e-01 2.066454255803368278e-01 4.984069185252617412e-02 0.000000000000000000e+00
5.500000000000000000e+03 2.199999384359798693e-01 4.705279927173418031e-01 2.777651342740100060e-01 2.059626763768775681e-01 4.574419663177059503e-02 0.000000000000000000e+00
5.750000000000000000e+03 2.299999356376154491e-01 4.759899863450159363e-01 2.803823395539372099e-01 1.998179335457442030e-01 4.380974055530268557e-02 0.000000000000000000e+00
6.000000000000000000e+03 2.399999328392508069e-01 4.861174328629949692e-01 2.776513427401001155e-01 2.023213472917614886e-01 3.390987710514337811e-02 0.000000000000000000e+00
6.250000000000000000e+03 2.499999300408861647e-01 4.982931269913518646e-01 2.746927628584433512e-01 1.861629494765589532e-01 4.085116067364587961e-02 0.000000000000000000e+00
6.500000000000000000e+03 2.599999272425217445e-01 5.018206645425580259e-01 2.807237141556668258e-01 1.821802457897132577e-01 3.527537551206190447e-02 0.000000000000000000e+00
6.750000000000000000e+03 2.699999244441571022e-01 5.050068274920346267e-01 2.799271734182977034e-01 1.814974965862539702e-01 3.356850250341374825e-02 0.000000000000000000e+00
7.000000000000000000e+03 2.799999216457926821e-01 5.136549840691853053e-01 2.745789713245334607e-01 1.736458807464724696e-01 3.812016385980882688e-02 0.000000000000000000e+00
7.250000000000000000e+03 2.899999188474280398e-01 5.163859808830223441e-01 2.746927628584433512e-01 1.696631770596267741e-01 3.925807919890760000e-02 0.000000000000000000e+00
7.500000000000000000e+03 2.999999160490636196e-01 5.207100591715976279e-01 2.927856167501137752e-01 1.495220755575785154e-01 3.698224852071006069e-02 0.000000000000000000e+00
7.750000000000000000e+03 3.099999132506989774e-01 5.223031406463358728e-01 2.890304961310878329e-01 1.556668183887118806e-01 3.299954483386435822e-02 0.000000000000000000e+00
8.000000000000000000e+03 3.199999104523343352e-01 5.252617205279926926e-01 2.787892580791989094e-01 1.634046426945835184e-01 3.254437869822485174e-02 0.000000000000000000e+00
8.250000000000000000e+03 3.299999076539699150e-01 5.287892580791988539e-01 2.719617660446062568e-01 1.613563950842057393e-01 3.789258079198907364e-02 0.000000000000000000e+00
8.500000000000000000e+03 3.399999048556052728e-01 5.393718707328174489e-01 2.713928083750569153e-01 1.475876194811105990e-01 4.164770141101502288e-02 0.000000000000000000e+00
8.750000000000000000e+03 3.499999020572408526e-01 5.352753755120619461e-01 2.760582612653618706e-01 1.466772872098315861e-01 4.198907601274465273e-02 0.000000000000000000e+00
9.000000000000000000e+03 3.599998992588762103e-01 5.463131543013199920e-01 2.728720983158853253e-01 1.463359126081019701e-01 3.447883477469276120e-02 0.000000000000000000e+00
9.250000000000000000e+03 3.699998964605115681e-01 5.344788347746927126e-01 2.841374601729631522e-01 1.457669549385525731e-01 3.561675011379153433e-02 0.000000000000000000e+00
9.500000000000000000e+03 3.799998936621471479e-01 5.372098315885298625e-01 2.827719617660446327e-01 1.381429221665907980e-01 4.187528447883477611e-02 0.000000000000000000e+00
9.750000000000000000e+03 3.899998908637827277e-01 5.220755575785162028e-01 3.035958124715520956e-01 1.299499317250796537e-01 4.437869822485206867e-02 0.000000000000000000e+00
1.000000000000000000e+04 3.999998880654180855e-01 5.104688211197087044e-01 3.295402822030040757e-01 1.304050978607191602e-01 2.958579881656804578e-02 0.000000000000000000e+00
1.025000000000000000e+04 4.099998852670536653e-01 4.852071005917159563e-01 3.631087847064178309e-01 1.230086481565771522e-01 2.867546654528902936e-02 0.000000000000000000e+00
1.050000000000000000e+04 4.199998824686890231e-01 4.640418752844788219e-01 3.858670914883932657e-01 1.288120163859808875e-01 2.116522530723714129e-02 1.137915339098771066e-04
1.075000000000000000e+04 4.299998796703246029e-01 4.449248975876194945e-01 4.037323623122439642e-01 1.284706417842512438e-01 2.287209831588529751e-02 0.000000000000000000e+00
1.100000000000000000e+04 4.399998768719599607e-01 4.292216659080564378e-01 4.330905780609922706e-01 1.206190259444697294e-01 1.706873008648156567e-02 0.000000000000000000e+00
1.125000000000000000e+04 4.499998740735955405e-01 4.069185252617205095e-01 4.536868456986800080e-01 1.244879380974055483e-01 1.490669094219390124e-02 0.000000000000000000e+00
1.150000000000000000e+04 4.599998712752308982e-01 4.054392353208920996e-01 4.475421028675466428e-01 1.345015930814747462e-01 1.251706873008648184e-02 0.000000000000000000e+00
1.175000000000000000e+04 4.699998684768662560e-01 3.957669549385525731e-01 4.514110150204824756e-01 1.409877105143377274e-01 1.183431952662721866e-02 0.000000000000000000e+00
1.200000000000000000e+04 4.799998656785018358e-01 3.995220755575785154e-01 4.574419663177059503e-01 1.291533909877105035e-01 1.388256713700500647e-02 0.000000000000000000e+00
1.225000000000000000e+04 4.899998628801371936e-01 3.847291761492944717e-01 4.802002730996813851e-01 1.228948566226672756e-01 1.217569412835685025e-02 0.000000000000000000e+00
1.250000000000000000e+04 4.999998600817727734e-01 3.752844788347746707e-01 4.787209831588529751e-01 1.385980883022303045e-01 7.396449704142011444e-03 0.000000000000000000e+00
1.275000000000000000e+04 5.099998572834081312e-01 3.724396904870277414e-01 4.787209831588529751e-01 1.400773782430587144e-01 8.761948111060537808e-03 0.000000000000000000e+00
1.300000000000000000e+04 5.199998544850434889e-01 3.700500682749203185e-01 4.696176604460627901e-01 1.512289485662266786e-01 9.103322712790167665e-03 0.000000000000000000e+00
1.325000000000000000e+04 5.299998516866790688e-01 3.676604460628129512e-01 4.599453800637232637e-01 1.626081019572143960e-01 9.786071916249430847e-03 0.000000000000000000e+00
1.350000000000000000e+04 5.399998488883144265e-01 3.720983158852981254e-01 4.572143832498862248e-01 1.615839781520254925e-01 9.103322712790167665e-03 0.000000000000000000e+00
1.375000000000000000e+04 5.499998460899500063e-01 3.752844788347746707e-01 4.536868456986800080e-01 1.614701866181156020e-01 9.558488848429677609e-03 0.000000000000000000e+00
1.400000000000000000e+04 5.599998432915853641e-01 3.788120163859808875e-01 4.531178880291306110e-01 1.602184797451069731e-01 7.851615839781519654e-03 0.000000000000000000e+00
1.425000000000000000e+04 5.699998404932209439e-01 3.966772872098315861e-01 4.272872098315885214e-01 1.676149294492489672e-01 8.420573509330906217e-03 0.000000000000000000e+00
1.450000000000000000e+04 5.799998376948563017e-01 4.033909877105143482e-01 4.136322257624032717e-01 1.703459262630860338e-01 1.263086026399635846e-02 0.000000000000000000e+00
1.475000000000000000e+04 5.899998348964916595e-01 3.974738279472007085e-01 4.376422394173873354e-01 1.537323623122439642e-01 1.115157032316795548e-02 0.000000000000000000e+00
1.500000000000000000e+04 5.999998320981272393e-01 3.781292671825216001e-01 4.572143832498862248e-01 1.561219845243513871e-01 8.534365043240782836e-03 0.000000000000000000e+00
1.525000000000000000e+04 6.099998292997625970e-01 3.727810650887574129e-01 4.742831133363678009e-01 1.442876649977241632e-01 8.648156577150659455e-03 0.000000000000000000e+00
1.550000000000000000e+04 6.199998265013981769e-01 3.678880291306326766e-01 4.990896677287209870e-01 1.225534820209376458e-01 1.046882111970869403e-02 0.000000000000000000e+00
1.575000000000000000e+04 6.299998237030335346e-01 3.576467910787437532e-01 4.635867091488393155e-01 1.694355939918070209e-01 9.330905780609922637e-03 0.000000000000000000e+00
1.600000000000000000e+04 6.399998209046688924e-01 3.429676832043696000e-01 4.602867546654528796e-01 1.887801547564861293e-01 7.965407373691398007e-03 0.000000000000000000e+00
1.625000000000000000e+04 6.499998181063044722e-01 3.336367774237596895e-01 4.659763313609467383e-01 1.909421939007737712e-01 9.444697314519799256e-03 0.000000000000000000e+00
1.650000000000000000e+04 6.599998153079398300e-01 3.337505689576695245e-01 4.635867091488393155e-01 1.932180245789713313e-01 9.444697314519799256e-03 0.000000000000000000e+00
1.675000000000000000e+04 6.699998125095754098e-01 3.288575329995448437e-01 4.848657259899863403e-01 1.786527082385070686e-01 7.624032771961766417e-03 0.000000000000000000e+00
1.700000000000000000e+04 6.799998097112107676e-01 3.185025034137460298e-01 4.722348657259899940e-01 2.042558033682294050e-01 5.006827492034592909e-03 0.000000000000000000e+00
1.725000000000000000e+04 6.899998069128463474e-01 3.075785161583978189e-01 4.763313609467455523e-01 2.098315885298133732e-01 6.258534365043240920e-03 0.000000000000000000e+00
1.750000000000000000e+04 6.999998041144817051e-01 2.965407373691397175e-01 4.875967228038233792e-01 2.094902139280837572e-01 6.372325898953117539e-03 0.000000000000000000e+00
1.775000000000000000e+04 7.099998013161170629e-01 2.941511151570322946e-01 5.067137005006827621e-01 1.931042330450614408e-01 6.030951297223486815e-03 0.000000000000000000e+00
1.800000000000000000e+04 7.199997985177526427e-01 2.966545289030496080e-01 5.559854346836595740e-01 1.397360036413290985e-01 7.624032771961766417e-03 0.000000000000000000e+00
1.825000000000000000e+04 7.299997957193880005e-01 2.943786982248520756e-01 5.978607191624942807e-01 1.028675466545289074e-01 4.893035958124715423e-03 0.000000000000000000e+00
1.850000000000000000e+04 7.399997929210235803e-01 2.944924897587619661e-01 5.724852071005916976e-01 1.258534365043240677e-01 7.168866636322257339e-03 0.000000000000000000e+00
1.875000000000000000e+04 7.499997901226589381e-01 2.968821119708693890e-01 5.295857988165680874e-01 1.684114701866181174e-01 5.120619025944469528e-03 0.000000000000000000e+00
1.900000000000000000e+04 7.599997873242945179e-01 2.930131998179335562e-01 5.306099226217569909e-01 1.714838416021848000e-01 4.893035958124715423e-03 0.000000000000000000e+00
1.925000000000000000e+04 7.699997845259298757e-01 2.902822030040965173e-01 5.147928994082839882e-01 1.904870277651342647e-01 4.437869822485207214e-03 0.000000000000000000e+00
1.950000000000000000e+04 7.799997817275652334e-01 2.895994538006372299e-01 5.015930814747382449e-01 2.051661356395084179e-01 3.641329085116067413e-03 0.000000000000000000e+00
1.975000000000000000e+04 7.899997789292008132e-01 2.949476558944014726e-01 4.837278106508875464e-01 2.167728720983158885e-01 4.551661356395083832e-03 0.000000000000000000e+00
2.000000000000000000e+04 7.999997761308361710e-01 3.133818843878015681e-01 4.623350022758306865e-01 2.174556213017751483e-01 6.827492034592626616e-03 0.000000000000000000e+00
2.025000000000000000e+04 8.099997733324717508e-01 3.130405097860718966e-01 4.453800637232590010e-01 2.357760582612653533e-01 5.803368229403732710e-03 0.000000000000000000e+00
2.050000000000000000e+04 8.199997705341071086e-01 3.123577605826126646e-01 4.674556213017751483e-01 2.138142922166590687e-01 6.372325898953117539e-03 0.000000000000000000e+00
2.075000000000000000e+04 8.299997677357424664e-01 3.323850705507510050e-01 4.931725079654073474e-01 1.688666363222576239e-01 5.575785161583977738e-03 0.000000000000000000e+00
2.100000000000000000e+04 8.399997649373780462e-01 3.320436959490213891e-01 4.879380974055530507e-01 1.711424670004551563e-01 8.875739644970414427e-03 0.000000000000000000e+00
2.125000000000000000e+04 8.499997621390134039e-01 3.265817023213473114e-01 4.931725079654073474e-01 1.734182976786527164e-01 6.827492034592626616e-03 0.000000000000000000e+00
2.150000000000000000e+04 8.599997593406489838e-01 3.257851615839781334e-01 4.780382339553937432e-01 1.860491579426490627e-01 1.012744651797906244e-02 0.000000000000000000e+00
2.175000000000000000e+04 8.699997565422843415e-01 3.227127901684114786e-01 4.667728720983158608e-01 2.001593081474738189e-01 1.035502958579881741e-02 0.000000000000000000e+00
2.200000000000000000e+04 8.799997537439199213e-01 3.251024123805189014e-01 4.639280837505689314e-01 2.049385525716886647e-01 6.030951297223486815e-03 0.000000000000000000e+00
2.225000000000000000e+04 8.899997509455552791e-01 3.269230769230769273e-01 4.639280837505689314e-01 2.000455166135639562e-01 8.989531178880291046e-03 1.137915339098771066e-04
2.250000000000000000e+04 8.999997481471906369e-01 3.323850705507510050e-01 4.675694128356850388e-01 1.919663177059626746e-01 8.079198907601274626e-03 0.000000000000000000e+00
2.275000000000000000e+04 9.099997453488262167e-01 3.239644970414201075e-01 4.901001365498406925e-01 1.796768320436959443e-01 6.258534365043240920e-03 0.000000000000000000e+00
2.300000000000000000e+04 9.199997425504615745e-01 3.142922166590805810e-01 5.725989986345015881e-01 1.079881656804733692e-01 5.120619025944469528e-03 0.000000000000000000e+00
2.325000000000000000e+04 9.299997397520971543e-01 3.020027309968138507e-01 5.545061447428311086e-01 1.391670459717797015e-01 4.324078288575329727e-03 0.000000000000000000e+00
2.350000000000000000e+04 9.399997369537325120e-01 3.072371415566682029e-01 5.397132453345471204e-01 1.464497041420118328e-01 6.599908966772872511e-03 0.000000000000000000e+00
2.375000000000000000e+04 9.499997341553678698e-01 3.096267637687756258e-01 5.376649977241693135e-01 1.472462448793809831e-01 5.461993627674101119e-03 0.000000000000000000e+00
2.400000000000000000e+04 9.599997313570034496e-01 3.080336822940373254e-01 5.523441055985435222e-01 1.335912608101957333e-01 6.030951297223486815e-03 0.000000000000000000e+00
2.425000000000000000e+04 9.699997285586388074e-01 3.152025489303595940e-01 5.475648611743286764e-01 1.317705962676376796e-01 5.461993627674101119e-03 0.000000000000000000e+00
2.450000000000000000e+04 9.799997257602743872e-01 3.188438780154756458e-01 5.540509786071916576e-01 1.219845243513882627e-01 5.120619025944469528e-03 0.000000000000000000e+00
2.475000000000000000e+04 9.899997229619097450e-01 3.163404642694583324e-01 5.665680473372780579e-01 1.129949931725079681e-01 4.096495220755575623e-03 0.000000000000000000e+00
2.500000000000000000e+04 9.999997201635453248e-01 3.171370050068275104e-01 5.712335002275830131e-01 1.074192080109239861e-01 4.210286754665453109e-03 0.000000000000000000e+00
