# itime ezz other fcc hcp bcc ico
0.000000000000000000e+00 0.000000000000000000e+00 0.000000000000000000e+00 1.000000000000000000e+00 0.000000000000000000e+00 0.000000000000000000e+00 0.000000000000000000e+00
5.000000000000000000e+01 1.999994599251708749e-03 0.000000000000000000e+00 1.000000000000000000e+00 0.000000000000000000e+00 0.000000000000000000e+00 0.000000000000000000e+00
1.000000000000000000e+02 3.999989198503639543e-03 0.000000000000000000e+00 1.000000000000000000e+00 0.000000000000000000e+00 0.000000000000000000e+00 0.000000000000000000e+00
1.500000000000000000e+02 5.999983797755348292e-03 0.000000000000000000e+00 1.000000000000000000e+00 0.000000000000000000e+00 0.000000000000000000e+00 0.000000000000000000e+00
2.000000000000000000e+02 7.999978397007279085e-03 0.000000000000000000e+00 1.000000000000000000e+00 0.000000000000000000e+00 0.000000000000000000e+00 0.000000000000000000e+00
2.500000000000000000e+02 9.999972996258987834e-03 0.000000000000000000e+00 1.000000000000000000e+00 0.000000000000000000e+00 0.000000000000000000e+00 0.000000000000000000e+00
3.000000000000000000e+02 1.199996759551069658e-02 0.000000000000000000e+00 1.000000000000000000e+00 0.000000000000000000e+00 0.000000000000000000e+00 0.000000000000000000e+00
3.500000000000000000e+02 1.399996219476262738e-02 0.000000000000000000e+00 1.000000000000000000e+00 0.000000000000000000e+00 0.000000000000000000e+00 0.000000000000000000e+00
4.000000000000000000e+02 1.599995679401433613e-02 0.000000000000000000e+00 1.000000000000000000e+00 0.000000000000000000e+00 0.000000000000000000e+00 0.000000000000000000e+00
4.500000000000000000e+02 1.799995139326626692e-02 0.000000000000000000e+00 1.000000000000000000e+00 0.000000000000000000e+00 0.000000000000000000e+00 0.000000000000000000e+00
5.000000000000000000e+02 1.999994599251797567e-02 0.000000000000000000e+00 1.000000000000000000e+00 0.000000000000000000e+00 0.000000000000000000e+00 0.000000000000000000e+00
5.500000000000000000e+02 2.199994059176968442e-02 0.000000000000000000e+00 1.000000000000000000e+00 0.000000000000000000e+00 0.000000000000000000e+00 0.000000000000000000e+00
6.000000000000000000e+02 2.399993519102161521e-02 0.000000000000000000e+00 1.000000000000000000e+00 0.000000000000000000e+00 0.000000000000000000e+00 0.000000000000000000e+00
6.500000000000000000e+02 2.599992979027332396e-02 0.000000000000000000e+00 1.000000000000000000e+00 0.000000000000000000e+00 0.000000000000000000e+00 0.000000000000000000e+00
7.000000000000000000e+02 2.799992438952525475e-02 0.000000000000000000e+00 1.000000000000000000e+00 0.000000000000000000e+00 0.000000000000000000e+00 0.000000000000000000e+00
7.500000000000000000e+02 2.999991898877696350e-02 0.000000000000000000e+00 1.000000000000000000e+00 0.000000000000000000e+00 0.000000000000000000e+00 0.000000000000000000e+00
8.000000000000000000e+02 3.199991358802889430e-02 0.000000000000000000e+00 1.000000000000000000e+00 0.000000000000000000e+00 0.000000000000000000e+00 0.000000000000000000e+00
8.500000000000000000e+02 3.399990818728060304e-02 0.000000000000000000e+00 1.000000000000000000e+00 0.000000000000000000e+00 0.000000000000000000e+00 0.000000000000000000e+00
9.000000000000000000e+02 3.599990278653231179e-02 0.000000000000000000e+00 1.000000000000000000e+00 0.000000000000000000e+00 0.000000000000000000e+00 0.000000000000000000e+00
9.500000000000000000e+02 3.799989738578424259e-02 0.000000000000000000e+00 1.000000000000000000e+00 0.000000000000000000e+00 0.000000000000000000e+00 0.000000000000000000e+00
1.000000000000000000e+03 3.999989198503595134e-02 0.000000000000000000e+00 1.000000000000000000e+00 0.000000000000000000e+00 0.000000000000000000e+00 0.000000000000000000e+00
1.050000000000000000e+03 4.199988658428788213e-02 0.000000000000000000e+00 1.000000000000000000e+00 0.000000000000000000e+00 0.000000000000000000e+00 0.000000000000000000e+00
1.100000000000000000e+03 4.399988118353959088e-02 0.000000000000000000e+00 1.000000000000000000e+00 0.000000000000000000e+00 0.000000000000000000e+00 0.000000000000000000e+00
1.150000000000000000e+03 4.599987578279129963e-02 0.000000000000000000e+00 1.000000000000000000e+00 0.000000000000000000e+00 0.000000000000000000e+00 0.000000000000000000e+00
1.200000000000000000e+03 4.799987038204323042e-02 0.000000000000000000e+00 1.000000000000000000e+00 0.000000000000000000e+00 0.000000000000000000e+00 0.000000000000000000e+00
1.250000000000000000e+03 4.999986498129493917e-02 0.000000000000000000e+00 1.000000000000000000e+00 0.000000000000000000e+00 0.000000000000000000e+00 0.000000000000000000e+00
1.300000000000000000e+03 5.199985958054686996e-02 0.000000000000000000e+00 1.000000000000000000e+00 0.000000000000000000e+00 0.000000000000000000e+00 0.000000000000000000e+00
1.350000000000000000e+03 5.399985417979857871e-02 0.000000000000000000e+00 1.000000000000000000e+00 0.000000000000000000e+00 0.000000000000000000e+00 0.000000000000000000e+00
1.400000000000000000e+03 5.599984877905028746e-02 0.000000000000000000e+00 1.000000000000000000e+00 0.000000000000000000e+00 0.000000000000000000e+00 0.000000000000000000e+00
1.450000000000000000e+03 5.799984337830221826e-02 0.000000000000000000e+00 1.000000000000000000e+00 0.000000000000000000e+00 0.000000000000000000e+00 0.000000000000000000e+00
1.500000000000000000e+03 5.999983797755392700e-02 0.000000000000000000e+00 1.000000000000000000e+00 0.000000000000000000e+00 0.000000000000000000e+00 0.000000000000000000e+00
1.550000000000000000e+03 6.199983257680585780e-02 0.000000000000000000e+00 1.000000000000000000e+00 0.000000000000000000e+00 0.000000000000000000e+00 0.000000000000000000e+00
1.600000000000000000e+03 6.399982717605756655e-02 0.000000000000000000e+00 1.000000000000000000e+00 0.000000000000000000e+00 0.000000000000000000e+00 0.000000000000000000e+00
1.650000000000000000e+03 6.599982177530927530e-02 1.137915339098771066e-04 9.998862084660901095e-01 0.000000000000000000e+00 0.000000000000000000e+00 0.000000000000000000e+00
1.700000000000000000e+03 6.799981637456120609e-02 0.000000000000000000e+00 1.000000000000000000e+00 0.000000000000000000e+00 0.000000000000000000e+00 0.000000000000000000e+00
1.750000000000000000e+03 6.999981097381291484e-02 0.000000000000000000e+00 1.000000000000000000e+00 0.000000000000000000e+00 0.000000000000000000e+00 0.000000000000000000e+00
1.800000000000000000e+03 7.199980557306484563e-02 0.000000000000000000e+00 1.000000000000000000e+00 0.000000000000000000e+00 0.000000000000000000e+00 0.000000000000000000e+00
1.850000000000000000e+03 7.399980017231655438e-02 0.000000000000000000e+00 1.000000000000000000e+00 0.000000000000000000e+00 0.000000000000000000e+00 0.000000000000000000e+00
1.900000000000000000e+03 7.599979477156826313e-02 0.000000000000000000e+00 1.000000000000000000e+00 0.000000000000000000e+00 0.000000000000000000e+00 0.000000000000000000e+00
1.950000000000000000e+03 7.799978937082019392e-02 0.000000000000000000e+00 1.000000000000000000e+00 0.000000000000000000e+00 0.000000000000000000e+00 0.000000000000000000e+00
2.000000000000000000e+03 7.999978397007190267e-02 3.413746017296313199e-04 9.996586253982703285e-01 0.000000000000000000e+00 0.000000000000000000e+00 0.000000000000000000e+00
2.050000000000000000e+03 8.199977856932383347e-02 0.000000000000000000e+00 1.000000000000000000e+00 0.000000000000000000e+00 0.000000000000000000e+00 0.000000000000000000e+00
2.100000000000000000e+03 8.399977316857554221e-02 7.965407373691396923e-04 9.992034592626308775e-01 0.000000000000000000e+00 0.000000000000000000e+00 0.000000000000000000e+00
2.150000000000000000e+03 8.599976776782725096e-02 0.000000000000000000e+00 1.000000000000000000e+00 0.000000000000000000e+00 0.000000000000000000e+00 0.000000000000000000e+00
2.200000000000000000e+03 8.799976236707918176e-02 1.137915339098770958e-03 9.988620846609012061e-01 0.000000000000000000e+00 0.000000000000000000e+00 0.000000000000000000e+00
2.250000000000000000e+03 8.999975696633089051e-02 1.593081474738279385e-03 9.984069185252617551e-01 0.000000000000000000e+00 0.000000000000000000e+00 0.000000000000000000e+00
2.300000000000000000e+03 9.199975156558282130e-02 1.820664542558033706e-03 9.981793354574419741e-01 0.000000000000000000e+00 0.000000000000000000e+00 0.000000000000000000e+00
2.350000000000000000e+03 9.399974616483453005e-02 1.820664542558033706e-03 9.981793354574419741e-01 0.000000000000000000e+00 0.000000000000000000e+00 0.000000000000000000e+00
2.400000000000000000e+03 9.599974076408646084e-02 6.827492034592626399e-04 9.993172507965407680e-01 0.000000000000000000e+00 0.000000000000000000e+00 0.000000000000000000e+00
2.450000000000000000e+03 9.799973536333816959e-02 1.934456076467910759e-03 9.980655439235320836e-01 0.000000000000000000e+00 0.000000000000000000e+00 0.000000000000000000e+00
2.500000000000000000e+03 9.999972996258987834e-02 2.617205279927173507e-03 9.972690031861629611e-01 0.000000000000000000e+00 1.137915339098771066e-04 0.000000000000000000e+00
2.550000000000000000e+03 1.019997245618418091e-01 2.730996813837050560e-03 9.972690031861629611e-01 0.000000000000000000e+00 0.000000000000000000e+00 0.000000000000000000e+00
2.600000000000000000e+03 1.039997191610935179e-01 3.299954483386436255e-03 9.965862539827037292e-01 0.000000000000000000e+00 1.137915339098771066e-04 0.000000000000000000e+00
2.650000000000000000e+03 1.059997137603454487e-01 7.737824305871643035e-03 9.921483841602184439e-01 0.000000000000000000e+00 1.137915339098771066e-04 0.000000000000000000e+00
2.700000000000000000e+03 1.079997083595971574e-01 8.648156577150659455e-03 9.912380518889394310e-01 0.000000000000000000e+00 1.137915339098771066e-04 0.000000000000000000e+00
2.750000000000000000e+03 1.099997029588488662e-01 7.168866636322257339e-03 9.927173418297678964e-01 0.000000000000000000e+00 1.137915339098771066e-04 0.000000000000000000e+00
2.800000000000000000e+03 1.119996975581007970e-01 9.444697314519799256e-03 9.898725534820209671e-01 0.000000000000000000e+00 6.827492034592626399e-04 0.000000000000000000e+00
2.850000000000000000e+03 1.139996921573525057e-01 1.843422849340009204e-02 9.795175238962221531e-01 0.000000000000000000e+00 2.048247610377787811e-03 0.000000000000000000e+00
2.900000000000000000e+03 1.159996867566044365e-01 2.298588984979517413e-02 9.728038233955393910e-01 0.000000000000000000e+00 4.210286754665453109e-03 0.000000000000000000e+00
2.950000000000000000e+03 1.179996813558561453e-01 4.119253527537550946e-02 9.472007282658170269e-01 0.000000000000000000e+00 1.160673645880746542e-02 0.000000000000000000e+00
3.000000000000000000e+03 1.199996759551078540e-01 7.965407373691398007e-02 8.575329995448338627e-01 0.000000000000000000e+00 6.281292671825215723e-02 0.000000000000000000e+00
3.050000000000000000e+03 1.219996705543597848e-01 2.083522985889849910e-01 5.593991807009558448e-01 0.000000000000000000e+00 2.322485207100591642e-01 0.000000000000000000e+00
3.100000000000000000e+03 1.239996651536114936e-01 3.730086481565771384e-01 2.158625398270368756e-01 1.137915339098771066e-04 4.110150204824761233e-01 0.000000000000000000e+00
3.150000000000000000e+03 1.259996597528634243e-01 3.536640873918980299e-01 1.073054164770141095e-01 1.137915339098771066e-04 5.389167045971779979e-01 0.000000000000000000e+00
3.200000000000000000e+03 1.279996543521151331e-01 3.414883932635411901e-01 7.305416477014110843e-02 3.413746017296313199e-04 5.851160673645880994e-01 0.000000000000000000e+00
3.250000000000000000e+03 1.299996489513668418e-01 3.337505689576695245e-01 9.581247155211652933e-02 2.162039144287664864e-03 5.682749203459263043e-01 0.000000000000000000e+00
3.300000000000000000e+03 1.319996435506187726e-01 2.360036413290851065e-01 1.209604005461993592e-01 1.183431952662721866e-02 6.312016385980883104e-01 0.000000000000000000e+00
3.350000000000000000e+03 1.339996381498704814e-01 2.762858443331815961e-01 1.011606736458807443e-01 2.719617660446062984e-02 5.953573054164770229e-01 0.000000000000000000e+00
3.400000000000000000e+03 1.359996327491224122e-01 3.104233045061447482e-01 1.200500682749203463e-01 5.894401456531633832e-02 5.105826126536185949e-01 0.000000000000000000e+00
3.450000000000000000e+03 1.379996273483741209e-01 3.607191624943104080e-01 1.620391442876649990e-01 1.182294037323623065e-01 3.590122894856622726e-01 0.000000000000000000e+00
3.500000000000000000e+03 1.399996219476258297e-01 3.794947655894401195e-01 2.160901228948566288e-01 1.733045061447428259e-01 2.311106053709603980e-01 0.000000000000000000e+00
3.550000000000000000e+03 1.419996165468777605e-01 3.719845243513882349e-01 2.496586253982703563e-01 1.961766044606281234e-01 1.821802457897132577e-01 0.000000000000000000e+00
3.600000000000000000e+03 1.439996111461294692e-01 3.651570323167956378e-01 2.464724624487938109e-01 2.170004551661356418e-01 1.713700500682749095e-01 0.000000000000000000e+00
3.650000000000000000e+03 1.459996057453814000e-01 3.645880746472462408e-01 2.403277196176604458e-01 2.214383249886208438e-01 1.736458807464724696e-01 0.000000000000000000e+00
3.700000000000000000e+03 1.479996003446331088e-01 3.587847064178424916e-01 2.303140646335912478e-01 2.272416932180245652e-01 1.836595357305416398e-01 0.000000000000000000e+00
3.750000000000000000e+03 1.499995949438850396e-01 3.701638598088302090e-01 2.312243969048702885e-01 2.420345926263086089e-01 1.565771506599908935e-01 0.000000000000000000e+00
3.800000000000000000e+03 1.519995895431367483e-01 3.706190259444697155e-01 2.368001820664542567e-01 2.421483841602184717e-01 1.504324078288575284e-01 0.000000000000000000e+00
3.850000000000000000e+03 1.539995841423884571e-01 3.892808375056895920e-01 2.396449704142011861e-01 2.380518889394629134e-01 1.330223031406463363e-01 0.000000000000000000e+00
3.900000000000000000e+03 1.559995787416403878e-01 3.864360491579426626e-01 2.437414656349567721e-01 2.534137460172963263e-01 1.164087391898042806e-01 0.000000000000000000e+00
3.950000000000000000e+03 1.579995733408920966e-01 3.840464269458352398e-01 2.468138370505234547e-01 2.604688211197087044e-01 1.086709148839326289e-01 0.000000000000000000e+00
4.000000000000000000e+03 1.599995679401440274e-01 3.913290851160673434e-01 2.495448338643604935e-01 2.678652708238506985e-01 9.126081019572143682e-02 0.000000000000000000e+00
4.050000000000000000e+03 1.619995625393957361e-01 3.954255803368229572e-01 2.447655894401456478e-01 2.710514337733272439e-01 8.875739644970413733e-02 0.000000000000000000e+00
4.100000000000000000e+03 1.639995571386474449e-01 3.998634501593081314e-01 2.445380063723258945e-01 2.663859808830222886e-01 8.921256258534364381e-02 0.000000000000000000e+00
4.150000000000000000e+03 1.659995517378993757e-01 4.043013199817933612e-01 2.487482931269913433e-01 2.613791533909877174e-01 8.557123350022757813e-02 0.000000000000000000e+00
4.200000000000000000e+03 1.679995463371510844e-01 4.057806099226217711e-01 2.485207100591715901e-01 2.587619481110605135e-01 8.693673190714611143e-02 0.000000000000000000e+00
4.250000000000000000e+03 1.699995409364030152e-01 4.109012289485662328e-01 2.529585798816568198e-01 2.624032771961766208e-01 7.373691397360036814e-02 0.000000000000000000e+00
4.300000000000000000e+03 1.719995355356547240e-01 4.111288120163859583e-01 2.518206645425580259e-01 2.634274010013655243e-01 7.362312243969049153e-02 0.000000000000000000e+00
4.350000000000000000e+03 1.739995301349064327e-01 4.114701866181156298e-01 2.514792899408284099e-01 2.675238962221210826e-01 6.952662721893490549e-02 0.000000000000000000e+00
4.400000000000000000e+03 1.759995247341583635e-01 4.179563040509786109e-01 2.470414201183432079e-01 2.645653163404642627e-01 7.043695949021393232e-02 0.000000000000000000e+00
4.450000000000000000e+03 1.779995193334100723e-01 4.254665452890304955e-01 2.473827947200728239e-01 2.611515703231679364e-01 6.599908966772871644e-02 0.000000000000000000e+00
4.500000000000000000e+03 1.799995139326620031e-01 4.267182521620391245e-01 2.551206190259444617e-01 2.674101046882111921e-01 5.075102412380518707e-02 0.000000000000000000e+00
4.550000000000000000e+03 1.819995085319137118e-01 4.305871643149749572e-01 2.548930359581247362e-01 2.730996813837050508e-01 4.142011834319526964e-02 0.000000000000000000e+00
4.600000000000000000e+03 1.839995031311654206e-01 4.280837505689576439e-01 2.619481110605371144e-01 2.687756030951297115e-01 4.119253527537550946e-02 0.000000000000000000e+00
4.650000000000000000e+03 1.859994977304173513e-01 4.267182521620391245e-01 2.634274010013655243e-01 2.728720983158853253e-01 3.698224852071006069e-02 0.000000000000000000e+00
4.700000000000000000e+03 1.879994923296690601e-01 4.287664997724169313e-01 2.710514337733272439e-01 2.662721893491124536e-01 3.390987710514337811e-02 0.000000000000000000e+00
4.750000000000000000e+03 1.899994869289209909e-01 4.316112881201638607e-01 2.717341829767865313e-01 2.654756486117432757e-01 3.117888029130632538e-02 0.000000000000000000e+00
4.800000000000000000e+03 1.919994815281726996e-01 4.297906235776058348e-01 2.713928083750569153e-01 2.616067364588074429e-01 3.720983158852981393e-02 0.000000000000000000e+00
4.850000000000000000e+03 1.939994761274244084e-01 4.283113336367774249e-01 2.749203459262630767e-01 2.631998179335457433e-01 3.356850250341374825e-02 0.000000000000000000e+00
4.900000000000000000e+03 1.959994707266763392e-01 4.243286299499317016e-01 2.833409194355939742e-01 2.625170687300864558e-01 2.981338188438780248e-02 0.000000000000000000e+00
4.950000000000000000e+03 1.979994653259280479e-01 4.220527992717341692e-01 2.898270368684570109e-01 2.565999089667728716e-01 3.152025489303595523e-02 0.000000000000000000e+00
5.000000000000000000e+03 1.999994599251799787e-01 4.261492944924897830e-01 2.875512061902594230e-01 2.544378698224852298e-01 3.186162949476559203e-02 0.000000000000000000e+00
5.050000000000000000e+03 2.019994545244316875e-01 4.210286754665452658e-01 2.971096950386891145e-01 2.479517523896222209e-01 3.390987710514337811e-02 0.000000000000000000e+00
5.100000000000000000e+03 2.039994491236833962e-01 4.208010923987255403e-01 2.977924442421484019e-01 2.472690031861629611e-01 3.413746017296313134e-02 0.000000000000000000e+00
5.150000000000000000e+03 2.059994437229353270e-01 4.242148384160218666e-01 3.023441055985434667e-01 2.503413746017296160e-01 2.309968138370505075e-02 0.000000000000000000e+00
5.200000000000000000e+03 2.079994383221870358e-01 4.253527537551206050e-01 3.030268548020027541e-01 2.481793354574419741e-01 2.344105598543468408e-02 0.000000000000000000e+00
5.250000000000000000e+03 2.099994329214389666e-01 4.194355939918070209e-01 3.089440145653163383e-01 2.487482931269913433e-01 2.287209831588529751e-02 0.000000000000000000e+00
5.300000000000000000e+03 2.119994275206906753e-01 4.228493400091033472e-01 3.060992262175694090e-01 2.498862084660901095e-01 2.116522530723714129e-02 0.000000000000000000e+00
5.350000000000000000e+03 2.139994221199426061e-01 4.260355029585798925e-01 3.064406008192990249e-01 2.506827492034592875e-01 1.684114701866181243e-02 0.000000000000000000e+00
5.400000000000000000e+03 2.159994167191943149e-01 4.242148384160218666e-01 3.054164770141101770e-01 2.504551661356395065e-01 1.991351843422849502e-02 0.000000000000000000e+00
5.450000000000000000e+03 2.179994113184460236e-01 4.177287209831588299e-01 3.091715976331361193e-01 2.513654984069185194e-01 2.173418297678652786e-02 0.000000000000000000e+00
5.500000000000000000e+03 2.199994059176979544e-01 4.243286299499317016e-01 3.134956759217114031e-01 2.449931725079654010e-01 1.718252162039144229e-02 0.000000000000000000e+00
5.550000000000000000e+03 2.219994005169496631e-01 4.276285844333181374e-01 3.153163404642694845e-01 2.394173873463814328e-01 1.763768775603095224e-02 0.000000000000000000e+00
5.600000000000000000e+03 2.239993951162015939e-01 4.196631770596267463e-01 3.241920801092398885e-01 2.432862994993172379e-01 1.285844333181611343e-02 0.000000000000000000e+00
5.650000000000000000e+03 2.259993897154533027e-01 4.203459262630860338e-01 3.238507055075102170e-01 2.427173418297678686e-01 1.308602639963586667e-02 0.000000000000000000e+00
5.700000000000000000e+03 2.279993843147050114e-01 4.164770141101502010e-01 3.282885753299954468e-01 2.405553026854801990e-01 1.467910787437414627e-02 0.000000000000000000e+00
5.750000000000000000e+03 2.299993789139569422e-01 4.144287664997723941e-01 3.310195721438324856e-01 2.380518889394629134e-01 1.649977241693217911e-02 0.000000000000000000e+00
5.800000000000000000e+03 2.319993735132086510e-01 4.172735548475193235e-01 3.320436959490213891e-01 2.362312243969048597e-01 1.445152480655439303e-02 0.000000000000000000e+00
5.850000000000000000e+03 2.339993681124605818e-01 4.142011834319526686e-01 3.390987710514337672e-01 2.333864360491579304e-01 1.331360946745562164e-02 0.000000000000000000e+00
5.900000000000000000e+03 2.359993627117122905e-01 4.107874374146563423e-01 3.484296768320436777e-01 2.292899408284023721e-01 1.149294492489758707e-02 0.000000000000000000e+00
5.950000000000000000e+03 2.379993573109639993e-01 4.106736458807464518e-01 3.485434683659535682e-01 2.273554847519344557e-01 1.342740100136549826e-02 0.000000000000000000e+00
6.000000000000000000e+03 2.399993519102159301e-01 4.080564406008193035e-01 3.546882111970869333e-01 2.265589440145653055e-01 1.069640418752844727e-02 0.000000000000000000e+00
6.050000000000000000e+03 2.419993465094676388e-01 4.054392353208920996e-01 3.590122894856622726e-01 2.245106964041875264e-01 1.103777878925807886e-02 0.000000000000000000e+00
6.100000000000000000e+03 2.439993411087195696e-01 4.056668183887118806e-01 3.607191624943104080e-01 2.220072826581702408e-01 1.160673645880746542e-02 0.000000000000000000e+00
6.150000000000000000e+03 2.459993357079712784e-01 4.012289485662266508e-01 3.627674101046882149e-01 2.207555757851615841e-01 1.524806554392353283e-02 0.000000000000000000e+00
6.200000000000000000e+03 2.479993303072229871e-01 4.037323623122439642e-01 3.633363677742376119e-01 2.193900773782430647e-01 1.354119253527537488e-02 0.000000000000000000e+00
6.250000000000000000e+03 2.499993249064749179e-01 4.065771506599908935e-01 3.623122439690487084e-01 2.203004096495220776e-01 1.081019572143832562e-02 0.000000000000000000e+00
6.300000000000000000e+03 2.519993195057266266e-01 4.020254893035958288e-01 3.632225762403277214e-01 2.220072826581702408e-01 1.274465179790623508e-02 0.000000000000000000e+00
6.350000000000000000e+03 2.539993141049785574e-01 4.004324078288575284e-01 3.668639053254437732e-01 2.203004096495220776e-01 1.240327719617660522e-02 0.000000000000000000e+00
6.400000000000000000e+03 2.559993087042302662e-01 4.087391898042785354e-01 3.596950386891215046e-01 2.168866636322257513e-01 1.467910787437414627e-02 0.000000000000000000e+00
6.450000000000000000e+03 2.579993033034819749e-01 4.078288575329995225e-01 3.656121984524351443e-01 2.154073736913973691e-01 1.115157032316795548e-02 0.000000000000000000e+00
6.500000000000000000e+03 2.599992979027339057e-01 4.074874829312699065e-01 3.687983614019116896e-01 2.138142922166590687e-01 9.899863450159307465e-03 0.000000000000000000e+00
6.550000000000000000e+03 2.619992925019856145e-01 3.975876194811105990e-01 3.738051888939463163e-01 2.174556213017751483e-01 1.115157032316795548e-02 0.000000000000000000e+00
6.600000000000000000e+03 2.639992871012375453e-01 3.953117888029130667e-01 3.750568957669549452e-01 2.174556213017751483e-01 1.217569412835685025e-02 0.000000000000000000e+00
6.650000000000000000e+03 2.659992817004892540e-01 3.953117888029130667e-01 3.739189804278561513e-01 2.179107874374146547e-01 1.285844333181611343e-02 0.000000000000000000e+00
6.700000000000000000e+03 2.679992762997411848e-01 3.979289940828402150e-01 3.744879380974055483e-01 2.180245789713245452e-01 9.558488848429677609e-03 0.000000000000000000e+00
6.750000000000000000e+03 2.699992708989928936e-01 3.977014110150204895e-01 3.759672280382339582e-01 2.163177059626763821e-01 1.001365498406918582e-02 0.000000000000000000e+00
6.800000000000000000e+03 2.719992654982446023e-01 3.988393263541192280e-01 3.767637687756030807e-01 2.121074192080109333e-01 1.228948566226672687e-02 0.000000000000000000e+00
6.850000000000000000e+03 2.739992600974965331e-01 3.949704142011834507e-01 3.792671825216203940e-01 2.141556668183887124e-01 1.160673645880746542e-02 0.000000000000000000e+00
6.900000000000000000e+03 2.759992546967482419e-01 3.965634956759216956e-01 3.775603095129722586e-01 2.152935821574874786e-01 1.058261265361857065e-02 0.000000000000000000e+00
6.950000000000000000e+03 2.779992492960001726e-01 3.967910787437414766e-01 3.723258989531179064e-01 2.183659535730541612e-01 1.251706873008648184e-02 0.000000000000000000e+00
7.000000000000000000e+03 2.799992438952518814e-01 3.969048702776513671e-01 3.719845243513882349e-01 2.188211197086936677e-01 1.228948566226672687e-02 0.000000000000000000e+00
7.050000000000000000e+03 2.819992384945035901e-01 4.039599453800637452e-01 3.673190714610832797e-01 2.141556668183887124e-01 1.456531634046426965e-02 0.000000000000000000e+00
7.100000000000000000e+03 2.839992330937555209e-01 3.986117432862995025e-01 3.738051888939463163e-01 2.140418752844788219e-01 1.354119253527537488e-02 0.000000000000000000e+00
7.150000000000000000e+03 2.859992276930072297e-01 3.988393263541192280e-01 3.743741465634956578e-01 2.125625853436504398e-01 1.422394173873463806e-02 0.000000000000000000e+00
7.200000000000000000e+03 2.879992222922591605e-01 4.066909421939007840e-01 3.677742375967227861e-01 2.085798816568047442e-01 1.695493855257168905e-02 0.000000000000000000e+00
7.250000000000000000e+03 2.899992168915108692e-01 4.028220300409649512e-01 3.725534820209376319e-01 2.110832954028220299e-01 1.354119253527537488e-02 0.000000000000000000e+00
7.300000000000000000e+03 2.919992114907625780e-01 4.065771506599908935e-01 3.669776968593536637e-01 2.099453800637232637e-01 1.649977241693217911e-02 0.000000000000000000e+00
7.350000000000000000e+03 2.939992060900145088e-01 4.095357305416477134e-01 3.675466545289030607e-01 2.110832954028220299e-01 1.183431952662721866e-02 0.000000000000000000e+00
7.400000000000000000e+03 2.959992006892662175e-01 4.099908966772872199e-01 3.608329540282202985e-01 2.164314974965862448e-01 1.274465179790623508e-02 0.000000000000000000e+00
7.450000000000000000e+03 2.979991952885181483e-01 4.088529813381884259e-01 3.608329540282202985e-01 2.160901228948566288e-01 1.422394173873463806e-02 0.000000000000000000e+00
7.500000000000000000e+03 2.999991898877698571e-01 4.119253527537551363e-01 3.568502503413745752e-01 2.156349567592171224e-01 1.558944014565316269e-02 0.000000000000000000e+00
7.550000000000000000e+03 3.019991844870215658e-01 4.135184342284933812e-01 3.569640418752844657e-01 2.140418752844788219e-01 1.547564861174328607e-02 0.000000000000000000e+00
7.600000000000000000e+03 3.039991790862734966e-01 4.172735548475193235e-01 3.559399180700955623e-01 2.081247155211652378e-01 1.866181156121984527e-02 0.000000000000000000e+00
7.650000000000000000e+03 3.059991736855252054e-01 4.181838871187983364e-01 3.563950842057350687e-01 2.094902139280837572e-01 1.593081474738279601e-02 0.000000000000000000e+00
7.700000000000000000e+03 3.079991682847771362e-01 4.230769230769230727e-01 3.553709604005462208e-01 2.052799271734183084e-01 1.627218934911242587e-02 0.000000000000000000e+00
7.750000000000000000e+03 3.099991628840288449e-01 4.256941283568502765e-01 3.511606736458807720e-01 2.068730086481565811e-01 1.627218934911242587e-02 0.000000000000000000e+00
7.800000000000000000e+03 3.119991574832805536e-01 4.233045061447428536e-01 3.549157942649067143e-01 2.053937187073281712e-01 1.638598088302230249e-02 0.000000000000000000e+00
7.850000000000000000e+03 3.139991520825324844e-01 4.300182066454255603e-01 3.558261265361857273e-01 2.007282658170232159e-01 1.342740100136549826e-02 0.000000000000000000e+00
7.900000000000000000e+03 3.159991466817841932e-01 4.301319981793354508e-01 3.528675466545289074e-01 2.011834319526627224e-01 1.581702321347291593e-02 0.000000000000000000e+00
7.950000000000000000e+03 3.179991412810361240e-01 4.352526172052799125e-01 3.460400546199362548e-01 2.025489303595812418e-01 1.615839781520254925e-02 0.000000000000000000e+00
8.000000000000000000e+03 3.199991358802878327e-01 4.399180700955848677e-01 3.451297223486572419e-01 2.011834319526627224e-01 1.376877560309512985e-02 0.000000000000000000e+00
8.050000000000000000e+03 3.219991304795395415e-01 4.498179335457441752e-01 3.364815657715066188e-01 2.000455166135639562e-01 1.365498406918525323e-02 0.000000000000000000e+00
8.100000000000000000e+03 3.239991250787914723e-01 4.459490213928083979e-01 3.354574419663177154e-01 2.025489303595812418e-01 1.604460628129267263e-02 0.000000000000000000e+00
8.150000000000000000e+03 3.259991196780431810e-01 4.485662266727355463e-01 3.305644060081929791e-01 2.044833864360491582e-01 1.638598088302230249e-02 0.000000000000000000e+00
8.200000000000000000e+03 3.279991142772951118e-01 4.484524351388256558e-01 3.291989076012744597e-01 2.086936731907146070e-01 1.365498406918525323e-02 0.000000000000000000e+00
8.250000000000000000e+03 3.299991088765468206e-01 4.508420573509330787e-01 3.258989531178880239e-01 2.108557123350022766e-01 1.240327719617660522e-02 0.000000000000000000e+00
8.300000000000000000e+03 3.319991034757987514e-01 4.551661356395084179e-01 3.237369139736003820e-01 2.078971324533454845e-01 1.319981793354574502e-02 0.000000000000000000e+00
8.350000000000000000e+03 3.339990980750504601e-01 4.581247155211652378e-01 3.233955393718707105e-01 2.073281747837960876e-01 1.115157032316795548e-02 0.000000000000000000e+00
8.400000000000000000e+03 3.359990926743021689e-01 4.616522530723713991e-01 3.183887118798361393e-01 2.077833409194355940e-01 1.217569412835685025e-02 0.000000000000000000e+00
8.450000000000000000e+03 3.379990872735540997e-01 4.626763768775603025e-01 3.171370050068275104e-01 2.077833409194355940e-01 1.240327719617660522e-02 0.000000000000000000e+00
8.500000000000000000e+03 3.399990818728058084e-01 4.642694583522986029e-01 3.122439690487027741e-01 2.106281292671825234e-01 1.285844333181611343e-02 0.000000000000000000e+00
8.550000000000000000e+03 3.419990764720577392e-01 4.733727810650887324e-01 3.025716886663632477e-01 2.121074192080109333e-01 1.194811106053709528e-02 0.000000000000000000e+00
8.600000000000000000e+03 3.439990710713094479e-01 4.763313609467455523e-01 3.010923987255348377e-01 2.129039599453800558e-01 9.672280382339554228e-03 0.000000000000000000e+00
8.650000000000000000e+03 3.459990656705611567e-01 4.738279472007282389e-01 2.999544833864360438e-01 2.155211652253072319e-01 1.069640418752844727e-02 0.000000000000000000e+00
8.700000000000000000e+03 3.479990602698130875e-01 4.797451069640418786e-01 2.951752389622211981e-01 2.144970414201183562e-01 1.058261265361857065e-02 0.000000000000000000e+00
8.750000000000000000e+03 3.499990548690647962e-01 4.855484751934456278e-01 2.906235776058261333e-01 2.114246700045516736e-01 1.240327719617660522e-02 0.000000000000000000e+00
8.800000000000000000e+03 3.519990494683167270e-01 4.842967683204369433e-01 2.891442876649977234e-01 2.163177059626763821e-01 1.012744651797906244e-02 1.137915339098771066e-04
8.850000000000000000e+03 3.539990440675684358e-01 4.863450159308147502e-01 2.888029130632681074e-01 2.155211652253072319e-01 9.330905780609922637e-03 0.000000000000000000e+00
8.900000000000000000e+03 3.559990386668201445e-01 4.832726445152480399e-01 2.882339553937187104e-01 2.179107874374146547e-01 1.058261265361857065e-02 0.000000000000000000e+00
8.950000000000000000e+03 3.579990332660720753e-01 4.888484296768320636e-01 2.789030496131087999e-01 2.206417842512516936e-01 1.160673645880746542e-02 0.000000000000000000e+00
9.000000000000000000e+03 3.599990278653237841e-01 4.945380063723259223e-01 2.789030496131087999e-01 2.146108329540282189e-01 1.194811106053709528e-02 0.000000000000000000e+00
9.050000000000000000e+03 3.619990224645757149e-01 4.995448338643604935e-01 2.727583067819754348e-01 2.177969959035047920e-01 9.899863450159307465e-03 0.000000000000000000e+00
9.100000000000000000e+03 3.639990170638274236e-01 5.030723714155667103e-01 2.759444697314519801e-01 2.108557123350022766e-01 1.012744651797906244e-02 0.000000000000000000e+00
9.150000000000000000e+03 3.659990116630791324e-01 5.026172052799271484e-01 2.775375512061902805e-01 2.090350477924442507e-01 1.081019572143832562e-02 0.000000000000000000e+00
9.200000000000000000e+03 3.679990062623310632e-01 5.043240782885752838e-01 2.771961766044606090e-01 2.085798816568047442e-01 9.899863450159307465e-03 0.000000000000000000e+00
9.250000000000000000e+03 3.699990008615827719e-01 5.068274920345926526e-01 2.756030951297223641e-01 2.073281747837960876e-01 1.024123805188893906e-02 0.000000000000000000e+00
9.300000000000000000e+03 3.719989954608347027e-01 5.029585798816568198e-01 2.732134729176149412e-01 2.151797906235776159e-01 8.648156577150659455e-03 0.000000000000000000e+00
9.350000000000000000e+03 3.739989900600864114e-01 5.063723258989530907e-01 2.704824761037779024e-01 2.156349567592171224e-01 7.510241238051888930e-03 0.000000000000000000e+00
9.400000000000000000e+03 3.759989846593381202e-01 5.039827036868457233e-01 2.695721438324988894e-01 2.177969959035047920e-01 8.648156577150659455e-03 0.000000000000000000e+00
9.450000000000000000e+03 3.779989792585900510e-01 5.045516613563950648e-01 2.710514337733272439e-01 2.154073736913973691e-01 8.989531178880291046e-03 0.000000000000000000e+00
9.500000000000000000e+03 3.799989738578417597e-01 5.064861174328629811e-01 2.724169321802457633e-01 2.117660446062812896e-01 9.330905780609922637e-03 0.000000000000000000e+00
9.550000000000000000e+03 3.819989684570936905e-01 5.011379153390987939e-01 2.768548020027309930e-01 2.105143377332726329e-01 1.149294492489758707e-02 0.000000000000000000e+00
9.600000000000000000e+03 3.839989630563453993e-01 4.994310423304506030e-01 2.790168411470186349e-01 2.116522530723714268e-01 9.899863450159307465e-03 0.000000000000000000e+00
9.650000000000000000e+03 3.859989576555973301e-01 4.988620846609012061e-01 2.851615839781520001e-01 2.077833409194355940e-01 8.192990441511151245e-03 0.000000000000000000e+00
9.700000000000000000e+03 3.879989522548490388e-01 4.998862084660901095e-01 2.852753755120618906e-01 2.073281747837960876e-01 7.510241238051888930e-03 0.000000000000000000e+00
9.750000000000000000e+03 3.899989468541009696e-01 5.010241238051889034e-01 2.835685025034137552e-01 2.071005917159763343e-01 8.306781975421027864e-03 0.000000000000000000e+00
9.800000000000000000e+03 3.919989414533526784e-01 5.079654073736914466e-01 2.818616294947655643e-01 2.016385980883022289e-01 8.534365043240782836e-03 0.000000000000000000e+00
9.850000000000000000e+03 3.939989360526041651e-01 5.061447428311333097e-01 2.853891670459717811e-01 1.974283113336367801e-01 1.092398725534820224e-02 1.137915339098771066e-04
9.900000000000000000e+03 3.959989306518563179e-01 5.058033682294037492e-01 2.903959945380063523e-01 1.927628584433318248e-01 1.103777878925807886e-02 0.000000000000000000e+00
9.950000000000000000e+03 3.979989252511082487e-01 5.060309512972235302e-01 2.974510696404187304e-01 1.865043240782885692e-01 1.001365498406918582e-02 0.000000000000000000e+00
1.000000000000000000e+04 3.999989198503597354e-01 5.155894401456531106e-01 2.932407828857532817e-01 1.816112881201638607e-01 9.558488848429677609e-03 0.000000000000000000e+00
1.005000000000000000e+04 4.019989144496114442e-01 5.151342740100136597e-01 2.974510696404187304e-01 1.761492944924897552e-01 1.126536185707783383e-02 0.000000000000000000e+00
1.010000000000000000e+04 4.039989090488633749e-01 5.249203459262631322e-01 2.931269913518434467e-01 1.713700500682749095e-01 1.046882111970869403e-02 1.137915339098771066e-04
1.015000000000000000e+04 4.059989036481153057e-01 5.185480200273099305e-01 2.969959035047792240e-01 1.725079654073737034e-01 1.194811106053709528e-02 0.000000000000000000e+00
1.020000000000000000e+04 4.079988982473670145e-01 5.096722803823395820e-01 3.017751479289940697e-01 1.750113791533909890e-01 1.342740100136549826e-02 1.137915339098771066e-04
1.025000000000000000e+04 4.099988928466187232e-01 5.081929904415111166e-01 3.047337278106508895e-01 1.735320892125625791e-01 1.354119253527537488e-02 0.000000000000000000e+00
1.030000000000000000e+04 4.119988874458706540e-01 5.127446517979061813e-01 3.025716886663632477e-01 1.711424670004551563e-01 1.354119253527537488e-02 0.000000000000000000e+00
1.035000000000000000e+04 4.139988820451225848e-01 5.113791533909877174e-01 3.081474738279472159e-01 1.671597633136094607e-01 1.331360946745562164e-02 0.000000000000000000e+00
1.040000000000000000e+04 4.159988766443742936e-01 5.133136094674556338e-01 3.108784706417842547e-01 1.644287664997724219e-01 1.137915339098771045e-02 0.000000000000000000e+00
1.045000000000000000e+04 4.179988712436257803e-01 5.136549840691853053e-01 3.139508420573509095e-01 1.585116067364588099e-01 1.388256713700500647e-02 0.000000000000000000e+00
1.050000000000000000e+04 4.199988658428777111e-01 5.108101957214383759e-01 3.174783796085571264e-01 1.582840236686390567e-01 1.342740100136549826e-02 0.000000000000000000e+00
1.055000000000000000e+04 4.219988604421298639e-01 5.168411470186617951e-01 3.088302230314064478e-01 1.586253982703686727e-01 1.570323167956303931e-02 0.000000000000000000e+00
1.060000000000000000e+04 4.239988550413813506e-01 5.193445607646790529e-01 3.055302685480200120e-01 1.602184797451069731e-01 1.479289940828402289e-02 1.137915339098771066e-04
1.065000000000000000e+04 4.259988496406330594e-01 5.185480200273099305e-01 3.079198907601274349e-01 1.603322712790168358e-01 1.319981793354574502e-02 0.000000000000000000e+00
1.070000000000000000e+04 4.279988442398849902e-01 5.141101502048247562e-01 3.084888484296768318e-01 1.637460172963131622e-01 1.354119253527537488e-02 1.137915339098771066e-04
1.075000000000000000e+04 4.299988388391369210e-01 5.111515703231679364e-01 3.121301775147928836e-01 1.629494765589440120e-01 1.365498406918525323e-02 1.137915339098771066e-04
1.080000000000000000e+04 4.319988334383886297e-01 5.147928994082839882e-01 3.129267182521620616e-01 1.611288120163859861e-01 1.103777878925807886e-02 1.137915339098771066e-04
1.085000000000000000e+04 4.339988280376403385e-01 5.174101046882112476e-01 3.114474283113336517e-01 1.611288120163859861e-01 1.001365498406918582e-02 0.000000000000000000e+00
1.090000000000000000e+04 4.359988226368922692e-01 5.171825216203914666e-01 3.137232589895311841e-01 1.595357305416477134e-01 9.558488848429677609e-03 0.000000000000000000e+00
1.095000000000000000e+04 4.379988172361442000e-01 5.154756486117433312e-01 3.140646335912608000e-01 1.601046882111970826e-01 1.035502958579881741e-02 0.000000000000000000e+00
1.100000000000000000e+04 4.399988118353956867e-01 5.141101502048247562e-01 3.149749658625398130e-01 1.596495220755575761e-01 1.126536185707783383e-02 0.000000000000000000e+00
1.105000000000000000e+04 4.419988064346473955e-01 5.101274465179790329e-01 3.218024578971324656e-01 1.555530268548019901e-01 1.240327719617660522e-02 1.137915339098771066e-04
1.110000000000000000e+04 4.439988010338993263e-01 5.097860719162494725e-01 3.288575329995448437e-01 1.541875284478834707e-01 7.168866636322257339e-03 0.000000000000000000e+00
1.115000000000000000e+04 4.459987956331512571e-01 5.030723714155667103e-01 3.313609467455621571e-01 1.548702776513427304e-01 1.069640418752844727e-02 0.000000000000000000e+00
1.120000000000000000e+04 4.479987902324029658e-01 4.998862084660901095e-01 3.346609012289485929e-01 1.570323167956304000e-01 8.420573509330906217e-03 0.000000000000000000e+00
1.125000000000000000e+04 4.499987848316546746e-01 5.034137460172962708e-01 3.302230314064633632e-01 1.560081929904415243e-01 1.035502958579881741e-02 0.000000000000000000e+00
1.130000000000000000e+04 4.519987794309066054e-01 5.030723714155667103e-01 3.294264906690942407e-01 1.596495220755575761e-01 7.851615839781519654e-03 0.000000000000000000e+00
1.135000000000000000e+04 4.539987740301585362e-01 5.050068274920346267e-01 3.256713700500682984e-01 1.613563950842057393e-01 7.851615839781519654e-03 1.137915339098771066e-04
