# itime ezz other fcc hcp bcc ico
0.000000000000000000e+00 0.000000000000000000e+00 0.000000000000000000e+00 1.000000000000000000e+00 0.000000000000000000e+00 0.000000000000000000e+00 0.000000000000000000e+00
2.500000000000000000e+01 1.000062752302133262e-03 0.000000000000000000e+00 1.000000000000000000e+00 0.000000000000000000e+00 0.000000000000000000e+00 0.000000000000000000e+00
5.000000000000000000e+01 2.000125504604266524e-03 0.000000000000000000e+00 1.000000000000000000e+00 0.000000000000000000e+00 0.000000000000000000e+00 0.000000000000000000e+00
7.500000000000000000e+01 3.000188256906177742e-03 0.000000000000000000e+00 1.000000000000000000e+00 0.000000000000000000e+00 0.000000000000000000e+00 0.000000000000000000e+00
1.000000000000000000e+02 4.000251009208311004e-03 0.000000000000000000e+00 1.000000000000000000e+00 0.000000000000000000e+00 0.000000000000000000e+00 0.000000000000000000e+00
1.250000000000000000e+02 5.000313761510444266e-03 0.000000000000000000e+00 1.000000000000000000e+00 0.000000000000000000e+00 0.000000000000000000e+00 0.000000000000000000e+00
1.500000000000000000e+02 6.000376513812577528e-03 0.000000000000000000e+00 1.000000000000000000e+00 0.000000000000000000e+00 0.000000000000000000e+00 0.000000000000000000e+00
1.750000000000000000e+02 7.000439266114710790e-03 0.000000000000000000e+00 1.000000000000000000e+00 0.000000000000000000e+00 0.000000000000000000e+00 0.000000000000000000e+00
2.000000000000000000e+02 8.000502018416622008e-03 0.000000000000000000e+00 1.000000000000000000e+00 0.000000000000000000e+00 0.000000000000000000e+00 0.000000000000000000e+00
2.250000000000000000e+02 9.000564770718755270e-03 0.000000000000000000e+00 1.000000000000000000e+00 0.000000000000000000e+00 0.000000000000000000e+00 0.000000000000000000e+00
2.500000000000000000e+02 1.000062752302088853e-02 0.000000000000000000e+00 1.000000000000000000e+00 0.000000000000000000e+00 0.000000000000000000e+00 0.000000000000000000e+00
2.750000000000000000e+02 1.100069027532302179e-02 0.000000000000000000e+00 1.000000000000000000e+00 0.000000000000000000e+00 0.000000000000000000e+00 0.000000000000000000e+00
3.000000000000000000e+02 1.200075302762515506e-02 0.000000000000000000e+00 1.000000000000000000e+00 0.000000000000000000e+00 0.000000000000000000e+00 0.000000000000000000e+00
3.250000000000000000e+02 1.300081577992706627e-02 0.000000000000000000e+00 1.000000000000000000e+00 0.000000000000000000e+00 0.000000000000000000e+00 0.000000000000000000e+00
3.500000000000000000e+02 1.400087853222919954e-02 0.000000000000000000e+00 1.000000000000000000e+00 0.000000000000000000e+00 0.000000000000000000e+00 0.000000000000000000e+00
3.750000000000000000e+02 1.500094128453133280e-02 0.000000000000000000e+00 1.000000000000000000e+00 0.000000000000000000e+00 0.000000000000000000e+00 0.000000000000000000e+00
4.000000000000000000e+02 1.600100403683346606e-02 0.000000000000000000e+00 1.000000000000000000e+00 0.000000000000000000e+00 0.000000000000000000e+00 0.000000000000000000e+00
4.250000000000000000e+02 1.700106678913559932e-02 0.000000000000000000e+00 1.000000000000000000e+00 0.000000000000000000e+00 0.000000000000000000e+00 0.000000000000000000e+00
4.500000000000000000e+02 1.800112954143751054e-02 0.000000000000000000e+00 1.000000000000000000e+00 0.000000000000000000e+00 0.000000000000000000e+00 0.000000000000000000e+00
4.750000000000000000e+02 1.900119229373964380e-02 0.000000000000000000e+00 1.000000000000000000e+00 0.000000000000000000e+00 0.000000000000000000e+00 0.000000000000000000e+00
5.000000000000000000e+02 2.000125504604177706e-02 0.000000000000000000e+00 1.000000000000000000e+00 0.000000000000000000e+00 0.000000000000000000e+00 0.000000000000000000e+00
5.250000000000000000e+02 2.100131779834391033e-02 0.000000000000000000e+00 1.000000000000000000e+00 0.000000000000000000e+00 0.000000000000000000e+00 0.000000000000000000e+00
5.500000000000000000e+02 2.200138055064604359e-02 0.000000000000000000e+00 1.000000000000000000e+00 0.000000000000000000e+00 0.000000000000000000e+00 0.000000000000000000e+00
5.750000000000000000e+02 2.300144330294795481e-02 0.000000000000000000e+00 1.000000000000000000e+00 0.000000000000000000e+00 0.000000000000000000e+00 0.000000000000000000e+00
6.000000000000000000e+02 2.400150605525008807e-02 0.000000000000000000e+00 1.000000000000000000e+00 0.000000000000000000e+00 0.000000000000000000e+00 0.000000000000000000e+00
6.250000000000000000e+02 2.500156880755222133e-02 0.000000000000000000e+00 1.000000000000000000e+00 0.000000000000000000e+00 0.000000000000000000e+00 0.000000000000000000e+00
6.500000000000000000e+02 2.600163155985435459e-02 0.000000000000000000e+00 1.000000000000000000e+00 0.000000000000000000e+00 0.000000000000000000e+00 0.000000000000000000e+00
6.750000000000000000e+02 2.700169431215626581e-02 0.000000000000000000e+00 1.000000000000000000e+00 0.000000000000000000e+00 0.000000000000000000e+00 0.000000000000000000e+00
7.000000000000000000e+02 2.800175706445839907e-02 0.000000000000000000e+00 1.000000000000000000e+00 0.000000000000000000e+00 0.000000000000000000e+00 0.000000000000000000e+00
7.250000000000000000e+02 2.900181981676053233e-02 0.000000000000000000e+00 1.000000000000000000e+00 0.000000000000000000e+00 0.000000000000000000e+00 0.000000000000000000e+00
7.500000000000000000e+02 3.000188256906266560e-02 0.000000000000000000e+00 1.000000000000000000e+00 0.000000000000000000e+00 0.000000000000000000e+00 0.000000000000000000e+00
7.750000000000000000e+02 3.100194532136479886e-02 0.000000000000000000e+00 1.000000000000000000e+00 0.000000000000000000e+00 0.000000000000000000e+00 0.000000000000000000e+00
8.000000000000000000e+02 3.200200807366671008e-02 0.000000000000000000e+00 1.000000000000000000e+00 0.000000000000000000e+00 0.000000000000000000e+00 0.000000000000000000e+00
8.250000000000000000e+02 3.300207082596884334e-02 0.000000000000000000e+00 1.000000000000000000e+00 0.000000000000000000e+00 0.000000000000000000e+00 0.000000000000000000e+00
8.500000000000000000e+02 3.400213357827097660e-02 0.000000000000000000e+00 1.000000000000000000e+00 0.000000000000000000e+00 0.000000000000000000e+00 0.000000000000000000e+00
8.750000000000000000e+02 3.500219633057310986e-02 0.000000000000000000e+00 1.000000000000000000e+00 0.000000000000000000e+00 0.000000000000000000e+00 0.000000000000000000e+00
9.000000000000000000e+02 3.600225908287524312e-02 0.000000000000000000e+00 1.000000000000000000e+00 0.000000000000000000e+00 0.000000000000000000e+00 0.000000000000000000e+00
9.250000000000000000e+02 3.700232183517715434e-02 0.000000000000000000e+00 1.000000000000000000e+00 0.000000000000000000e+00 0.000000000000000000e+00 0.000000000000000000e+00
9.500000000000000000e+02 3.800238458747928760e-02 0.000000000000000000e+00 1.000000000000000000e+00 0.000000000000000000e+00 0.000000000000000000e+00 0.000000000000000000e+00
9.750000000000000000e+02 3.900244733978142087e-02 0.000000000000000000e+00 1.000000000000000000e+00 0.000000000000000000e+00 0.000000000000000000e+00 0.000000000000000000e+00
1.000000000000000000e+03 4.000251009208355413e-02 0.000000000000000000e+00 1.000000000000000000e+00 0.000000000000000000e+00 0.000000000000000000e+00 0.000000000000000000e+00
1.025000000000000000e+03 4.100257284438568739e-02 0.000000000000000000e+00 1.000000000000000000e+00 0.000000000000000000e+00 0.000000000000000000e+00 0.000000000000000000e+00
1.050000000000000000e+03 4.200263559668759861e-02 0.000000000000000000e+00 1.000000000000000000e+00 0.000000000000000000e+00 0.000000000000000000e+00 0.000000000000000000e+00
1.075000000000000000e+03 4.300269834898973187e-02 0.000000000000000000e+00 1.000000000000000000e+00 0.000000000000000000e+00 0.000000000000000000e+00 0.000000000000000000e+00
1.100000000000000000e+03 4.400276110129186513e-02 0.000000000000000000e+00 1.000000000000000000e+00 0.000000000000000000e+00 0.000000000000000000e+00 0.000000000000000000e+00
1.125000000000000000e+03 4.500282385359399839e-02 0.000000000000000000e+00 1.000000000000000000e+00 0.000000000000000000e+00 0.000000000000000000e+00 0.000000000000000000e+00
1.150000000000000000e+03 4.600288660589613166e-02 0.000000000000000000e+00 1.000000000000000000e+00 0.000000000000000000e+00 0.000000000000000000e+00 0.000000000000000000e+00
1.175000000000000000e+03 4.700294935819804287e-02 0.000000000000000000e+00 1.000000000000000000e+00 0.000000000000000000e+00 0.000000000000000000e+00 0.000000000000000000e+00
1.200000000000000000e+03 4.800301211050017614e-02 0.000000000000000000e+00 1.000000000000000000e+00 0.000000000000000000e+00 0.000000000000000000e+00 0.000000000000000000e+00
1.225000000000000000e+03 4.900307486280230940e-02 0.000000000000000000e+00 1.000000000000000000e+00 0.000000000000000000e+00 0.000000000000000000e+00 0.000000000000000000e+00
1.250000000000000000e+03 5.000313761510444266e-02 1.137915339098771066e-04 9.998862084660901095e-01 0.000000000000000000e+00 0.000000000000000000e+00 0.000000000000000000e+00
1.275000000000000000e+03 5.100320036740657592e-02 0.000000000000000000e+00 1.000000000000000000e+00 0.000000000000000000e+00 0.000000000000000000e+00 0.000000000000000000e+00
1.300000000000000000e+03 5.200326311970848714e-02 0.000000000000000000e+00 1.000000000000000000e+00 0.000000000000000000e+00 0.000000000000000000e+00 0.000000000000000000e+00
1.325000000000000000e+03 5.300332587201062040e-02 0.000000000000000000e+00 1.000000000000000000e+00 0.000000000000000000e+00 0.000000000000000000e+00 0.000000000000000000e+00
1.350000000000000000e+03 5.400338862431275366e-02 0.000000000000000000e+00 1.000000000000000000e+00 0.000000000000000000e+00 0.000000000000000000e+00 0.000000000000000000e+00
1.375000000000000000e+03 5.500345137661488693e-02 0.000000000000000000e+00 1.000000000000000000e+00 0.000000000000000000e+00 0.000000000000000000e+00 0.000000000000000000e+00
1.400000000000000000e+03 5.600351412891702019e-02 0.000000000000000000e+00 1.000000000000000000e+00 0.000000000000000000e+00 0.000000000000000000e+00 0.000000000000000000e+00
1.425000000000000000e+03 5.700357688121893140e-02 0.000000000000000000e+00 1.000000000000000000e+00 0.000000000000000000e+00 0.000000000000000000e+00 0.000000000000000000e+00
1.450000000000000000e+03 5.800363963352106467e-02 0.000000000000000000e+00 1.000000000000000000e+00 0.000000000000000000e+00 0.000000000000000000e+00 0.000000000000000000e+00
1.475000000000000000e+03 5.900370238582319793e-02 0.000000000000000000e+00 1.000000000000000000e+00 0.000000000000000000e+00 0.000000000000000000e+00 0.000000000000000000e+00
1.500000000000000000e+03 6.000376513812533119e-02 0.000000000000000000e+00 1.000000000000000000e+00 0.000000000000000000e+00 0.000000000000000000e+00 0.000000000000000000e+00
1.525000000000000000e+03 6.100382789042746445e-02 0.000000000000000000e+00 1.000000000000000000e+00 0.000000000000000000e+00 0.000000000000000000e+00 0.000000000000000000e+00
1.550000000000000000e+03 6.200389064272937567e-02 0.000000000000000000e+00 1.000000000000000000e+00 0.000000000000000000e+00 0.000000000000000000e+00 0.000000000000000000e+00
1.575000000000000000e+03 6.300395339503150893e-02 0.000000000000000000e+00 1.000000000000000000e+00 0.000000000000000000e+00 0.000000000000000000e+00 0.000000000000000000e+00
1.600000000000000000e+03 6.400401614733364219e-02 0.000000000000000000e+00 1.000000000000000000e+00 0.000000000000000000e+00 0.000000000000000000e+00 0.000000000000000000e+00
1.625000000000000000e+03 6.500407889963577546e-02 0.000000000000000000e+00 1.000000000000000000e+00 0.000000000000000000e+00 0.000000000000000000e+00 0.000000000000000000e+00
1.650000000000000000e+03 6.600414165193790872e-02 0.000000000000000000e+00 1.000000000000000000e+00 0.000000000000000000e+00 0.000000000000000000e+00 0.000000000000000000e+00
1.675000000000000000e+03 6.700420440423981994e-02 0.000000000000000000e+00 1.000000000000000000e+00 0.000000000000000000e+00 0.000000000000000000e+00 0.000000000000000000e+00
1.700000000000000000e+03 6.800426715654195320e-02 0.000000000000000000e+00 1.000000000000000000e+00 0.000000000000000000e+00 0.000000000000000000e+00 0.000000000000000000e+00
1.725000000000000000e+03 6.900432990884408646e-02 0.000000000000000000e+00 1.000000000000000000e+00 0.000000000000000000e+00 0.000000000000000000e+00 0.000000000000000000e+00
1.750000000000000000e+03 7.000439266114621972e-02 0.000000000000000000e+00 1.000000000000000000e+00 0.000000000000000000e+00 0.000000000000000000e+00 0.000000000000000000e+00
1.775000000000000000e+03 7.100445541344813094e-02 0.000000000000000000e+00 1.000000000000000000e+00 0.000000000000000000e+00 0.000000000000000000e+00 0.000000000000000000e+00
1.800000000000000000e+03 7.200451816575026420e-02 0.000000000000000000e+00 1.000000000000000000e+00 0.000000000000000000e+00 0.000000000000000000e+00 0.000000000000000000e+00
1.825000000000000000e+03 7.300458091805239746e-02 3.413746017296313199e-04 9.996586253982703285e-01 0.000000000000000000e+00 0.000000000000000000e+00 0.000000000000000000e+00
1.850000000000000000e+03 7.400464367035453073e-02 0.000000000000000000e+00 1.000000000000000000e+00 0.000000000000000000e+00 0.000000000000000000e+00 0.000000000000000000e+00
1.875000000000000000e+03 7.500470642265666399e-02 0.000000000000000000e+00 1.000000000000000000e+00 0.000000000000000000e+00 0.000000000000000000e+00 0.000000000000000000e+00
1.900000000000000000e+03 7.600476917495857521e-02 4.551661356395084266e-04 9.995448338643604380e-01 0.000000000000000000e+00 0.000000000000000000e+00 0.000000000000000000e+00
1.925000000000000000e+03 7.700483192726070847e-02 0.000000000000000000e+00 1.000000000000000000e+00 0.000000000000000000e+00 0.000000000000000000e+00 0.000000000000000000e+00
1.950000000000000000e+03 7.800489467956284173e-02 0.000000000000000000e+00 1.000000000000000000e+00 0.000000000000000000e+00 0.000000000000000000e+00 0.000000000000000000e+00
1.975000000000000000e+03 7.900495743186497499e-02 0.000000000000000000e+00 1.000000000000000000e+00 0.000000000000000000e+00 0.000000000000000000e+00 0.000000000000000000e+00
2.000000000000000000e+03 8.000502018416710825e-02 4.551661356395084266e-04 9.995448338643604380e-01 0.000000000000000000e+00 0.000000000000000000e+00 0.000000000000000000e+00
2.025000000000000000e+03 8.100508293646901947e-02 4.551661356395084266e-04 9.995448338643604380e-01 0.000000000000000000e+00 0.000000000000000000e+00 0.000000000000000000e+00
2.050000000000000000e+03 8.200514568877115273e-02 0.000000000000000000e+00 1.000000000000000000e+00 0.000000000000000000e+00 0.000000000000000000e+00 0.000000000000000000e+00
2.075000000000000000e+03 8.300520844107328600e-02 0.000000000000000000e+00 1.000000000000000000e+00 0.000000000000000000e+00 0.000000000000000000e+00 0.000000000000000000e+00
2.100000000000000000e+03 8.400527119337541926e-02 0.000000000000000000e+00 1.000000000000000000e+00 0.000000000000000000e+00 0.000000000000000000e+00 0.000000000000000000e+00
2.125000000000000000e+03 8.500533394567755252e-02 0.000000000000000000e+00 1.000000000000000000e+00 0.000000000000000000e+00 0.000000000000000000e+00 0.000000000000000000e+00
2.150000000000000000e+03 8.600539669797946374e-02 3.413746017296313199e-04 9.996586253982703285e-01 0.000000000000000000e+00 0.000000000000000000e+00 0.000000000000000000e+00
2.175000000000000000e+03 8.700545945028159700e-02 7.965407373691396923e-04 9.992034592626308775e-01 0.000000000000000000e+00 0.000000000000000000e+00 0.000000000000000000e+00
2.200000000000000000e+03 8.800552220258373026e-02 3.413746017296313199e-04 9.996586253982703285e-01 0.000000000000000000e+00 0.000000000000000000e+00 0.000000000000000000e+00
2.225000000000000000e+03 8.900558495488586352e-02 4.551661356395084266e-04 9.995448338643604380e-01 0.000000000000000000e+00 0.000000000000000000e+00 0.000000000000000000e+00
2.250000000000000000e+03 9.000564770718799679e-02 1.137915339098770958e-03 9.988620846609012061e-01 0.000000000000000000e+00 0.000000000000000000e+00 0.000000000000000000e+00
2.275000000000000000e+03 9.100571045948990800e-02 1.024123805188893906e-03 9.989758761948110966e-01 0.000000000000000000e+00 0.000000000000000000e+00 0.000000000000000000e+00
2.300000000000000000e+03 9.200577321179204127e-02 2.275830678197542133e-04 9.997724169321802190e-01 0.000000000000000000e+00 0.000000000000000000e+00 0.000000000000000000e+00
2.325000000000000000e+03 9.300583596409417453e-02 4.551661356395084266e-04 9.995448338643604380e-01 0.000000000000000000e+00 0.000000000000000000e+00 0.000000000000000000e+00
2.350000000000000000e+03 9.400589871639630779e-02 1.137915339098770958e-03 9.988620846609012061e-01 0.000000000000000000e+00 0.000000000000000000e+00 0.000000000000000000e+00
2.375000000000000000e+03 9.500596146869844105e-02 5.689576695493854790e-04 9.994310423304506585e-01 0.000000000000000000e+00 0.000000000000000000e+00 0.000000000000000000e+00
2.400000000000000000e+03 9.600602422100035227e-02 4.551661356395084266e-04 9.995448338643604380e-01 0.000000000000000000e+00 0.000000000000000000e+00 0.000000000000000000e+00
2.425000000000000000e+03 9.700608697330248553e-02 1.137915339098770958e-03 9.988620846609012061e-01 0.000000000000000000e+00 0.000000000000000000e+00 0.000000000000000000e+00
2.450000000000000000e+03 9.800614972560461879e-02 1.934456076467910759e-03 9.980655439235320836e-01 0.000000000000000000e+00 0.000000000000000000e+00 0.000000000000000000e+00
2.475000000000000000e+03 9.900621247790675206e-02 3.186162949476558769e-03 9.967000455166135087e-01 0.000000000000000000e+00 1.137915339098771066e-04 0.000000000000000000e+00
2.500000000000000000e+03 1.000062752302088853e-01 2.048247610377787811e-03 9.978379608557123026e-01 0.000000000000000000e+00 1.137915339098771066e-04 0.000000000000000000e+00
2.525000000000000000e+03 1.010063379825107965e-01 2.275830678197541916e-03 9.977241693218024121e-01 0.000000000000000000e+00 0.000000000000000000e+00 0.000000000000000000e+00
2.550000000000000000e+03 1.020064007348129298e-01 2.162039144287664864e-03 9.977241693218024121e-01 0.000000000000000000e+00 1.137915339098771066e-04 0.000000000000000000e+00
2.575000000000000000e+03 1.030064634871150631e-01 3.868912152935821518e-03 9.960172963131542767e-01 0.000000000000000000e+00 1.137915339098771066e-04 0.000000000000000000e+00
2.600000000000000000e+03 1.040065262394171963e-01 3.527537551206190360e-03 9.964724624487938387e-01 0.000000000000000000e+00 0.000000000000000000e+00 0.000000000000000000e+00
2.625000000000000000e+03 1.050065889917193296e-01 6.030951297223486815e-03 9.932862994993172379e-01 0.000000000000000000e+00 6.827492034592626399e-04 0.000000000000000000e+00
2.650000000000000000e+03 1.060066517440212408e-01 4.210286754665453109e-03 9.954483386436049352e-01 0.000000000000000000e+00 3.413746017296313199e-04 0.000000000000000000e+00
2.675000000000000000e+03 1.070067144963233741e-01 7.168866636322257339e-03 9.926035502958580059e-01 0.000000000000000000e+00 2.275830678197542133e-04 0.000000000000000000e+00
2.700000000000000000e+03 1.080067772486255073e-01 5.803368229403732710e-03 9.939690487027764698e-01 0.000000000000000000e+00 2.275830678197542133e-04 0.000000000000000000e+00
2.725000000000000000e+03 1.090068400009276406e-01 7.737824305871643035e-03 9.914656349567592120e-01 0.000000000000000000e+00 7.965407373691396923e-04 0.000000000000000000e+00
2.750000000000000000e+03 1.100069027532297739e-01 9.558488848429677609e-03 9.895311788802912956e-01 0.000000000000000000e+00 9.103322712790168532e-04 0.000000000000000000e+00
2.775000000000000000e+03 1.110069655055316851e-01 1.422394173873463806e-02 9.840691852526172179e-01 0.000000000000000000e+00 1.706873008648156654e-03 0.000000000000000000e+00
2.800000000000000000e+03 1.120070282578338183e-01 1.274465179790623508e-02 9.862312243969049153e-01 0.000000000000000000e+00 1.024123805188893906e-03 0.000000000000000000e+00
2.825000000000000000e+03 1.130070910101359516e-01 1.593081474738279601e-02 9.824761037778789730e-01 0.000000000000000000e+00 1.593081474738279385e-03 0.000000000000000000e+00
2.850000000000000000e+03 1.140071537624380849e-01 1.524806554392353283e-02 9.839553937187073274e-01 0.000000000000000000e+00 7.965407373691396923e-04 0.000000000000000000e+00
2.875000000000000000e+03 1.150072165147402181e-01 2.526172052799271692e-02 9.713245334547109255e-01 0.000000000000000000e+00 3.413746017296313308e-03 0.000000000000000000e+00
2.900000000000000000e+03 1.160072792670421293e-01 2.537551206190259354e-02 9.697314519799726806e-01 0.000000000000000000e+00 4.893035958124715423e-03 0.000000000000000000e+00
2.925000000000000000e+03 1.170073420193442626e-01 3.925807919890760000e-02 9.508420573509330787e-01 0.000000000000000000e+00 9.899863450159307465e-03 0.000000000000000000e+00
2.950000000000000000e+03 1.180074047716463959e-01 5.211652253072371344e-02 9.312699135184342447e-01 0.000000000000000000e+00 1.661356395084205573e-02 0.000000000000000000e+00
2.975000000000000000e+03 1.190074675239485291e-01 6.258534365043240399e-02 8.957669549385525176e-01 0.000000000000000000e+00 4.164770141101502288e-02 0.000000000000000000e+00
3.000000000000000000e+03 1.200075302762504403e-01 1.001365498406918547e-01 8.123577605826126646e-01 0.000000000000000000e+00 8.750568957669549452e-02 0.000000000000000000e+00
3.025000000000000000e+03 1.210075930285525736e-01 1.279016841147018746e-01 6.852526172052799680e-01 0.000000000000000000e+00 1.868456986800182129e-01 0.000000000000000000e+00
3.050000000000000000e+03 1.220076557808547069e-01 2.022075557578516258e-01 4.854346836595357373e-01 0.000000000000000000e+00 3.123577605826126646e-01 0.000000000000000000e+00
3.075000000000000000e+03 1.230077185331568401e-01 2.942649066909421851e-01 2.877787892580792040e-01 2.275830678197542133e-04 4.177287209831588299e-01 0.000000000000000000e+00
3.100000000000000000e+03 1.240077812854589734e-01 3.570778334091943562e-01 1.793354574419663283e-01 1.137915339098771066e-04 4.634729176149294250e-01 0.000000000000000000e+00
3.125000000000000000e+03 1.250078440377608846e-01 3.687983614019116896e-01 1.482703686845698587e-01 2.275830678197542133e-04 4.827036868456986984e-01 0.000000000000000000e+00
3.150000000000000000e+03 1.260079067900630179e-01 3.658397815202548697e-01 1.598771051433773294e-01 7.965407373691396923e-04 4.734865725989986229e-01 0.000000000000000000e+00
3.175000000000000000e+03 1.270079695423651511e-01 3.359126081019572219e-01 2.147246244879381094e-01 1.137915339098771066e-04 4.492489758761948337e-01 0.000000000000000000e+00
3.200000000000000000e+03 1.280080322946672844e-01 3.420573509330905870e-01 2.181383705052344080e-01 5.689576695493854790e-04 4.392353208921256358e-01 0.000000000000000000e+00
3.225000000000000000e+03 1.290080950469694177e-01 3.665225307237141572e-01 2.080109239872553473e-01 1.593081474738279385e-03 4.238734638142921951e-01 0.000000000000000000e+00
3.250000000000000000e+03 1.300081577992713289e-01 3.816568047337278169e-01 1.761492944924897552e-01 6.258534365043240920e-03 4.359353664087392000e-01 0.000000000000000000e+00
3.275000000000000000e+03 1.310082205515734621e-01 3.791533909877105035e-01 1.611288120163859861e-01 1.365498406918525323e-02 4.460628129267182329e-01 0.000000000000000000e+00
3.300000000000000000e+03 1.320082833038755954e-01 3.650432407828857473e-01 1.568047337278106468e-01 2.651342740100136666e-02 4.516385980883022566e-01 0.000000000000000000e+00
3.325000000000000000e+03 1.330083460561777287e-01 3.551433773327264398e-01 1.582840236686390567e-01 4.494765589440145870e-02 4.416249431042330587e-01 0.000000000000000000e+00
3.350000000000000000e+03 1.340084088084798619e-01 3.483158852981338427e-01 1.606736458807464796e-01 6.178880291306326766e-02 4.292216659080564378e-01 0.000000000000000000e+00
3.375000000000000000e+03 1.350084715607817731e-01 3.502503413746017036e-01 1.652253072371415443e-01 7.020937642239417908e-02 4.143149749658625591e-01 0.000000000000000000e+00
3.400000000000000000e+03 1.360085343130839064e-01 3.482020937642239522e-01 1.824078288575330109e-01 7.430587164314975124e-02 3.950842057350932857e-01 0.000000000000000000e+00
3.425000000000000000e+03 1.370085970653860397e-01 3.455848884842967483e-01 1.975421028675466428e-01 8.511606736458807165e-02 3.717569412835685094e-01 0.000000000000000000e+00
3.450000000000000000e+03 1.380086598176881729e-01 3.483158852981338427e-01 2.171142467000455045e-01 9.512972234865725574e-02 3.394401456531633832e-01 0.000000000000000000e+00
3.475000000000000000e+03 1.390087225699903062e-01 3.647018661811561313e-01 2.306554392353208915e-01 1.100364132908511622e-01 2.946062812926718011e-01 0.000000000000000000e+00
3.500000000000000000e+03 1.400087853222922174e-01 3.612881201638598050e-01 2.510241238051889034e-01 1.325671370050068298e-01 2.551206190259444617e-01 0.000000000000000000e+00
3.525000000000000000e+03 1.410088480745943507e-01 3.715293582157487284e-01 2.620619025944469493e-01 1.525944469731451980e-01 2.138142922166590687e-01 0.000000000000000000e+00
3.550000000000000000e+03 1.420089108268964839e-01 3.693673190714610866e-01 2.667273554847519601e-01 1.623805188893946427e-01 2.015248065543923661e-01 0.000000000000000000e+00
3.575000000000000000e+03 1.430089735791986172e-01 3.761948111060536837e-01 2.675238962221210826e-01 1.655666818388711881e-01 1.907146108329540179e-01 0.000000000000000000e+00
3.600000000000000000e+03 1.440090363315007504e-01 3.779016841147018746e-01 2.633136094674556338e-01 1.713700500682749095e-01 1.874146563495675821e-01 0.000000000000000000e+00
3.625000000000000000e+03 1.450090990838026617e-01 3.847291761492944717e-01 2.680928538916704795e-01 1.754665452890304955e-01 1.717114246700045532e-01 0.000000000000000000e+00
3.650000000000000000e+03 1.460091618361047949e-01 3.739189804278561513e-01 2.836822940373236457e-01 1.923076923076923184e-01 1.500910332271279124e-01 0.000000000000000000e+00
3.675000000000000000e+03 1.470092245884069282e-01 3.809740555302685294e-01 2.862994993172507940e-01 1.964041875284478766e-01 1.363222576240327721e-01 0.000000000000000000e+00
3.700000000000000000e+03 1.480092873407090615e-01 3.767637687756030807e-01 2.943786982248520756e-01 1.975421028675466428e-01 1.313154301319981732e-01 0.000000000000000000e+00
3.725000000000000000e+03 1.490093500930111947e-01 3.845015930814747462e-01 2.941511151570322946e-01 1.990213928083750528e-01 1.223258989531178925e-01 0.000000000000000000e+00
3.750000000000000000e+03 1.500094128453131059e-01 3.832498862084661173e-01 3.017751479289940697e-01 1.994765589440145592e-01 1.154984069185252676e-01 0.000000000000000000e+00
3.775000000000000000e+03 1.510094755976152392e-01 3.933773327264451503e-01 3.015475648611743442e-01 2.016385980883022289e-01 1.034365043240782905e-01 0.000000000000000000e+00
3.800000000000000000e+03 1.520095383499173725e-01 3.854119253527537592e-01 3.091715976331361193e-01 2.050523441055985552e-01 1.003641329085116080e-01 0.000000000000000000e+00
3.825000000000000000e+03 1.530096011022195057e-01 3.933773327264451503e-01 3.103095129722348577e-01 2.051661356395084179e-01 9.114701866181156020e-02 0.000000000000000000e+00
3.850000000000000000e+03 1.540096638545216390e-01 3.928083750568957533e-01 3.126991351843422806e-01 1.949248975876194945e-01 9.956759217114247162e-02 0.000000000000000000e+00
3.875000000000000000e+03 1.550097266068235502e-01 3.925807919890760278e-01 3.097405553026854608e-01 1.958352298588985074e-01 1.018434228493400040e-01 0.000000000000000000e+00
3.900000000000000000e+03 1.560097893591256835e-01 3.930359581247155343e-01 3.112198452435138707e-01 1.932180245789713313e-01 1.025261720527992776e-01 0.000000000000000000e+00
3.925000000000000000e+03 1.570098521114278167e-01 3.884842967683204140e-01 3.171370050068275104e-01 1.926490669094219343e-01 1.017296313154301274e-01 0.000000000000000000e+00
3.950000000000000000e+03 1.580099148637299500e-01 3.896222121074192080e-01 3.223714155666818626e-01 1.962903959945380139e-01 9.171597633136094330e-02 0.000000000000000000e+00
3.975000000000000000e+03 1.590099776160320832e-01 3.997496586253982964e-01 3.216886663632225751e-01 1.923076923076923184e-01 8.625398270368685172e-02 0.000000000000000000e+00
4.000000000000000000e+03 1.600100403683339945e-01 3.977014110150204895e-01 3.212335002275830687e-01 1.928766499772416876e-01 8.818843878015475424e-02 0.000000000000000000e+00
4.025000000000000000e+03 1.610101031206361277e-01 4.028220300409649512e-01 3.235093309057806010e-01 1.923076923076923184e-01 8.136094674556212936e-02 0.000000000000000000e+00
4.050000000000000000e+03 1.620101658729382610e-01 3.970186618115612021e-01 3.232817478379608755e-01 1.948111060537096040e-01 8.488848429676831842e-02 0.000000000000000000e+00
4.075000000000000000e+03 1.630102286252403943e-01 4.021392808375056638e-01 3.232817478379608755e-01 1.942421483841602070e-01 8.033682294037323979e-02 0.000000000000000000e+00
4.100000000000000000e+03 1.640102913775423055e-01 4.022530723714155543e-01 3.246472462448793950e-01 1.959490213928083702e-01 7.715065999089668058e-02 0.000000000000000000e+00
4.125000000000000000e+03 1.650103541298444387e-01 4.012289485662266508e-01 3.251024123805189014e-01 1.956076467910787542e-01 7.806099226217569353e-02 0.000000000000000000e+00
4.150000000000000000e+03 1.660104168821465720e-01 4.079426490669094130e-01 3.219162494310423561e-01 1.904870277651342647e-01 7.965407373691398007e-02 0.000000000000000000e+00
4.175000000000000000e+03 1.670104796344487053e-01 4.057806099226217711e-01 3.282885753299954468e-01 1.933318161128811941e-01 7.259899863450158808e-02 0.000000000000000000e+00
4.200000000000000000e+03 1.680105423867508385e-01 4.096495220755576039e-01 3.322712790168411701e-01 1.886663632225762388e-01 6.941283568502502888e-02 0.000000000000000000e+00
4.225000000000000000e+03 1.690106051390527497e-01 4.083978152025489194e-01 3.336367774237596895e-01 1.866181156121984597e-01 7.134729176149294527e-02 0.000000000000000000e+00
4.250000000000000000e+03 1.700106678913548830e-01 4.050978607191624836e-01 3.401228948566226706e-01 1.849112426035502965e-01 6.986800182066454923e-02 0.000000000000000000e+00
4.275000000000000000e+03 1.710107306436570163e-01 4.050978607191624836e-01 3.398953117888028896e-01 1.821802457897132577e-01 7.282658170232134132e-02 0.000000000000000000e+00
4.300000000000000000e+03 1.720107933959591495e-01 4.028220300409649512e-01 3.361401911697769473e-01 1.838871187983613931e-01 7.715065999089668058e-02 0.000000000000000000e+00
4.325000000000000000e+03 1.730108561482612828e-01 4.081702321347291940e-01 3.402366863905325611e-01 1.821802457897132577e-01 6.941283568502502888e-02 0.000000000000000000e+00
4.350000000000000000e+03 1.740109189005631940e-01 4.028220300409649512e-01 3.466090122894856518e-01 1.797906235776058348e-01 7.077833409194356218e-02 0.000000000000000000e+00
4.375000000000000000e+03 1.750109816528653273e-01 4.065771506599908935e-01 3.434228493400091065e-01 1.769458352298589054e-01 7.305416477014110843e-02 0.000000000000000000e+00
4.400000000000000000e+03 1.760110444051674605e-01 4.064633591260810030e-01 3.443331816112881194e-01 1.767182521620391522e-01 7.248520710059171146e-02 0.000000000000000000e+00
4.425000000000000000e+03 1.770111071574695938e-01 4.071461083295402905e-01 3.456986800182066388e-01 1.703459262630860338e-01 7.680928538916705073e-02 0.000000000000000000e+00
4.450000000000000000e+03 1.780111699097717270e-01 4.096495220755576039e-01 3.499089667728720876e-01 1.700045516613563901e-01 7.043695949021393232e-02 0.000000000000000000e+00
4.475000000000000000e+03 1.790112326620736383e-01 4.098771051433773294e-01 3.516158397815202785e-01 1.659080564406008318e-01 7.259899863450158808e-02 0.000000000000000000e+00
4.500000000000000000e+03 1.800112954143757715e-01 4.137460172963131622e-01 3.541192535275375364e-01 1.623805188893946427e-01 6.975421028675465873e-02 0.000000000000000000e+00
4.525000000000000000e+03 1.810113581666779048e-01 4.105598543468366168e-01 3.588984979517523821e-01 1.590805644060081792e-01 7.146108329540282189e-02 0.000000000000000000e+00
4.550000000000000000e+03 1.820114209189800381e-01 4.087391898042785354e-01 3.653846153846153633e-01 1.572598998634501533e-01 6.861629494765589254e-02 0.000000000000000000e+00
4.575000000000000000e+03 1.830114836712821713e-01 4.087391898042785354e-01 3.657259899863450348e-01 1.556668183887118806e-01 6.986800182066454923e-02 0.000000000000000000e+00
4.600000000000000000e+03 1.840115464235840825e-01 4.055530268548019901e-01 3.661811561219845412e-01 1.555530268548019901e-01 7.271279016841146470e-02 0.000000000000000000e+00
4.625000000000000000e+03 1.850116091758862158e-01 3.991807009558488994e-01 3.705052344105598805e-01 1.583978152025489194e-01 7.191624943104232837e-02 0.000000000000000000e+00
4.650000000000000000e+03 1.860116719281883491e-01 4.082840236686390289e-01 3.685707783340919641e-01 1.573736913973600438e-01 6.577150659990896320e-02 0.000000000000000000e+00
4.675000000000000000e+03 1.870117346804904823e-01 4.015703231679563223e-01 3.774465179790623681e-01 1.570323167956304000e-01 6.395084205735093730e-02 0.000000000000000000e+00
4.700000000000000000e+03 1.880117974327926156e-01 4.050978607191624836e-01 3.768775603095129711e-01 1.554392353208921274e-01 6.258534365043240399e-02 0.000000000000000000e+00
4.725000000000000000e+03 1.890118601850945268e-01 3.995220755575785154e-01 3.812016385980883104e-01 1.556668183887118806e-01 6.360946745562130744e-02 0.000000000000000000e+00
4.750000000000000000e+03 1.900119229373966601e-01 3.990669094219390090e-01 3.819981793354574329e-01 1.540737369139736079e-01 6.486117432862995025e-02 0.000000000000000000e+00
4.775000000000000000e+03 1.910119856896987933e-01 4.008875739644970349e-01 3.850705507510241432e-01 1.517979062357760478e-01 6.224396904870277414e-02 0.000000000000000000e+00
4.800000000000000000e+03 1.920120484420009266e-01 3.956531634046426826e-01 3.887118798361401950e-01 1.530496131087847045e-01 6.247155211652252738e-02 1.137915339098771066e-04
4.825000000000000000e+03 1.930121111943030598e-01 3.957669549385525731e-01 3.920118343195266308e-01 1.538461538461538547e-01 5.837505689576695522e-02 0.000000000000000000e+00
4.850000000000000000e+03 1.940121739466049711e-01 3.953117888029130667e-01 3.931497496586254248e-01 1.531634046426945950e-01 5.837505689576695522e-02 0.000000000000000000e+00
4.875000000000000000e+03 1.950122366989071043e-01 3.962221210741920796e-01 3.921256258534365213e-01 1.546426945835229771e-01 5.700955848884842886e-02 0.000000000000000000e+00
4.900000000000000000e+03 1.960122994512092376e-01 3.951979972690031762e-01 3.947428311333636697e-01 1.549840691852526209e-01 5.507510241238051940e-02 0.000000000000000000e+00
4.925000000000000000e+03 1.970123622035113709e-01 3.931497496586254248e-01 3.997496586253982964e-01 1.484979517523896120e-01 5.860263996358670846e-02 0.000000000000000000e+00
4.950000000000000000e+03 1.980124249558135041e-01 3.950842057350932857e-01 4.012289485662266508e-01 1.499772416932180219e-01 5.370960400546199304e-02 0.000000000000000000e+00
4.975000000000000000e+03 1.990124877081154153e-01 3.921256258534365213e-01 4.068047337278106745e-01 1.448566226672735602e-01 5.621301775147929253e-02 0.000000000000000000e+00
5.000000000000000000e+03 2.000125504604175486e-01 3.928083750568957533e-01 4.047564861174328676e-01 1.467910787437414766e-01 5.564406008192990249e-02 0.000000000000000000e+00
5.025000000000000000e+03 2.010126132127196819e-01 3.914428766499772339e-01 4.046426945835229771e-01 1.473600364132908458e-01 5.655439235320892238e-02 0.000000000000000000e+00
5.050000000000000000e+03 2.020126759650218151e-01 3.966772872098315861e-01 4.044151115157032517e-01 1.457669549385525731e-01 5.314064633591260994e-02 0.000000000000000000e+00
5.075000000000000000e+03 2.030127387173239484e-01 4.010013654984069253e-01 4.060081929904414966e-01 1.457669549385525731e-01 4.722348657259899801e-02 0.000000000000000000e+00
5.100000000000000000e+03 2.040128014696258596e-01 3.972462448793809831e-01 4.110150204824761233e-01 1.455393718707328199e-01 4.619936276741010150e-02 0.000000000000000000e+00
5.125000000000000000e+03 2.050128642219279929e-01 3.963359126081019701e-01 4.152253072371415721e-01 1.408739189804278646e-01 4.756486117432862787e-02 0.000000000000000000e+00
5.150000000000000000e+03 2.060129269742301261e-01 3.961083295402821891e-01 4.250113791533909890e-01 1.363222576240327721e-01 4.255803368229403583e-02 0.000000000000000000e+00
5.175000000000000000e+03 2.070129897265322594e-01 3.957669549385525731e-01 4.228493400091033472e-01 1.366636322257624159e-01 4.472007282658170546e-02 0.000000000000000000e+00
5.200000000000000000e+03 2.080130524788343926e-01 3.971324533454710926e-01 4.223941738734638407e-01 1.349567592171142527e-01 4.551661356395084179e-02 0.000000000000000000e+00
5.225000000000000000e+03 2.090131152311363039e-01 3.974738279472007085e-01 4.221665908056440597e-01 1.345015930814747462e-01 4.585798816568047165e-02 0.000000000000000000e+00
5.250000000000000000e+03 2.100131779834384371e-01 3.973600364132908735e-01 4.271734182976786309e-01 1.315430131998179264e-01 4.392353208921256219e-02 0.000000000000000000e+00
5.275000000000000000e+03 2.110132407357405704e-01 3.982703686845698865e-01 4.262630860263996180e-01 1.325671370050068298e-01 4.289940828402366568e-02 0.000000000000000000e+00
5.300000000000000000e+03 2.120133034880427036e-01 3.940600819299044377e-01 4.261492944924897830e-01 1.352981338188438687e-01 4.449248975876194528e-02 0.000000000000000000e+00
5.325000000000000000e+03 2.130133662403446149e-01 3.969048702776513671e-01 4.242148384160218666e-01 1.354119253527537592e-01 4.346836595357305572e-02 0.000000000000000000e+00
5.350000000000000000e+03 2.140134289926467481e-01 3.929221665908056438e-01 4.252389622212107145e-01 1.374601729631315383e-01 4.437869822485206867e-02 0.000000000000000000e+00
5.375000000000000000e+03 2.150134917449488814e-01 3.967910787437414766e-01 4.234182976786526886e-01 1.372325898953117851e-01 4.255803368229403583e-02 0.000000000000000000e+00
5.400000000000000000e+03 2.160135544972510147e-01 3.981565771506599960e-01 4.235320892125625791e-01 1.350705507510241155e-01 4.324078288575330248e-02 0.000000000000000000e+00
5.425000000000000000e+03 2.170136172495531479e-01 3.978152025489303800e-01 4.211424670004551563e-01 1.391670459717797015e-01 4.187528447883477611e-02 0.000000000000000000e+00
5.450000000000000000e+03 2.180136800018550591e-01 4.000910332271279124e-01 4.189804278561675144e-01 1.370050068274920319e-01 4.392353208921256219e-02 0.000000000000000000e+00
5.475000000000000000e+03 2.190137427541571924e-01 3.974738279472007085e-01 4.197769685935366368e-01 1.352981338188438687e-01 4.745106964041875125e-02 0.000000000000000000e+00
5.500000000000000000e+03 2.200138055064593257e-01 4.036185707783340737e-01 4.193218024578971304e-01 1.297223486572599005e-01 4.733727810650887463e-02 0.000000000000000000e+00
5.525000000000000000e+03 2.210138682587614589e-01 3.961083295402821891e-01 4.237596722803823601e-01 1.316568047337278169e-01 4.847519344560764776e-02 0.000000000000000000e+00
5.550000000000000000e+03 2.220139310110635922e-01 3.944014565316340537e-01 4.227355484751934567e-01 1.362084660901228816e-01 4.665452890304961492e-02 0.000000000000000000e+00
5.575000000000000000e+03 2.230139937633655034e-01 3.912152935821575084e-01 4.259217114246700020e-01 1.367774237596722786e-01 4.608557123350022489e-02 0.000000000000000000e+00
5.600000000000000000e+03 2.240140565156676367e-01 3.884842967683204140e-01 4.264906690942193990e-01 1.416704597177969871e-01 4.335457441966317910e-02 0.000000000000000000e+00
5.625000000000000000e+03 2.250141192679697699e-01 3.888256713700500855e-01 4.307009558488848477e-01 1.406463359126081114e-01 3.982703686845699004e-02 0.000000000000000000e+00
5.650000000000000000e+03 2.260141820202719032e-01 3.881429221665907980e-01 4.309285389167045732e-01 1.430359581247155343e-01 3.789258079198907364e-02 0.000000000000000000e+00
5.675000000000000000e+03 2.270142447725740364e-01 3.838188438780154588e-01 4.336595357305416676e-01 1.433773327264451503e-01 3.914428766499772339e-02 0.000000000000000000e+00
